100 3190802
1491 3882
399 1298
77 654
969 2638
8485 20670
55 610
1904 4908
703 2106
657 2014
932 2564
1201 3302
1697 4494
462 1424
1201 3302
111632 267364
9044 21988
147380 352660
31852 76604
9044 21988
9300 22700
8660 21020
174684 418068
19844 47788
9044 21988
1635 4370
62788 150476
6932 16964
6308 15516
50 600
4600 11300
565204 1351508
7463 18226
2988 7476
9044 21988
9044 21988
4040 9980
137732 329764
7150 17400
9300 22700
177 854
372 1244
499 1498
15108 36516
11108 26916
2468 6236
1133 3166
1490 3880
865 2430
2468 6236
2468 6236
5974 14648
5972 14644
9532 23164
1872 4844
3964 9828
2799 7098
527708 1261916
7212 17724
3002 7504
21004 50708
47728 114556
565204 1351508
100600 240900
118920 284740
2822 7144
612 1924
6324 15548
9508 23116
9268 22636
11636 28172
210708 504116
2176944 5204588
930 2560
4481 11062
50 600
112 724
14434 34968
0 500
248 996
48 596
820 2340
278 1056
643 1986
1413 3726
1408 3716
0 500
2581 6662
287 1074
2040 5180
289 1078
1380 3660
372 1244
0 500
472 1444
360 1220
0 500
622 1944
3504 8708
5924 14548
2784 7068
