106 106925262
45276 45276   
90552 90552   
181104 181104   
362208 362208   
724416 724416   
1448832 1448832   
2897664 2897664   
5795328 5795328   
11590656 11590656   
23181312 23181312   
46362624 46362624   
92725248 92725248   
70778 70778   
141556 141556   
283112 283112   
566224 566224   
1132448 1132448   
2264896 2264896   
4529792 4529792   
9059584 9059584   
18119168 18119168   
36238336 36238336   
72476672 72476672   
86911 86911   
173822 173822   
347644 347644   
695288 695288   
1390576 1390576   
2781152 2781152   
5562304 5562304   
11124608 11124608   
22249216 22249216   
44498432 44498432   
88996864 88996864   
92634 92634   
185268 185268   
370536 370536   
741072 741072   
1482144 1482144   
2964288 2964288   
5928576 5928576   
11857152 11857152   
23714304 23714304   
47428608 47428608   
94857216 94857216   
97839 97839   
195678 195678   
391356 391356   
782712 782712   
1565424 1565424   
3130848 3130848   
6261696 6261696   
12523392 12523392   
25046784 25046784   
50093568 50093568   
100187136 100187136   
125941 125941   
251882 251882   
503764 503764   
1007528 1007528   
2015056 2015056   
4030112 4030112   
8060224 8060224   
16120448 16120448   
32240896 32240896   
64481792 64481792   
134269 134269   
268538 268538   
537076 537076   
1074152 1074152   
2148304 2148304   
4296608 4296608   
8593216 8593216   
17186432 17186432   
34372864 34372864   
68745728 68745728   
141033 141033   
282066 282066   
564132 564132   
1128264 1128264   
2256528 2256528   
4513056 4513056   
9026112 9026112   
18052224 18052224   
36104448 36104448   
72208896 72208896   
147279 147279   
294558 294558   
589116 589116   
1178232 1178232   
2356464 2356464   
4712928 4712928   
9425856 9425856   
18851712 18851712   
37703424 37703424   
75406848 75406848   
153525 153525   
307050 307050   
614100 614100   
1228200 1228200   
2456400 2456400   
4912800 4912800   
9825600 9825600   
19651200 19651200   
39302400 39302400   
78604800 78604800 
