100 100000
90000 90001
89750 89751
10001 10002
89500 89501
10252 10254
89250 89251
10503 10506
89000 89001
10754 10758
88750 88751
11005 11010
88500 88501
11256 11262
88250 88251
11507 11514
88000 88001
11758 11766
87750 87751
12009 12018
87500 87501
12260 12270
87250 87251
12511 12522
87000 87001
12762 12774
86750 86751
13013 13026
86500 86501
13264 13278
86250 86251
13515 13530
86000 86001
13766 13782
85750 85751
14017 14034
85500 85501
14268 14286
85250 85251
14519 14538
85000 85001
14770 14790
84750 84751
15021 15042
84500 84501
15272 15294
84250 84251
15523 15546
84000 84001
15774 15798
83750 83751
16025 16050
83500 83501
16276 16302
83250 83251
16527 16554
83000 83001
16778 16806
82750 82751
17029 17058
82500 82501
17280 17310
82250 82251
17531 17562
82000 82001
17782 17814
81750 81751
18033 18066
81500 81501
18284 18318
81250 81251
18535 18570
81000 81001
18786 18822
80750 80751
19037 19074
80500 80501
19288 19326
80250 80251
19539 19578
80000 80001
19790 19830
79750 79751
20041 20082
79500 79501
20292 20334
79250 79251
20543 20586
79000 79001
20794 20838
78750 78751
21045 21090
78500 78501
21296 21342
78250 78251
21547 21594
78000 78001
21798 21846
77750 77751
22049 22098
77500 77501
