200 2640230
31860 76620
11884 28868
10492 25484
901 2502
43580 104660
9004 21908
6700 16500
29940 71980
7484 18268
5932 14564
7900 19300
6564 16028
6596 16092
8172 19844
5324 13148
8436 20572
7332 17964
6972 17044
7668 18636
6524 15948
6244 15388
635 1970
5396 13292
13596 32892
51188 122676
13684 33068
8596 20892
156840 375380
7900 19300
6460 15820
14132 34164
4980 12260
5216 12932
6276 15452
701 2102
3084 7868
6924 16948
5500 13500
3148 7996
47844 114788
226844 542788
25748 61996
7012 17124
3440 8580
15580 37660
314 1128
2852 7204
15500 37500
9348 22796
17768 42836
16396 39692
16540 39980
395124 944948
10196 24692
6652 16204
4848 11996
74372 178244
4556 11212
4900 12100
3508 8716
3820 9540
5460 13420
16564 40028
3896 9692
3832 9564
9012 21924
4428 10956
57796 138492
12052 29204
7052 17204
85864 205628
5068 12436
10484 25468
4516 11132
3620 9140
18052 43604
21 542
15804 38108
19020 45940
170844 408788
3732 9364
2920 7340
4120 10340
6828 16756
26252 63204
11676 28252
19916 47932
65488 156876
7172 17644
3772 9444
132868 318036
8332 20364
5308 13116
3780 9460
5208 12916
56788 136076
7172 17644
7868 19236
31412 75524
9252 22604
12276 29652
3712 9324
4516 11132
105876 253452
20084 48468
11492 27884
49092 117684
83452 199804
71372 171044
66572 159644
25268 60836
64292 154084
21228 51156
16812 40524
19260 46420
7740 18980
5632 13964
3256 8212
15580 37660
4824 11948
59700 143100
14500 35100
7208 17716
6028 14756
75716 181332
22364 53828
7636 18572
6444 15788
5192 12884
7388 18076
33156 79612
3032 7564
6628 16156
7036 17172
3200 8100
7300 17900
4452 11004
26364 63428
14036 33972
16932 40964
5788 14276
70476 168852
4552 11204
33980 81660
19300 46500
39628 95156
4484 11068
55044 131988
574 1848
29644 71188
9460 23020
106284 254468
304 1108
3580 8860
6308 15516
10492 25484
12820 31140
14436 34972
5044 12388
1155 3210
12468 30236
4380 10860
9876 24052
8752 21404
8676 21052
42848 102796
22844 54988
6244 15388
314 1128
314 1128
314 1128
314 1128
314 1128
314 1128
387480 926660
314 1128
314 1128
314 1128
314 1128
314 1128
15996 38692
8372 20444
65488 156876
304 1108
4756 11812
5012 12324
304 1108
314 1128
314 1128
314 1128
314 1128
314 1128
314 1128
314 1128
304 1108
1208 3316
47728 114556
314 1128
314 1128
314 1128
