200 100000
90001 90000
89751 89750
10002 10001
89501 89500
10254 10252
89251 89250
10506 10503
89001 89000
10758 10754
88751 88750
11010 11005
88501 88500
11262 11256
88251 88250
11514 11507
88001 88000
11766 11758
87751 87750
12018 12009
87501 87500
12270 12260
87251 87250
12522 12511
87001 87000
12774 12762
86751 86750
13026 13013
86501 86500
13278 13264
86251 86250
13530 13515
86001 86000
13782 13766
85751 85750
14034 14017
85501 85500
14286 14268
85251 85250
14538 14519
85001 85000
14790 14770
84751 84750
15042 15021
84501 84500
15294 15272
84251 84250
15546 15523
84001 84000
15798 15774
83751 83750
16050 16025
83501 83500
16302 16276
83251 83250
16554 16527
83001 83000
16806 16778
82751 82750
17058 17029
82501 82500
17310 17280
82251 82250
17562 17531
82001 82000
17814 17782
81751 81750
18066 18033
81501 81500
18318 18284
81251 81250
18570 18535
81001 81000
18822 18786
80751 80750
19074 19037
80501 80500
19326 19288
80251 80250
19578 19539
80001 80000
19830 19790
79751 79750
20082 20041
79501 79500
20334 20292
79251 79250
20586 20543
79001 79000
20838 20794
78751 78750
21090 21045
78501 78500
21342 21296
78251 78250
21594 21547
78001 78000
21846 21798
77751 77750
22098 22049
77501 77500
22350 22300
77251 77250
22602 22551
77001 77000
22854 22802
76751 76750
23106 23053
76501 76500
23358 23304
76251 76250
23610 23555
76001 76000
23862 23806
75751 75750
24114 24057
75501 75500
24366 24308
75251 75250
24618 24559
75001 75000
24870 24810
74751 74750
25122 25061
74501 74500
25374 25312
74251 74250
25626 25563
74001 74000
25878 25814
73751 73750
26130 26065
73501 73500
26382 26316
73251 73250
26634 26567
73001 73000
26886 26818
72751 72750
27138 27069
72501 72500
27390 27320
72251 72250
27642 27571
72001 72000
27894 27822
71751 71750
28146 28073
71501 71500
28398 28324
71251 71250
28650 28575
71001 71000
28902 28826
70751 70750
29154 29077
70501 70500
29406 29328
70251 70250
29658 29579
70001 70000
29910 29830
69751 69750
30162 30081
69501 69500
30414 30332
69251 69250
30666 30583
69001 69000
30918 30834
68751 68750
31170 31085
68501 68500
31422 31336
68251 68250
31674 31587
68001 68000
31926 31838
67751 67750
32178 32089
67501 67500
32430 32340
67251 67250
32682 32591
67001 67000
32934 32842
66751 66750
33186 33093
66501 66500
33438 33344
66251 66250
33690 33595
66001 66000
33942 33846
65751 65750
34194 34097
65501 65500
34446 34348
65251 65250
34698 34599
68451 68450
