400 9486367
31860 76620
11884 28868
10492 25484
901 2502
43580 104660
9004 21908
6700 16500
29940 71980
7484 18268
5932 14564
7900 19300
6564 16028
6596 16092
8172 19844
5324 13148
8436 20572
7332 17964
6972 17044
7668 18636
6524 15948
6244 15388
635 1970
5396 13292
13596 32892
51188 122676
13684 33068
8596 20892
156840 375380
7900 19300
6460 15820
14132 34164
4980 12260
5216 12932
6276 15452
701 2102
3084 7868
6924 16948
5500 13500
3148 7996
47844 114788
226844 542788
25748 61996
7012 17124
3440 8580
15580 37660
314 1128
2852 7204
15500 37500
9348 22796
17768 42836
16396 39692
16540 39980
395124 944948
10196 24692
6652 16204
4848 11996
74372 178244
4556 11212
4900 12100
3508 8716
3820 9540
5460 13420
16564 40028
3896 9692
3832 9564
9012 21924
4428 10956
57796 138492
12052 29204
7052 17204
85864 205628
5068 12436
10484 25468
4516 11132
3620 9140
18052 43604
21 542
15804 38108
19020 45940
170844 408788
3732 9364
2920 7340
4120 10340
6828 16756
26252 63204
11676 28252
19916 47932
65488 156876
7172 17644
3772 9444
132868 318036
8332 20364
5308 13116
3780 9460
5208 12916
56788 136076
7172 17644
7868 19236
31412 75524
9252 22604
12276 29652
3712 9324
4516 11132
105876 253452
20084 48468
11492 27884
49092 117684
83452 199804
71372 171044
66572 159644
25268 60836
64292 154084
21228 51156
16812 40524
19260 46420
7740 18980
5632 13964
3256 8212
15580 37660
4824 11948
59700 143100
14500 35100
7208 17716
6028 14756
75716 181332
22364 53828
7636 18572
6444 15788
5192 12884
7388 18076
33156 79612
3032 7564
6628 16156
7036 17172
3200 8100
7300 17900
4452 11004
26364 63428
14036 33972
16932 40964
5788 14276
70476 168852
4552 11204
33980 81660
19300 46500
39628 95156
4484 11068
55044 131988
574 1848
29644 71188
9460 23020
106284 254468
304 1108
3580 8860
6308 15516
10492 25484
12820 31140
14436 34972
5044 12388
1155 3210
12468 30236
4380 10860
9876 24052
8752 21404
8676 21052
42848 102796
22844 54988
6244 15388
314 1128
314 1128
314 1128
314 1128
314 1128
314 1128
387480 926660
314 1128
314 1128
314 1128
314 1128
314 1128
15996 38692
8372 20444
65488 156876
304 1108
4756 11812
5012 12324
304 1108
314 1128
314 1128
314 1128
314 1128
314 1128
314 1128
314 1128
304 1108
1208 3316
47728 114556
314 1128
314 1128
314 1128
314 1128
314 1128
314 1128
104036 249172
5248 12996
312 1124
24468 58836
7716 18932
30180 72460
4824 11948
1120 3140
11496 27892
4916 12132
14428 34956
24948 59996
41100 98700
28692 69084
826 2352
3073 7846
7684 18868
5604 13708
17188 41476
34828 83756
7540 18380
8004 19508
2648 6796
5124 12748
3096 7892
166516 398532
13756 33212
9980 24260
15980 38660
9056 22012
5052 12404
8212 20124
11164 27028
13036 31572
23596 56892
2028 5156
7584 18468
5772 14244
4124 10348
5368 13236
4364 10828
5604 13708
8500 20700
7676 18652
8636 20972
4588 11276
4152 10404
4860 12020
5484 13468
8636 20972
5140 12780
236380 565460
116500 278900
36480 87660
16968 41036
5232 12964
13280 32060
138032 330364
9044 21988
22028 53156
4632 11564
13196 31892
65404 156708
28940 69580
865 2430
45988 110276
670 2040
4820 11940
41356 99212
39844 95588
897 2494
4028 9956
7924 19348
47756 114612
47036 112772
25908 62316
4516 11132
29460 70820
7964 19428
16964 41028
22196 53492
68140 163380
80924 193948
63700 152700
20860 50220
1682 4464
16804 40508
3195 8090
60348 144596
1901 4902
67468 161636
4772 11844
11196 27092
25836 62172
49676 119252
6188 15276
15588 37676
4412 10924
26564 63828
16412 39724
8108 19716
6084 14868
9884 24068
4224 10548
14660 35420
25708 61916
39228 94156
40748 97796
40748 97796
64276 154052
114356 273812
14724 35548
4540 11180
11612 28124
4972 12244
10060 24420
14548 35196
3136 7972
9132 22164
5752 14204
10100 24500
12172 29444
24428 58756
3336 8372
4356 10812
8652 21004
14492 35084
8796 21492
6408 15716
6056 14812
10124 24548
387480 926660
18188 43876
7732 18964
9492 23084
7300 17900
10052 24404
19604 47308
6644 16188
107364 257028
91812 219924
4620 11540
42848 102796
33268 79836
13260 32020
6564 16028
6524 15948
13596 32892
13596 32892
47844 114788
226844 542788
226844 542788
226844 542788
226844 542788
85864 205628
170844 408788
56788 136076
6628 16156
10492 25484
104036 249172
14428 34956
14428 34956
22028 53156
22028 53156
22028 53156
25836 62172
11612 28124
11612 28124
11612 28124
85872 205644
1377 3654
1365820 3265540
562272 1344644
1445900 3457100
501060 1198220
106224 254348
492496 1177692
387824 927548
151320 362140
109924 263148
105696 253092
96404 230908
107732 257964
42140 101180
102896 246292
4036 9972
19616 47332
100948 241796
1417728 3389756
62604 150108
491820 1176140
33740 80980
25216 60732
111716 267532
400156 957012
108800 260500
1211040 2895580
