82 104723596
13211 13211 
26422 26422 
52844 52844 
105688 105688 
211376 211376 
422752 422752 
845504 845504 
1691008 1691008 
3382016 3382016 
6764032 6764032 
13528064 13528064 
27056128 27056128 
54112256 54112256 
13212 13212 
26424 26424 
52848 52848 
105696 105696 
211392 211392 
422784 422784 
845568 845568
1691136 1691136 
3382272 3382272 
6764544 6764544 
13529088 13529088 
27058176 27058176 
54116352 54116352 
39638 39638 
79276 79276 
158552 158552
317104 317104 
634208 634208 
1268416 1268416 
2536832 2536832 
5073664 5073664 
10147328 10147328 
20294656 20294656 
40589312 40589312 
81178624 81178624
52844 52844 
105688 105688 
211376 211376 
422752 422752 
845504 845504 
1691008 1691008 
3382016 3382016 
6764032 6764032 
13528064 13528064
27056128 27056128 
54112256 54112256 
66060 66060 
132120 132120 
264240 264240 
528480 528480 
1056960 1056960 
2113920 2113920 
4227840 4227840
8455680 8455680 
16911360 16911360 
33822720 33822720 
67645440 67645440 
79268 79268 
158536 158536 
317072 317072 
634144 634144 
1268288 1268288
2536576 2536576 
5073152 5073152 
10146304 10146304 
20292608 20292608 
40585216 40585216 
81170432 81170432 
92482 92482 
184964 184964 
369928 369928
739856 739856 
1479712 1479712 
2959424 2959424 
5918848 5918848 
11837696 11837696 
23675392 23675392 
47350784 47350784 
94701568 94701568
