50 350
0 3
0 5
0 8
0 10
0 42
0 43
0 45
0 49
1 5
1 13
1 15
1 16
1 20
1 22
1 24
1 25
1 27
1 31
1 35
1 39
1 45
1 46
1 47
2 3
2 9
2 10
2 12
2 15
2 21
2 28
2 36
2 42
2 46
2 47
2 48
3 5
3 7
3 8
3 9
3 11
3 25
3 30
3 33
3 35
3 36
3 40
3 45
4 12
4 15
4 16
4 20
4 24
4 26
4 27
4 30
4 40
4 43
4 44
4 45
4 47
5 7
5 18
5 25
5 32
5 37
5 42
5 43
5 45
5 46
5 49
6 15
6 16
6 17
6 18
6 20
6 23
6 24
6 28
6 29
6 33
6 35
6 37
6 41
6 43
6 45
6 46
7 9
7 14
7 18
7 20
7 21
7 22
7 24
7 26
7 31
7 32
7 35
7 37
7 40
7 41
7 44
7 46
7 47
7 49
8 11
8 16
8 17
8 20
8 27
8 28
8 31
8 32
8 34
8 41
8 43
8 47
9 10
9 12
9 14
9 15
9 19
9 25
9 26
9 33
9 35
9 38
9 43
9 44
10 17
10 19
10 20
10 30
10 31
10 37
10 38
10 39
10 42
11 15
11 18
11 20
11 22
11 28
11 31
11 32
11 33
11 34
11 35
11 37
11 41
11 46
11 47
12 14
12 16
12 17
12 20
12 28
12 29
12 31
12 43
12 45
12 48
12 49
13 14
13 15
13 19
13 20
13 23
13 24
13 26
13 29
13 41
14 19
14 23
14 26
14 29
14 37
14 39
14 48
14 49
15 16
15 19
15 27
15 30
15 31
15 33
15 44
15 48
15 49
16 17
16 19
16 25
16 29
16 30
16 33
16 35
16 38
16 41
16 46
16 48
17 22
17 23
17 29
17 32
17 33
17 44
17 45
17 46
18 22
18 28
18 31
18 33
18 35
18 42
19 23
19 26
19 29
19 38
19 39
19 42
19 43
19 45
19 47
19 49
20 24
20 28
20 37
20 40
20 42
20 44
20 47
21 22
21 24
21 25
21 37
21 44
21 45
22 27
22 29
22 30
22 32
22 41
22 44
22 47
22 48
22 49
23 27
23 29
23 32
23 34
23 42
23 43
24 25
24 27
24 32
24 40
24 48
25 34
25 45
25 46
25 48
26 27
26 29
26 30
26 32
26 33
26 36
26 42
26 48
27 29
27 30
27 32
27 35
27 41
27 44
27 45
27 47
27 48
28 33
28 34
28 35
28 36
28 37
28 43
28 45
29 31
29 35
29 43
29 44
29 45
30 31
30 37
30 39
31 33
31 36
31 38
31 40
31 46
31 48
32 34
32 35
32 36
32 39
32 42
32 45
32 47
32 49
33 34
33 39
33 41
33 43
33 44
33 45
33 46
33 47
34 35
34 40
34 43
34 44
34 45
35 36
35 39
35 40
35 41
35 42
35 45
36 42
36 45
36 47
36 49
37 38
37 39
37 43
38 41
38 42
38 48
40 45
40 46
40 47
41 42
41 44
42 44
42 47
42 49
43 44
43 47
44 45
44 49
45 47
45 49
46 47
