50 133
0 5
0 15
0 32
0 44
0 47
1 4
1 22
1 47
2 5
2 7
2 14
2 22
2 30
2 33
2 42
3 7
3 11
3 12
3 25
3 47
3 49
4 13
4 24
4 45
5 14
5 41
5 44
6 8
6 33
6 49
7 8
7 18
7 30
7 41
7 43
7 47
8 10
8 26
8 32
8 36
8 39
8 47
9 24
9 48
10 18
10 24
10 32
10 40
10 41
10 47
11 13
11 19
11 27
11 36
11 48
11 49
12 23
12 24
12 41
13 33
14 23
14 26
14 45
15 21
15 25
15 29
15 48
16 18
16 19
16 24
16 27
16 30
16 39
16 46
17 19
17 20
17 23
17 44
17 49
18 22
18 30
18 37
19 26
19 36
19 38
19 41
19 46
20 30
20 40
21 35
21 40
21 48
22 34
22 35
22 37
23 39
25 37
25 38
25 46
25 49
26 27
26 43
26 47
27 42
27 43
27 46
27 47
27 49
28 43
28 44
29 40
29 45
30 38
30 40
30 47
31 32
31 35
32 36
32 44
32 48
33 34
33 40
35 39
37 48
38 48
39 46
40 43
41 49
44 45
44 47
45 49
46 47
47 49
