500 12565
0 27
0 28
0 53
0 55
0 58
0 66
0 81
0 101
0 119
0 124
0 127
0 144
0 153
0 169
0 178
0 183
0 191
0 198
0 206
0 232
0 235
0 276
0 278
0 320
0 327
0 329
0 340
0 352
0 354
0 363
0 364
0 367
0 371
0 390
0 393
0 402
0 407
0 411
0 414
0 420
0 433
0 437
0 449
0 454
0 456
0 461
0 464
0 466
0 479
0 493
0 494
0 499
1 27
1 29
1 30
1 32
1 48
1 51
1 53
1 61
1 62
1 63
1 88
1 95
1 105
1 131
1 138
1 172
1 184
1 185
1 189
1 199
1 200
1 218
1 224
1 230
1 247
1 260
1 262
1 263
1 267
1 270
1 285
1 308
1 313
1 317
1 328
1 338
1 354
1 359
1 371
1 393
1 403
1 404
1 407
1 417
1 418
1 419
1 427
1 429
1 454
1 461
1 470
1 483
1 487
1 490
1 495
1 498
2 11
2 12
2 20
2 23
2 29
2 33
2 42
2 44
2 50
2 63
2 69
2 79
2 88
2 91
2 93
2 95
2 108
2 112
2 119
2 124
2 135
2 136
2 145
2 147
2 159
2 182
2 185
2 193
2 227
2 233
2 248
2 249
2 253
2 255
2 263
2 267
2 302
2 319
2 325
2 328
2 343
2 366
2 370
2 372
2 376
2 380
2 389
2 390
2 401
2 403
2 404
2 426
2 437
2 438
2 450
2 480
2 484
2 493
3 37
3 61
3 82
3 98
3 105
3 109
3 132
3 155
3 156
3 167
3 174
3 210
3 218
3 224
3 225
3 228
3 239
3 270
3 301
3 304
3 307
3 318
3 319
3 323
3 352
3 367
3 369
3 379
3 381
3 391
3 402
3 428
3 434
3 444
3 453
3 460
3 491
3 495
4 9
4 15
4 56
4 76
4 102
4 111
4 128
4 145
4 154
4 157
4 175
4 186
4 198
4 202
4 208
4 210
4 224
4 228
4 241
4 242
4 251
4 257
4 258
4 272
4 273
4 311
4 317
4 322
4 336
4 371
4 385
4 393
4 408
4 421
4 424
4 426
4 442
4 455
4 466
4 477
5 6
5 7
5 12
5 37
5 56
5 57
5 97
5 114
5 132
5 134
5 135
5 148
5 157
5 168
5 172
5 181
5 201
5 207
5 209
5 210
5 216
5 223
5 224
5 226
5 234
5 241
5 247
5 248
5 254
5 258
5 272
5 278
5 279
5 284
5 285
5 303
5 305
5 309
5 356
5 363
5 365
5 379
5 389
5 407
5 413
5 427
5 428
5 437
5 438
5 439
5 445
5 454
5 478
6 7
6 13
6 37
6 42
6 60
6 81
6 82
6 100
6 106
6 115
6 123
6 129
6 144
6 145
6 149
6 151
6 182
6 191
6 196
6 198
6 205
6 221
6 244
6 245
6 273
6 288
6 298
6 299
6 309
6 320
6 330
6 332
6 334
6 336
6 341
6 385
6 392
6 397
6 400
6 401
6 407
6 410
6 417
6 431
6 434
6 438
6 461
6 467
6 477
6 480
6 491
6 496
7 9
7 13
7 16
7 56
7 68
7 69
7 78
7 117
7 128
7 129
7 142
7 158
7 162
7 163
7 184
7 190
7 191
7 215
7 230
7 232
7 235
7 253
7 260
7 270
7 295
7 296
7 303
7 315
7 323
7 331
7 341
7 369
7 375
7 387
7 389
7 399
7 400
7 409
7 410
7 420
7 450
7 464
7 471
7 478
7 479
7 480
7 487
7 489
7 499
8 15
8 18
8 43
8 55
8 64
8 70
8 77
8 81
8 83
8 138
8 151
8 157
8 158
8 177
8 188
8 195
8 206
8 222
8 224
8 234
8 239
8 255
8 257
8 274
8 320
8 331
8 337
8 342
8 347
8 389
8 401
8 414
8 427
8 435
8 456
8 473
8 474
8 475
8 479
8 482
9 23
9 24
9 38
9 50
9 60
9 62
9 63
9 96
9 105
9 108
9 112
9 120
9 122
9 126
9 134
9 139
9 156
9 162
9 179
9 183
9 185
9 193
9 195
9 206
9 210
9 215
9 223
9 242
9 246
9 252
9 259
9 273
9 281
9 286
9 321
9 322
9 325
9 332
9 359
9 366
9 396
9 397
9 401
9 411
9 418
9 432
9 451
9 453
9 469
9 471
9 496
10 37
10 45
10 58
10 73
10 76
10 81
10 91
10 115
10 132
10 136
10 146
10 148
10 154
10 160
10 161
10 170
10 173
10 178
10 188
10 192
10 197
10 201
10 213
10 225
10 256
10 276
10 290
10 300
10 313
10 315
10 352
10 363
10 368
10 374
10 407
10 431
10 440
10 442
10 456
10 482
11 20
11 25
11 30
11 44
11 54
11 58
11 68
11 76
11 81
11 87
11 97
11 101
11 115
11 121
11 127
11 128
11 132
11 140
11 151
11 158
11 160
11 169
11 182
11 191
11 198
11 210
11 225
11 260
11 261
11 276
11 281
11 301
11 309
11 349
11 352
11 354
11 356
11 360
11 361
11 389
11 390
11 404
11 405
11 415
11 421
11 423
11 425
11 440
11 457
11 476
11 480
11 483
11 496
12 20
12 36
12 41
12 43
12 51
12 68
12 87
12 88
12 126
12 136
12 149
12 163
12 169
12 173
12 175
12 176
12 192
12 210
12 226
12 231
12 234
12 237
12 265
12 271
12 275
12 295
12 300
12 303
12 310
12 321
12 337
12 341
12 343
12 353
12 369
12 377
12 383
12 391
12 410
12 416
12 418
12 423
12 482
12 492
13 30
13 34
13 42
13 57
13 65
13 95
13 112
13 128
13 132
13 139
13 143
13 145
13 156
13 158
13 163
13 164
13 166
13 171
13 188
13 210
13 216
13 230
13 233
13 235
13 239
13 245
13 247
13 261
13 268
13 269
13 273
13 277
13 278
13 281
13 298
13 299
13 311
13 317
13 318
13 330
13 354
13 381
13 409
13 412
13 413
13 416
13 417
13 439
13 445
13 450
13 473
13 477
13 480
13 484
13 498
14 20
14 28
14 33
14 42
14 46
14 57
14 58
14 65
14 68
14 69
14 71
14 75
14 76
14 79
14 102
14 110
14 152
14 177
14 178
14 184
14 186
14 187
14 209
14 212
14 229
14 230
14 233
14 241
14 254
14 259
14 264
14 282
14 303
14 308
14 313
14 316
14 318
14 333
14 337
14 339
14 344
14 363
14 385
14 393
14 395
14 406
14 421
14 437
14 461
14 467
14 469
14 472
14 492
15 16
15 18
15 42
15 51
15 64
15 67
15 69
15 75
15 87
15 89
15 100
15 106
15 120
15 131
15 175
15 179
15 190
15 194
15 206
15 209
15 213
15 218
15 228
15 230
15 236
15 251
15 265
15 269
15 271
15 272
15 274
15 275
15 287
15 289
15 293
15 301
15 320
15 321
15 336
15 339
15 358
15 365
15 369
15 393
15 396
15 397
15 402
15 407
15 410
15 413
15 419
15 449
15 472
15 475
15 484
16 28
16 34
16 36
16 40
16 58
16 62
16 64
16 70
16 71
16 89
16 105
16 133
16 154
16 183
16 185
16 204
16 257
16 261
16 267
16 279
16 297
16 299
16 321
16 350
16 357
16 363
16 364
16 373
16 374
16 397
16 400
16 409
16 432
16 435
16 445
16 451
16 466
16 468
16 482
16 494
16 499
17 22
17 31
17 52
17 58
17 61
17 80
17 82
17 92
17 111
17 115
17 119
17 131
17 156
17 167
17 177
17 185
17 213
17 215
17 219
17 220
17 221
17 229
17 235
17 267
17 290
17 305
17 306
17 312
17 318
17 328
17 335
17 340
17 341
17 354
17 361
17 366
17 378
17 390
17 391
17 398
17 402
17 407
17 410
17 411
17 412
17 414
17 420
17 427
17 429
17 434
17 439
17 442
17 447
18 25
18 27
18 32
18 38
18 40
18 56
18 108
18 119
18 120
18 123
18 130
18 137
18 141
18 167
18 187
18 198
18 209
18 221
18 224
18 233
18 239
18 247
18 259
18 263
18 284
18 317
18 325
18 339
18 347
18 372
18 387
18 399
18 404
18 427
18 446
18 456
18 457
18 471
18 488
18 493
18 494
18 499
19 20
19 24
19 28
19 36
19 59
19 78
19 82
19 83
19 92
19 96
19 117
19 122
19 123
19 126
19 170
19 187
19 195
19 204
19 207
19 210
19 219
19 220
19 222
19 244
19 248
19 257
19 262
19 273
19 274
19 293
19 299
19 303
19 310
19 321
19 323
19 333
19 342
19 348
19 358
19 373
19 374
19 397
19 401
19 407
19 429
19 441
19 444
19 448
19 454
19 463
19 472
19 475
19 482
20 26
20 38
20 41
20 56
20 58
20 60
20 73
20 74
20 93
20 115
20 140
20 146
20 151
20 166
20 186
20 187
20 190
20 211
20 218
20 220
20 232
20 239
20 244
20 254
20 260
20 264
20 266
20 282
20 283
20 293
20 308
20 319
20 359
20 360
20 362
20 366
20 426
20 427
20 436
20 446
20 453
20 455
20 456
20 458
20 464
20 472
20 479
20 482
20 485
20 498
21 40
21 41
21 44
21 55
21 71
21 90
21 91
21 94
21 100
21 105
21 119
21 126
21 131
21 135
21 144
21 145
21 148
21 149
21 153
21 159
21 161
21 165
21 215
21 225
21 258
21 264
21 273
21 278
21 284
21 301
21 316
21 317
21 319
21 324
21 327
21 328
21 332
21 346
21 347
21 350
21 354
21 361
21 380
21 383
21 387
21 399
21 401
21 403
21 411
21 454
21 456
21 460
21 473
21 474
21 484
22 25
22 35
22 41
22 52
22 59
22 81
22 86
22 91
22 102
22 108
22 130
22 131
22 145
22 148
22 149
22 175
22 176
22 186
22 218
22 233
22 234
22 242
22 249
22 250
22 251
22 252
22 258
22 273
22 277
22 281
22 289
22 291
22 293
22 301
22 310
22 314
22 315
22 343
22 354
22 373
22 377
22 386
22 410
22 425
22 433
22 437
22 448
22 462
22 467
22 472
22 474
22 476
22 478
22 479
23 35
23 40
23 55
23 56
23 71
23 94
23 111
23 117
23 124
23 130
23 140
23 143
23 145
23 155
23 197
23 206
23 212
23 232
23 238
23 252
23 264
23 271
23 282
23 292
23 321
23 337
23 342
23 361
23 379
23 414
23 433
23 437
23 441
23 452
23 454
23 474
23 478
23 487
23 497
24 56
24 69
24 80
24 82
24 98
24 108
24 112
24 122
24 127
24 132
24 144
24 150
24 152
24 159
24 164
24 173
24 176
24 178
24 212
24 219
24 257
24 266
24 270
24 280
24 283
24 288
24 302
24 303
24 312
24 324
24 342
24 355
24 356
24 360
24 378
24 381
24 383
24 392
24 402
24 405
24 413
24 416
24 424
24 431
24 447
24 452
24 456
24 472
24 474
25 34
25 35
25 55
25 60
25 66
25 76
25 90
25 105
25 111
25 123
25 124
25 125
25 126
25 138
25 148
25 151
25 157
25 166
25 167
25 168
25 196
25 198
25 199
25 203
25 221
25 229
25 238
25 239
25 248
25 258
25 261
25 271
25 295
25 297
25 305
25 309
25 323
25 333
25 338
25 368
25 371
25 374
25 380
25 385
25 389
25 393
25 397
25 416
25 417
25 427
25 437
25 443
25 471
25 485
26 38
26 45
26 46
26 54
26 78
26 81
26 91
26 95
26 101
26 111
26 137
26 138
26 156
26 161
26 165
26 187
26 190
26 205
26 208
26 218
26 234
26 237
26 248
26 268
26 280
26 292
26 295
26 301
26 320
26 331
26 336
26 341
26 347
26 380
26 384
26 387
26 402
26 415
26 429
26 433
26 462
26 478
26 481
26 485
26 491
26 495
26 497
26 498
27 41
27 51
27 60
27 74
27 80
27 85
27 87
27 88
27 100
27 105
27 111
27 118
27 120
27 123
27 128
27 135
27 137
27 143
27 148
27 161
27 183
27 193
27 199
27 202
27 213
27 226
27 248
27 256
27 279
27 287
27 303
27 312
27 315
27 319
27 324
27 337
27 340
27 347
27 350
27 357
27 358
27 361
27 363
27 376
27 420
27 441
27 457
27 459
27 462
27 465
27 467
27 482
27 485
27 490
27 495
28 41
28 43
28 49
28 50
28 54
28 63
28 67
28 72
28 79
28 87
28 89
28 91
28 94
28 107
28 111
28 124
28 133
28 134
28 140
28 143
28 146
28 179
28 188
28 190
28 201
28 209
28 220
28 247
28 258
28 261
28 262
28 285
28 302
28 314
28 318
28 332
28 335
28 339
28 350
28 351
28 354
28 361
28 370
28 378
28 382
28 385
28 390
28 412
28 443
28 477
29 32
29 50
29 52
29 64
29 69
29 89
29 93
29 98
29 104
29 126
29 128
29 136
29 141
29 153
29 179
29 212
29 215
29 224
29 231
29 234
29 235
29 238
29 244
29 255
29 286
29 306
29 314
29 353
29 362
29 365
29 366
29 389
29 406
29 433
29 458
29 460
29 480
29 494
30 36
30 37
30 39
30 54
30 78
30 82
30 101
30 117
30 127
30 142
30 148
30 189
30 198
30 217
30 227
30 228
30 229
30 232
30 234
30 235
30 286
30 297
30 307
30 321
30 324
30 339
30 353
30 377
30 379
30 380
30 386
30 392
30 433
30 442
30 451
30 455
30 456
30 475
30 489
30 495
31 42
31 50
31 79
31 92
31 93
31 103
31 104
31 105
31 150
31 161
31 162
31 192
31 200
31 201
31 221
31 228
31 244
31 253
31 261
31 300
31 316
31 324
31 334
31 375
31 400
31 419
31 423
31 427
31 429
31 435
31 443
31 456
31 491
31 495
32 61
32 65
32 82
32 90
32 93
32 121
32 129
32 134
32 142
32 144
32 167
32 174
32 183
32 199
32 213
32 225
32 229
32 238
32 256
32 260
32 276
32 286
32 288
32 298
32 304
32 320
32 339
32 355
32 366
32 376
32 382
32 404
32 406
32 413
32 414
32 451
32 468
32 480
32 493
33 38
33 45
33 71
33 72
33 109
33 110
33 111
33 115
33 119
33 126
33 131
33 142
33 146
33 158
33 163
33 175
33 186
33 190
33 193
33 200
33 201
33 209
33 217
33 229
33 252
33 295
33 311
33 317
33 333
33 348
33 363
33 374
33 378
33 382
33 402
33 409
33 428
33 446
33 451
33 456
33 465
33 476
33 494
33 497
34 40
34 73
34 93
34 99
34 100
34 111
34 118
34 121
34 145
34 150
34 156
34 157
34 174
34 185
34 187
34 193
34 201
34 211
34 220
34 239
34 251
34 260
34 271
34 274
34 281
34 286
34 288
34 292
34 293
34 297
34 313
34 321
34 329
34 354
34 370
34 384
34 390
34 392
34 403
34 414
34 418
34 420
34 421
34 427
34 443
34 479
34 483
34 495
35 45
35 46
35 77
35 81
35 82
35 85
35 94
35 98
35 117
35 143
35 151
35 152
35 187
35 197
35 206
35 207
35 242
35 243
35 251
35 274
35 276
35 278
35 295
35 300
35 301
35 306
35 307
35 308
35 319
35 328
35 334
35 343
35 349
35 376
35 383
35 387
35 396
35 411
35 415
35 438
35 457
35 459
35 461
35 468
35 481
35 487
35 489
36 48
36 66
36 71
36 72
36 75
36 79
36 116
36 136
36 144
36 157
36 160
36 161
36 168
36 173
36 204
36 231
36 233
36 242
36 247
36 265
36 281
36 293
36 296
36 301
36 314
36 323
36 324
36 338
36 372
36 377
36 379
36 390
36 395
36 403
36 412
36 422
36 423
36 431
36 439
36 453
36 465
36 467
36 475
36 478
36 485
37 49
37 50
37 57
37 58
37 62
37 81
37 90
37 106
37 136
37 152
37 157
37 159
37 175
37 177
37 178
37 191
37 212
37 217
37 233
37 255
37 259
37 260
37 261
37 272
37 276
37 282
37 285
37 286
37 287
37 310
37 347
37 357
37 385
37 394
37 402
37 407
37 410
37 412
37 415
37 431
37 434
37 437
37 443
37 454
37 456
37 470
38 42
38 44
38 75
38 82
38 115
38 138
38 141
38 145
38 155
38 157
38 163
38 171
38 186
38 196
38 207
38 220
38 231
38 249
38 271
38 287
38 289
38 291
38 317
38 323
38 352
38 367
38 373
38 378
38 396
38 409
38 418
38 425
38 444
38 450
38 453
38 458
38 459
38 464
38 477
38 498
39 46
39 73
39 87
39 108
39 110
39 111
39 131
39 139
39 144
39 150
39 162
39 163
39 169
39 199
39 215
39 235
39 236
39 258
39 266
39 273
39 274
39 278
39 281
39 297
39 337
39 338
39 346
39 355
39 366
39 381
39 383
39 395
39 402
39 406
39 415
39 418
39 421
39 440
39 443
39 461
39 468
39 485
39 499
40 62
40 77
40 81
40 95
40 102
40 106
40 109
40 110
40 123
40 134
40 146
40 149
40 159
40 180
40 185
40 189
40 224
40 228
40 230
40 233
40 246
40 251
40 264
40 277
40 280
40 283
40 305
40 332
40 375
40 376
40 387
40 400
40 401
40 403
40 424
40 431
40 435
40 454
40 456
40 461
40 473
40 475
40 483
40 484
41 46
41 58
41 66
41 72
41 102
41 106
41 111
41 126
41 145
41 166
41 170
41 198
41 219
41 220
41 236
41 247
41 250
41 255
41 259
41 262
41 270
41 273
41 294
41 321
41 329
41 331
41 334
41 337
41 343
41 347
41 348
41 350
41 373
41 377
41 382
41 387
41 417
41 448
41 460
41 461
41 463
41 467
41 486
41 496
42 44
42 62
42 64
42 68
42 69
42 71
42 85
42 86
42 102
42 119
42 121
42 131
42 142
42 151
42 162
42 163
42 168
42 180
42 199
42 203
42 219
42 224
42 234
42 264
42 267
42 275
42 286
42 299
42 325
42 336
42 346
42 361
42 373
42 383
42 390
42 396
42 400
42 401
42 426
42 427
42 431
42 435
42 445
42 448
42 454
42 469
42 475
42 497
43 51
43 67
43 68
43 69
43 80
43 98
43 105
43 112
43 124
43 133
43 146
43 151
43 153
43 160
43 164
43 165
43 166
43 174
43 186
43 225
43 231
43 243
43 245
43 260
43 269
43 274
43 307
43 319
43 342
43 350
43 369
43 371
43 376
43 387
43 394
43 400
43 420
43 433
43 459
43 469
43 479
43 491
43 492
44 103
44 127
44 130
44 132
44 136
44 140
44 158
44 160
44 163
44 173
44 180
44 187
44 190
44 195
44 197
44 202
44 225
44 240
44 246
44 248
44 254
44 271
44 273
44 289
44 300
44 310
44 350
44 365
44 369
44 376
44 400
44 407
44 430
44 434
44 445
44 460
44 461
44 462
44 463
44 477
44 479
44 483
44 488
44 491
44 498
44 499
45 55
45 63
45 75
45 84
45 95
45 104
45 119
45 125
45 130
45 132
45 134
45 160
45 194
45 195
45 197
45 216
45 220
45 229
45 230
45 245
45 247
45 259
45 264
45 271
45 272
45 281
45 284
45 297
45 316
45 330
45 331
45 345
45 350
45 356
45 359
45 363
45 379
45 381
45 382
45 390
45 395
45 396
45 397
45 406
45 421
45 430
45 432
45 439
45 442
45 443
45 445
45 451
45 462
45 463
45 464
45 495
45 497
45 498
45 499
46 49
46 66
46 72
46 85
46 88
46 96
46 112
46 128
46 133
46 145
46 152
46 154
46 160
46 162
46 178
46 182
46 189
46 197
46 221
46 233
46 243
46 271
46 274
46 290
46 292
46 295
46 304
46 314
46 328
46 336
46 348
46 351
46 361
46 365
46 372
46 380
46 383
46 395
46 404
46 409
46 411
46 416
46 435
46 438
46 443
46 453
46 456
46 457
46 473
46 476
46 494
46 495
46 496
47 51
47 53
47 57
47 63
47 77
47 79
47 96
47 99
47 104
47 107
47 110
47 125
47 134
47 144
47 148
47 150
47 167
47 173
47 178
47 182
47 192
47 215
47 225
47 255
47 261
47 265
47 271
47 280
47 295
47 309
47 315
47 319
47 325
47 337
47 346
47 349
47 380
47 395
47 405
47 410
47 424
47 434
47 439
47 440
47 453
47 460
47 462
47 464
47 470
47 477
47 478
47 499
48 57
48 64
48 78
48 85
48 94
48 102
48 104
48 111
48 121
48 129
48 166
48 174
48 177
48 181
48 185
48 208
48 221
48 248
48 250
48 256
48 264
48 274
48 276
48 288
48 289
48 291
48 314
48 320
48 322
48 353
48 357
48 376
48 382
48 387
48 404
48 408
48 410
48 421
48 422
48 429
48 439
48 442
48 455
48 461
48 499
49 52
49 55
49 62
49 64
49 65
49 73
49 74
49 96
49 129
49 156
49 157
49 164
49 171
49 176
49 193
49 208
49 216
49 226
49 260
49 269
49 279
49 295
49 297
49 307
49 314
49 317
49 349
49 350
49 360
49 368
49 385
49 395
49 401
49 426
49 430
49 446
49 447
49 458
49 467
49 474
49 477
49 484
50 52
50 57
50 79
50 83
50 84
50 94
50 96
50 127
50 136
50 176
50 185
50 191
50 205
50 207
50 213
50 233
50 235
50 238
50 253
50 262
50 263
50 264
50 269
50 271
50 272
50 281
50 282
50 287
50 290
50 292
50 299
50 304
50 305
50 318
50 326
50 330
50 333
50 337
50 364
50 403
50 411
50 415
50 422
50 434
50 440
50 486
50 494
51 52
51 67
51 71
51 75
51 76
51 95
51 96
51 109
51 114
51 124
51 135
51 140
51 152
51 171
51 181
51 185
51 198
51 209
51 239
51 283
51 284
51 301
51 308
51 328
51 333
51 358
51 360
51 367
51 389
51 409
51 414
51 422
51 438
51 448
51 455
51 480
51 484
51 486
51 494
51 495
51 498
52 53
52 56
52 68
52 99
52 102
52 107
52 126
52 128
52 137
52 144
52 145
52 146
52 147
52 152
52 160
52 162
52 165
52 171
52 175
52 184
52 188
52 194
52 206
52 218
52 222
52 244
52 249
52 307
52 308
52 310
52 311
52 314
52 316
52 328
52 340
52 345
52 346
52 358
52 365
52 370
52 388
52 389
52 392
52 395
52 404
52 406
52 407
52 408
52 416
52 456
52 457
52 498
53 75
53 95
53 102
53 104
53 106
53 121
53 127
53 130
53 153
53 154
53 170
53 195
53 214
53 231
53 232
53 237
53 246
53 247
53 251
53 252
53 257
53 265
53 266
53 269
53 284
53 286
53 293
53 303
53 316
53 322
53 335
53 346
53 351
53 379
53 398
53 400
53 427
53 435
53 439
53 443
53 460
53 470
53 482
53 485
54 55
54 56
54 66
54 79
54 86
54 87
54 90
54 94
54 103
54 111
54 141
54 149
54 165
54 182
54 183
54 185
54 194
54 197
54 208
54 215
54 230
54 249
54 254
54 257
54 261
54 271
54 299
54 300
54 313
54 323
54 327
54 328
54 330
54 334
54 336
54 341
54 349
54 357
54 363
54 370
54 376
54 387
54 405
54 411
54 427
54 435
54 439
54 478
54 484
54 488
55 61
55 70
55 104
55 112
55 124
55 152
55 170
55 198
55 206
55 210
55 246
55 247
55 250
55 273
55 280
55 283
55 287
55 303
55 312
55 325
55 350
55 361
55 369
55 384
55 389
55 402
55 438
55 451
55 475
55 478
55 492
55 497
56 64
56 95
56 99
56 121
56 126
56 140
56 146
56 160
56 168
56 175
56 176
56 193
56 198
56 199
56 206
56 213
56 216
56 217
56 241
56 246
56 249
56 260
56 261
56 266
56 287
56 289
56 322
56 329
56 342
56 353
56 363
56 387
56 400
56 407
56 417
56 439
56 440
56 452
56 464
56 472
56 488
57 60
57 61
57 65
57 69
57 82
57 93
57 108
57 110
57 139
57 149
57 177
57 190
57 229
57 261
57 262
57 271
57 284
57 286
57 291
57 345
57 358
57 370
57 372
57 374
57 384
57 395
57 403
57 410
57 423
57 450
57 477
57 478
57 480
57 482
57 484
57 489
58 59
58 60
58 69
58 75
58 84
58 96
58 101
58 130
58 147
58 151
58 166
58 183
58 187
58 190
58 213
58 244
58 245
58 257
58 260
58 270
58 272
58 274
58 289
58 294
58 298
58 306
58 317
58 320
58 322
58 330
58 334
58 347
58 359
58 363
58 399
58 419
58 428
58 429
58 449
58 455
58 460
58 462
58 485
58 486
58 490
58 499
59 64
59 65
59 66
59 105
59 106
59 132
59 135
59 152
59 153
59 154
59 168
59 170
59 173
59 193
59 194
59 205
59 224
59 240
59 257
59 258
59 261
59 269
59 279
59 280
59 287
59 298
59 305
59 319
59 325
59 328
59 341
59 354
59 356
59 362
59 385
59 389
59 394
59 415
59 428
59 429
59 441
59 445
59 446
59 448
59 456
59 463
59 488
60 98
60 120
60 124
60 160
60 180
60 184
60 192
60 208
60 212
60 232
60 239
60 254
60 256
60 258
60 264
60 305
60 311
60 315
60 317
60 338
60 343
60 364
60 365
60 384
60 394
60 395
60 397
60 405
60 407
60 414
60 416
60 428
60 451
60 454
60 455
60 487
60 496
60 499
61 67
61 76
61 81
61 93
61 101
61 111
61 112
61 131
61 132
61 143
61 160
61 161
61 163
61 189
61 209
61 219
61 225
61 233
61 237
61 251
61 261
61 265
61 303
61 310
61 339
61 346
61 348
61 355
61 357
61 366
61 386
61 391
61 398
61 413
61 414
61 418
61 429
61 448
61 452
61 457
61 461
61 479
61 487
61 488
61 493
62 76
62 79
62 82
62 98
62 107
62 111
62 128
62 132
62 138
62 142
62 143
62 144
62 148
62 151
62 166
62 171
62 188
62 199
62 205
62 207
62 208
62 211
62 219
62 229
62 237
62 238
62 242
62 249
62 267
62 274
62 277
62 284
62 286
62 287
62 293
62 295
62 303
62 307
62 336
62 339
62 349
62 353
62 359
62 364
62 366
62 368
62 369
62 371
62 380
62 385
62 396
62 400
62 408
62 417
62 418
62 420
62 422
62 425
62 429
62 463
62 467
62 480
62 495
63 71
63 74
63 79
63 95
63 97
63 101
63 103
63 107
63 108
63 109
63 133
63 137
63 148
63 149
63 157
63 159
63 168
63 179
63 180
63 207
63 210
63 214
63 235
63 239
63 245
63 249
63 259
63 270
63 284
63 300
63 307
63 308
63 321
63 324
63 326
63 337
63 339
63 341
63 343
63 344
63 347
63 351
63 361
63 362
63 364
63 367
63 384
63 418
63 427
63 450
63 453
63 466
63 478
64 69
64 95
64 98
64 103
64 113
64 121
64 127
64 129
64 138
64 168
64 172
64 192
64 218
64 220
64 223
64 235
64 251
64 252
64 258
64 277
64 281
64 336
64 344
64 348
64 355
64 369
64 376
64 398
64 406
64 436
64 466
65 77
65 79
65 86
65 103
65 105
65 130
65 151
65 168
65 169
65 172
65 178
65 186
65 198
65 202
65 214
65 228
65 236
65 237
65 246
65 255
65 257
65 261
65 262
65 264
65 274
65 286
65 294
65 298
65 300
65 303
65 313
65 315
65 321
65 330
65 331
65 332
65 336
65 346
65 367
65 381
65 394
65 402
65 407
65 420
65 440
65 447
65 448
65 458
65 459
65 460
65 475
65 485
66 67
66 75
66 77
66 86
66 99
66 112
66 138
66 144
66 176
66 180
66 181
66 187
66 197
66 216
66 219
66 222
66 236
66 249
66 267
66 272
66 301
66 305
66 311
66 325
66 329
66 338
66 339
66 351
66 361
66 372
66 392
66 408
66 410
66 426
66 437
66 441
66 454
66 457
66 458
66 460
66 469
66 476
66 478
67 76
67 81
67 82
67 84
67 85
67 92
67 110
67 121
67 126
67 140
67 144
67 170
67 176
67 185
67 202
67 211
67 221
67 226
67 234
67 247
67 250
67 255
67 258
67 264
67 284
67 286
67 315
67 320
67 331
67 332
67 343
67 347
67 355
67 392
67 403
67 412
67 422
67 447
67 452
67 461
67 475
67 486
67 487
67 499
68 101
68 116
68 123
68 133
68 143
68 153
68 156
68 159
68 163
68 174
68 176
68 180
68 188
68 192
68 194
68 210
68 214
68 222
68 242
68 246
68 249
68 258
68 275
68 283
68 288
68 295
68 296
68 297
68 315
68 320
68 330
68 331
68 336
68 338
68 354
68 365
68 383
68 384
68 393
68 409
68 413
68 415
68 418
68 430
68 441
68 459
69 78
69 80
69 86
69 92
69 104
69 124
69 125
69 127
69 128
69 172
69 183
69 201
69 209
69 226
69 239
69 251
69 260
69 273
69 277
69 284
69 287
69 290
69 323
69 364
69 375
69 381
69 400
69 422
69 426
69 429
69 455
69 462
69 480
70 73
70 87
70 90
70 121
70 127
70 139
70 140
70 149
70 169
70 194
70 202
70 210
70 217
70 220
70 223
70 226
70 239
70 241
70 244
70 249
70 252
70 255
70 257
70 273
70 278
70 280
70 290
70 296
70 311
70 325
70 330
70 340
70 378
70 383
70 392
70 400
70 404
70 405
70 411
70 415
70 427
70 434
70 436
70 441
70 445
70 447
70 479
70 485
70 495
71 84
71 91
71 100
71 102
71 131
71 177
71 196
71 201
71 233
71 242
71 245
71 262
71 277
71 278
71 285
71 291
71 300
71 305
71 307
71 318
71 348
71 371
71 405
71 406
71 408
71 417
71 420
71 423
71 440
71 477
71 497
72 74
72 80
72 82
72 86
72 116
72 119
72 146
72 173
72 178
72 186
72 190
72 191
72 195
72 207
72 227
72 240
72 241
72 247
72 254
72 261
72 264
72 268
72 282
72 290
72 292
72 305
72 331
72 341
72 346
72 364
72 400
72 425
72 456
72 458
72 483
72 488
72 489
72 498
73 78
73 81
73 84
73 110
73 143
73 209
73 218
73 240
73 265
73 275
73 283
73 291
73 309
73 316
73 317
73 321
73 322
73 326
73 329
73 339
73 341
73 342
73 345
73 351
73 359
73 373
73 375
73 377
73 385
73 392
73 395
73 402
73 408
73 435
73 442
73 444
73 445
73 464
73 467
73 477
73 481
73 489
74 93
74 101
74 103
74 124
74 137
74 144
74 157
74 160
74 168
74 169
74 173
74 192
74 211
74 214
74 239
74 246
74 263
74 269
74 275
74 284
74 295
74 303
74 314
74 334
74 340
74 347
74 349
74 361
74 374
74 389
74 402
74 412
74 427
74 443
74 444
74 454
74 459
74 478
74 485
75 82
75 92
75 98
75 100
75 115
75 151
75 177
75 197
75 199
75 204
75 219
75 223
75 232
75 242
75 245
75 268
75 286
75 288
75 332
75 339
75 348
75 353
75 367
75 370
75 371
75 382
75 396
75 403
75 404
75 410
75 422
75 440
75 448
75 450
75 453
75 477
76 77
76 82
76 92
76 100
76 113
76 130
76 140
76 154
76 171
76 172
76 173
76 179
76 207
76 208
76 238
76 249
76 265
76 268
76 269
76 270
76 278
76 335
76 336
76 340
76 341
76 342
76 346
76 351
76 398
76 401
76 413
76 416
76 421
76 434
76 447
76 461
76 464
76 473
76 478
76 482
76 487
76 489
77 88
77 115
77 121
77 134
77 147
77 156
77 189
77 197
77 205
77 209
77 215
77 222
77 224
77 226
77 227
77 230
77 263
77 272
77 301
77 330
77 335
77 338
77 359
77 374
77 375
77 381
77 386
77 394
77 407
77 415
77 420
77 423
77 452
77 462
77 469
77 483
78 82
78 104
78 111
78 114
78 118
78 129
78 135
78 150
78 157
78 161
78 171
78 184
78 200
78 208
78 216
78 219
78 235
78 246
78 248
78 249
78 260
78 268
78 277
78 280
78 282
78 283
78 287
78 296
78 304
78 342
78 354
78 361
78 362
78 363
78 391
78 393
78 406
78 428
78 439
78 465
78 472
78 478
78 491
79 84
79 93
79 94
79 149
79 150
79 161
79 178
79 180
79 184
79 193
79 232
79 233
79 236
79 272
79 274
79 280
79 281
79 311
79 333
79 335
79 336
79 358
79 373
79 378
79 386
79 391
79 394
79 398
79 406
79 407
79 411
79 414
79 415
79 422
79 427
79 430
79 437
79 447
79 451
79 453
79 467
79 484
80 84
80 87
80 90
80 91
80 101
80 104
80 108
80 117
80 125
80 127
80 128
80 129
80 151
80 155
80 165
80 182
80 185
80 193
80 200
80 203
80 205
80 212
80 215
80 237
80 252
80 264
80 268
80 273
80 283
80 284
80 302
80 313
80 316
80 329
80 330
80 331
80 333
80 337
80 354
80 357
80 358
80 361
80 364
80 368
80 370
80 382
80 384
80 395
80 402
80 403
80 412
80 415
80 417
80 420
80 424
80 430
80 452
80 499
81 83
81 85
81 89
81 99
81 100
81 101
81 141
81 142
81 153
81 162
81 168
81 169
81 219
81 242
81 264
81 270
81 273
81 303
81 310
81 343
81 351
81 356
81 367
81 377
81 385
81 387
81 407
81 416
81 418
81 424
81 426
81 429
81 436
81 446
81 449
81 454
81 461
81 470
81 473
81 474
81 482
81 485
81 486
81 490
82 117
82 120
82 124
82 129
82 135
82 153
82 164
82 171
82 173
82 196
82 197
82 224
82 247
82 253
82 269
82 272
82 275
82 289
82 303
82 308
82 316
82 325
82 349
82 368
82 371
82 379
82 394
82 399
82 440
82 459
82 462
82 468
82 472
82 486
82 495
83 111
83 133
83 164
83 188
83 196
83 198
83 204
83 214
83 216
83 223
83 236
83 239
83 248
83 252
83 257
83 273
83 275
83 277
83 283
83 292
83 297
83 311
83 321
83 335
83 337
83 352
83 355
83 357
83 359
83 372
83 386
83 387
83 398
83 402
83 410
83 423
83 425
83 455
83 459
83 464
83 471
83 499
84 85
84 89
84 92
84 98
84 122
84 137
84 143
84 144
84 157
84 184
84 188
84 234
84 235
84 240
84 254
84 256
84 260
84 274
84 287
84 288
84 295
84 307
84 308
84 312
84 318
84 331
84 349
84 379
84 405
84 407
84 416
84 428
84 456
84 471
85 86
85 111
85 125
85 128
85 129
85 144
85 150
85 153
85 183
85 214
85 215
85 220
85 221
85 224
85 236
85 257
85 278
85 306
85 317
85 347
85 353
85 367
85 368
85 379
85 383
85 391
85 393
85 401
85 415
85 425
85 433
85 435
85 437
85 442
85 447
85 457
85 461
85 463
85 480
86 97
86 102
86 107
86 113
86 121
86 131
86 134
86 137
86 159
86 162
86 167
86 175
86 177
86 179
86 197
86 220
86 228
86 255
86 269
86 278
86 281
86 284
86 290
86 311
86 317
86 318
86 338
86 345
86 346
86 347
86 364
86 374
86 387
86 401
86 406
86 425
86 434
86 437
86 438
86 442
86 455
86 475
86 478
86 499
87 91
87 112
87 119
87 135
87 145
87 147
87 148
87 154
87 160
87 188
87 199
87 204
87 206
87 232
87 233
87 235
87 248
87 252
87 263
87 271
87 277
87 279
87 288
87 321
87 324
87 352
87 374
87 380
87 391
87 399
87 402
87 436
87 437
87 441
87 448
87 452
87 476
87 484
87 490
88 112
88 116
88 126
88 130
88 133
88 148
88 169
88 172
88 179
88 184
88 189
88 204
88 210
88 247
88 249
88 262
88 284
88 299
88 320
88 330
88 331
88 347
88 357
88 360
88 397
88 411
88 414
88 415
88 419
88 428
88 457
88 463
88 479
88 480
88 486
88 496
89 90
89 107
89 110
89 112
89 113
89 123
89 130
89 131
89 135
89 136
89 147
89 154
89 157
89 159
89 171
89 173
89 182
89 196
89 203
89 208
89 218
89 256
89 280
89 287
89 296
89 312
89 314
89 316
89 321
89 338
89 354
89 355
89 360
89 392
89 399
89 406
89 409
89 419
89 427
89 433
89 454
89 458
89 480
89 487
89 494
90 93
90 100
90 104
90 105
90 109
90 124
90 134
90 144
90 158
90 176
90 188
90 208
90 233
90 255
90 271
90 276
90 280
90 309
90 329
90 336
90 357
90 376
90 385
90 402
90 405
90 413
90 415
90 421
90 424
90 425
90 426
90 448
90 453
90 460
90 471
90 486
90 491
90 493
90 495
91 104
91 117
91 122
91 142
91 143
91 148
91 155
91 203
91 212
91 221
91 242
91 244
91 254
91 257
91 274
91 287
91 295
91 309
91 323
91 324
91 355
91 364
91 368
91 370
91 371
91 375
91 389
91 398
91 401
91 407
91 408
91 411
91 412
91 418
91 423
91 433
91 440
91 453
91 478
91 494
91 499
92 98
92 103
92 113
92 116
92 121
92 149
92 161
92 162
92 168
92 169
92 171
92 176
92 181
92 185
92 187
92 196
92 199
92 211
92 214
92 218
92 227
92 231
92 238
92 239
92 254
92 258
92 263
92 271
92 277
92 282
92 296
92 302
92 303
92 325
92 343
92 348
92 361
92 373
92 384
92 394
92 395
92 418
92 423
92 435
92 450
92 452
92 473
92 484
93 94
93 142
93 151
93 166
93 177
93 190
93 201
93 213
93 223
93 225
93 236
93 251
93 252
93 257
93 261
93 264
93 271
93 288
93 304
93 312
93 325
93 367
93 389
93 394
93 403
93 406
93 423
93 426
93 437
93 440
93 449
93 454
93 457
93 478
94 102
94 107
94 121
94 126
94 134
94 157
94 179
94 199
94 210
94 247
94 252
94 253
94 262
94 278
94 279
94 308
94 322
94 337
94 365
94 376
94 382
94 389
94 406
94 407
94 423
94 425
94 432
94 449
94 467
94 487
94 493
94 494
95 99
95 100
95 103
95 113
95 115
95 116
95 122
95 127
95 128
95 137
95 147
95 155
95 161
95 175
95 178
95 180
95 188
95 200
95 206
95 213
95 242
95 245
95 248
95 266
95 278
95 303
95 304
95 332
95 335
95 352
95 354
95 362
95 384
95 408
95 436
95 466
95 469
95 497
96 99
96 124
96 130
96 132
96 140
96 158
96 162
96 167
96 168
96 186
96 189
96 197
96 198
96 221
96 225
96 229
96 231
96 247
96 255
96 267
96 278
96 279
96 287
96 316
96 317
96 324
96 333
96 346
96 371
96 372
96 395
96 399
96 403
96 409
96 410
96 422
96 427
96 446
96 450
96 466
96 478
96 486
96 497
96 499
97 102
97 110
97 113
97 134
97 136
97 163
97 169
97 173
97 178
97 184
97 186
97 190
97 191
97 193
97 194
97 202
97 210
97 216
97 225
97 230
97 240
97 269
97 305
97 307
97 321
97 323
97 332
97 339
97 346
97 348
97 383
97 392
97 396
97 409
97 412
97 419
97 449
97 451
97 459
97 464
97 470
97 476
98 100
98 101
98 109
98 128
98 137
98 145
98 161
98 172
98 191
98 244
98 255
98 273
98 284
98 285
98 292
98 293
98 332
98 360
98 368
98 371
98 393
98 409
98 418
98 442
98 443
98 445
98 457
98 490
98 496
98 499
99 101
99 110
99 139
99 151
99 163
99 184
99 185
99 192
99 200
99 209
99 234
99 239
99 249
99 253
99 262
99 292
99 330
99 344
99 378
99 384
99 390
99 406
99 451
99 454
99 470
99 488
99 495
99 496
99 497
99 499
100 121
100 191
100 201
100 206
100 210
100 211
100 212
100 221
100 224
100 226
100 231
100 234
100 241
100 251
100 255
100 258
100 290
100 294
100 298
100 300
100 304
100 311
100 327
100 342
100 347
100 351
100 355
100 357
100 369
100 375
100 385
100 386
100 397
100 414
100 415
100 420
100 427
100 481
100 485
101 107
101 110
101 119
101 123
101 124
101 136
101 146
101 154
101 160
101 164
101 166
101 169
101 193
101 218
101 227
101 234
101 249
101 263
101 284
101 289
101 306
101 312
101 326
101 331
101 337
101 382
101 404
101 408
101 412
101 415
101 423
101 429
101 430
101 432
101 442
101 459
101 481
101 485
101 497
102 107
102 116
102 151
102 162
102 176
102 214
102 217
102 238
102 245
102 246
102 267
102 273
102 279
102 281
102 300
102 351
102 369
102 371
102 373
102 382
102 402
102 414
102 422
102 426
102 430
102 432
102 462
102 483
102 498
103 121
103 125
103 136
103 138
103 141
103 148
103 165
103 166
103 167
103 168
103 182
103 200
103 205
103 207
103 220
103 230
103 233
103 237
103 239
103 254
103 261
103 273
103 275
103 276
103 299
103 311
103 316
103 321
103 322
103 328
103 349
103 352
103 354
103 355
103 367
103 374
103 380
103 386
103 397
103 402
103 419
103 435
103 438
103 449
103 479
103 482
103 492
104 118
104 126
104 129
104 133
104 159
104 167
104 189
104 190
104 199
104 212
104 221
104 239
104 243
104 247
104 252
104 257
104 268
104 281
104 286
104 290
104 296
104 304
104 320
104 327
104 335
104 354
104 357
104 358
104 370
104 379
104 390
104 405
104 414
104 415
104 418
104 419
104 421
104 427
104 430
104 432
104 472
104 476
104 480
104 481
104 495
105 109
105 119
105 124
105 144
105 150
105 189
105 223
105 230
105 233
105 241
105 243
105 249
105 257
105 265
105 273
105 278
105 283
105 284
105 287
105 303
105 309
105 317
105 318
105 321
105 323
105 330
105 363
105 364
105 383
105 397
105 411
105 428
105 432
105 437
105 439
105 453
106 111
106 116
106 120
106 125
106 132
106 162
106 180
106 192
106 205
106 212
106 214
106 220
106 223
106 226
106 228
106 253
106 301
106 306
106 307
106 316
106 326
106 331
106 341
106 363
106 368
106 376
106 379
106 384
106 386
106 387
106 389
106 390
106 406
106 407
106 409
106 416
106 432
106 436
106 451
106 457
106 466
106 473
106 474
106 479
106 497
107 121
107 122
107 136
107 142
107 146
107 161
107 178
107 185
107 192
107 194
107 195
107 202
107 209
107 210
107 214
107 222
107 227
107 230
107 235
107 250
107 258
107 269
107 277
107 293
107 326
107 327
107 342
107 351
107 368
107 376
107 378
107 397
107 410
107 416
107 471
107 477
107 478
108 141
108 158
108 160
108 172
108 179
108 193
108 196
108 204
108 205
108 213
108 226
108 236
108 238
108 262
108 263
108 269
108 295
108 297
108 335
108 347
108 356
108 361
108 372
108 378
108 380
108 383
108 395
108 406
108 414
108 426
108 440
108 466
108 472
108 493
108 497
109 122
109 136
109 137
109 142
109 143
109 152
109 159
109 192
109 193
109 194
109 199
109 205
109 222
109 226
109 265
109 269
109 275
109 279
109 283
109 287
109 297
109 300
109 316
109 317
109 333
109 360
109 375
109 380
109 389
109 392
109 397
109 401
109 430
109 439
109 443
109 455
109 462
109 471
109 477
109 490
109 495
110 135
110 139
110 158
110 159
110 168
110 169
110 172
110 184
110 190
110 192
110 213
110 221
110 226
110 228
110 247
110 248
110 257
110 262
110 268
110 292
110 299
110 308
110 311
110 325
110 334
110 344
110 347
110 352
110 358
110 369
110 381
110 382
110 392
110 398
110 414
110 429
110 432
110 442
110 468
110 471
110 477
110 478
110 483
110 484
110 493
111 112
111 120
111 126
111 163
111 174
111 183
111 190
111 195
111 197
111 203
111 227
111 231
111 237
111 247
111 251
111 278
111 285
111 301
111 307
111 323
111 338
111 339
111 345
111 370
111 390
111 391
111 400
111 425
111 437
111 439
111 450
111 461
111 473
111 489
112 123
112 131
112 140
112 152
112 156
112 158
112 159
112 160
112 168
112 171
112 175
112 187
112 194
112 205
112 215
112 221
112 222
112 225
112 227
112 242
112 244
112 249
112 255
112 257
112 267
112 276
112 282
112 283
112 285
112 288
112 294
112 306
112 316
112 318
112 324
112 336
112 367
112 397
112 401
112 404
112 420
112 426
112 430
112 432
112 434
112 439
112 442
112 445
112 454
112 471
112 472
112 476
112 480
112 499
113 124
113 127
113 146
113 149
113 150
113 154
113 155
113 174
113 194
113 203
113 216
113 218
113 219
113 235
113 242
113 255
113 271
113 279
113 282
113 289
113 290
113 304
113 308
113 310
113 323
113 325
113 336
113 342
113 359
113 365
113 384
113 389
113 416
113 422
113 428
113 438
113 443
113 459
113 484
113 488
113 498
114 121
114 125
114 132
114 133
114 135
114 145
114 150
114 161
114 163
114 167
114 175
114 190
114 206
114 207
114 210
114 223
114 243
114 247
114 277
114 282
114 285
114 300
114 320
114 321
114 352
114 369
114 398
114 411
114 413
114 458
114 460
114 476
114 483
114 485
114 497
115 127
115 136
115 139
115 154
115 161
115 175
115 179
115 180
115 182
115 187
115 189
115 216
115 218
115 230
115 238
115 261
115 262
115 284
115 302
115 304
115 315
115 318
115 325
115 326
115 341
115 343
115 356
115 367
115 376
115 385
115 392
115 399
115 410
115 411
115 415
115 420
115 432
115 434
115 438
115 447
115 452
115 457
115 461
115 462
115 483
115 498
116 133
116 136
116 178
116 179
116 202
116 203
116 204
116 215
116 218
116 231
116 240
116 243
116 246
116 249
116 268
116 279
116 308
116 314
116 318
116 322
116 324
116 328
116 329
116 341
116 384
116 389
116 390
116 396
116 415
116 426
116 455
116 467
116 469
116 475
116 479
116 483
116 492
117 118
117 126
117 131
117 142
117 160
117 170
117 172
117 179
117 180
117 189
117 190
117 194
117 195
117 196
117 205
117 206
117 210
117 214
117 217
117 267
117 269
117 285
117 290
117 293
117 294
117 300
117 320
117 322
117 330
117 331
117 336
117 338
117 348
117 349
117 369
117 381
117 399
117 405
117 459
117 467
117 480
117 493
118 130
118 132
118 164
118 165
118 174
118 178
118 179
118 192
118 213
118 215
118 232
118 247
118 257
118 261
118 299
118 348
118 362
118 373
118 375
118 377
118 380
118 410
118 423
118 435
118 442
118 444
118 445
118 465
118 468
118 473
119 120
119 125
119 138
119 144
119 150
119 160
119 178
119 184
119 188
119 192
119 197
119 198
119 203
119 222
119 223
119 225
119 233
119 246
119 274
119 278
119 279
119 307
119 312
119 317
119 325
119 340
119 344
119 347
119 353
119 366
119 370
119 401
119 402
119 417
119 447
119 450
119 462
119 465
119 467
119 471
119 482
119 485
119 486
119 488
119 499
120 123
120 130
120 134
120 141
120 153
120 158
120 166
120 184
120 189
120 193
120 197
120 216
120 238
120 254
120 257
120 273
120 282
120 283
120 289
120 307
120 322
120 331
120 340
120 344
120 346
120 347
120 373
120 374
120 384
120 394
120 397
120 407
120 410
120 418
120 424
120 429
120 442
120 470
120 489
120 498
121 124
121 127
121 134
121 155
121 195
121 202
121 228
121 243
121 246
121 259
121 261
121 263
121 280
121 287
121 292
121 318
121 342
121 349
121 356
121 398
121 400
121 407
121 412
121 424
121 432
121 434
121 439
121 446
121 458
121 460
121 463
121 465
121 478
121 486
121 487
122 126
122 130
122 165
122 173
122 182
122 188
122 198
122 235
122 238
122 241
122 243
122 246
122 259
122 283
122 297
122 305
122 309
122 312
122 333
122 336
122 343
122 350
122 366
122 371
122 391
122 405
122 415
122 417
122 424
122 431
122 439
122 446
122 453
122 462
122 463
122 466
122 469
122 481
122 489
123 129
123 162
123 163
123 167
123 185
123 190
123 200
123 204
123 217
123 225
123 228
123 243
123 246
123 259
123 269
123 275
123 276
123 305
123 307
123 308
123 311
123 315
123 323
123 332
123 354
123 387
123 406
123 410
123 413
123 432
123 456
123 457
123 475
123 482
123 483
124 129
124 158
124 166
124 168
124 184
124 204
124 216
124 219
124 224
124 231
124 232
124 235
124 236
124 243
124 262
124 271
124 283
124 300
124 313
124 319
124 323
124 324
124 346
124 351
124 364
124 370
124 381
124 382
124 387
124 390
124 407
124 409
124 416
124 421
124 427
124 457
124 472
124 473
124 481
124 490
125 131
125 136
125 139
125 140
125 141
125 146
125 165
125 176
125 177
125 219
125 224
125 227
125 242
125 246
125 247
125 260
125 319
125 350
125 354
125 363
125 408
125 439
125 441
125 463
125 465
125 486
125 491
125 496
126 128
126 149
126 164
126 170
126 192
126 201
126 205
126 206
126 207
126 209
126 228
126 231
126 238
126 252
126 255
126 291
126 297
126 303
126 315
126 322
126 323
126 325
126 327
126 332
126 338
126 347
126 351
126 357
126 370
126 380
126 383
126 400
126 415
126 444
126 458
126 462
126 485
126 488
127 143
127 150
127 164
127 179
127 189
127 194
127 197
127 201
127 202
127 246
127 252
127 275
127 290
127 291
127 304
127 316
127 321
127 323
127 326
127 332
127 337
127 345
127 354
127 357
127 362
127 371
127 372
127 388
127 398
127 413
127 422
127 442
127 470
127 474
127 476
127 483
127 485
127 492
127 499
128 130
128 131
128 137
128 156
128 160
128 161
128 162
128 185
128 222
128 223
128 241
128 243
128 244
128 252
128 267
128 270
128 277
128 310
128 335
128 336
128 346
128 376
128 378
128 400
128 406
128 419
128 440
128 442
128 467
128 483
128 486
128 487
129 131
129 139
129 145
129 147
129 149
129 158
129 190
129 192
129 197
129 210
129 253
129 265
129 271
129 276
129 288
129 290
129 295
129 313
129 336
129 363
129 364
129 368
129 373
129 391
129 394
129 405
129 409
129 420
129 431
129 438
129 456
129 460
129 468
129 470
129 472
129 475
130 154
130 160
130 168
130 175
130 186
130 197
130 201
130 216
130 217
130 235
130 244
130 255
130 259
130 275
130 276
130 293
130 304
130 318
130 319
130 322
130 330
130 335
130 337
130 339
130 340
130 356
130 366
130 396
130 403
130 438
130 443
130 444
130 445
130 450
130 453
130 470
130 480
130 481
130 488
130 489
130 495
131 141
131 147
131 164
131 166
131 174
131 183
131 200
131 209
131 221
131 249
131 271
131 275
131 281
131 298
131 315
131 316
131 330
131 359
131 371
131 398
131 417
131 424
131 432
131 449
131 450
131 460
131 480
131 488
132 136
132 140
132 154
132 157
132 159
132 182
132 202
132 205
132 238
132 240
132 259
132 260
132 280
132 293
132 294
132 321
132 338
132 340
132 341
132 349
132 360
132 374
132 385
132 402
132 434
132 461
132 463
132 467
132 480
132 485
132 487
132 494
132 496
133 138
133 145
133 148
133 157
133 163
133 185
133 200
133 201
133 207
133 215
133 217
133 219
133 222
133 232
133 233
133 243
133 252
133 259
133 262
133 273
133 274
133 291
133 295
133 303
133 333
133 359
133 366
133 371
133 379
133 384
133 388
133 389
133 406
133 417
133 421
133 434
133 436
133 441
133 442
133 447
133 450
133 473
133 484
133 489
133 490
133 491
134 146
134 151
134 159
134 169
134 171
134 173
134 175
134 181
134 197
134 229
134 233
134 253
134 255
134 256
134 258
134 261
134 263
134 271
134 280
134 296
134 327
134 349
134 351
134 361
134 365
134 408
134 412
134 425
134 449
134 455
134 459
134 464
134 472
134 477
134 498
135 138
135 156
135 158
135 172
135 173
135 182
135 184
135 193
135 202
135 215
135 220
135 227
135 234
135 257
135 258
135 265
135 308
135 315
135 340
135 345
135 369
135 386
135 399
135 408
135 413
135 418
135 436
135 453
136 146
136 148
136 155
136 177
136 187
136 196
136 197
136 210
136 224
136 232
136 236
136 259
136 271
136 276
136 286
136 297
136 302
136 308
136 309
136 322
136 323
136 338
136 360
136 362
136 386
136 393
136 402
136 420
136 428
136 463
136 470
136 479
136 480
136 481
136 498
136 499
137 144
137 153
137 159
137 160
137 164
137 170
137 180
137 197
137 199
137 205
137 208
137 228
137 237
137 274
137 277
137 278
137 279
137 309
137 322
137 327
137 345
137 356
137 360
137 363
137 368
137 382
137 385
137 391
137 396
137 408
137 412
137 415
137 437
137 445
137 446
137 468
137 473
137 475
137 477
137 480
137 481
137 498
138 149
138 166
138 168
138 172
138 180
138 194
138 197
138 202
138 213
138 225
138 230
138 234
138 235
138 271
138 277
138 278
138 282
138 286
138 293
138 300
138 328
138 345
138 358
138 397
138 413
138 433
138 435
138 438
138 441
138 447
138 450
138 465
138 467
138 476
138 488
138 491
138 493
139 141
139 162
139 172
139 183
139 187
139 211
139 253
139 272
139 273
139 275
139 285
139 290
139 300
139 301
139 313
139 314
139 334
139 338
139 340
139 346
139 361
139 381
139 383
139 421
139 429
139 440
139 454
139 459
139 470
139 473
139 477
139 482
139 486
140 145
140 148
140 155
140 160
140 163
140 164
140 194
140 201
140 205
140 210
140 218
140 228
140 236
140 256
140 262
140 271
140 273
140 324
140 325
140 334
140 351
140 356
140 359
140 397
140 401
140 402
140 403
140 407
140 418
140 434
140 437
140 439
140 442
140 459
141 148
141 150
141 151
141 157
141 159
141 165
141 169
141 180
141 191
141 194
141 208
141 211
141 217
141 221
141 242
141 244
141 255
141 279
141 307
141 322
141 326
141 332
141 341
141 349
141 363
141 374
141 379
141 389
141 404
141 455
141 458
141 460
141 462
141 465
141 480
141 485
141 488
141 489
141 491
142 148
142 169
142 172
142 179
142 180
142 182
142 204
142 234
142 255
142 256
142 282
142 287
142 298
142 323
142 327
142 329
142 334
142 341
142 344
142 346
142 349
142 350
142 373
142 375
142 376
142 377
142 379
142 380
142 388
142 389
142 396
142 406
142 408
142 410
142 411
142 413
142 425
142 442
142 452
142 455
142 464
142 469
142 472
142 477
142 483
142 493
143 161
143 176
143 194
143 195
143 201
143 203
143 210
143 216
143 221
143 222
143 228
143 246
143 264
143 282
143 298
143 329
143 336
143 366
143 396
143 402
143 430
143 486
144 153
144 178
144 225
144 227
144 232
144 242
144 245
144 259
144 273
144 275
144 279
144 283
144 289
144 297
144 311
144 330
144 338
144 340
144 363
144 389
144 394
144 396
144 416
144 436
144 457
144 458
144 467
144 483
144 494
144 499
145 147
145 164
145 172
145 175
145 219
145 222
145 229
145 245
145 308
145 310
145 313
145 337
145 358
145 428
145 435
145 450
145 451
145 468
145 489
145 497
146 154
146 162
146 170
146 172
146 177
146 195
146 202
146 205
146 215
146 225
146 242
146 250
146 256
146 271
146 284
146 287
146 288
146 291
146 304
146 335
146 346
146 348
146 349
146 353
146 358
146 360
146 371
146 372
146 375
146 389
146 391
146 409
146 412
146 422
146 424
146 434
146 446
146 450
146 454
146 458
146 479
147 149
147 170
147 175
147 191
147 200
147 213
147 215
147 242
147 243
147 244
147 255
147 290
147 291
147 294
147 307
147 317
147 322
147 323
147 344
147 352
147 372
147 392
147 405
147 409
147 415
147 423
147 427
147 440
147 448
147 464
147 465
147 466
147 467
147 479
147 481
147 482
147 483
147 493
147 494
148 177
148 187
148 215
148 264
148 267
148 271
148 273
148 318
148 345
148 351
148 360
148 373
148 378
148 406
148 409
148 411
148 415
148 432
148 433
148 438
148 442
148 453
148 458
148 467
148 484
148 488
148 498
149 151
149 178
149 190
149 197
149 216
149 226
149 232
149 248
149 250
149 259
149 271
149 277
149 290
149 299
149 314
149 318
149 343
149 354
149 375
149 378
149 382
149 393
149 398
149 405
149 409
149 411
149 412
149 422
149 423
149 425
149 431
149 434
149 436
149 445
149 475
149 476
149 491
149 495
149 496
150 153
150 158
150 177
150 200
150 212
150 216
150 222
150 224
150 232
150 237
150 238
150 253
150 300
150 306
150 310
150 314
150 340
150 353
150 358
150 360
150 362
150 368
150 369
150 371
150 377
150 380
150 388
150 394
150 401
150 419
150 426
150 445
150 449
150 452
150 468
150 470
150 472
150 480
150 482
150 496
150 498
151 154
151 192
151 205
151 209
151 222
151 224
151 225
151 232
151 237
151 265
151 271
151 277
151 280
151 306
151 309
151 311
151 320
151 327
151 329
151 364
151 375
151 398
151 400
151 419
151 420
151 432
151 435
151 442
151 452
151 481
151 484
151 490
151 498
152 156
152 158
152 170
152 175
152 177
152 179
152 180
152 183
152 195
152 210
152 227
152 229
152 242
152 249
152 252
152 265
152 272
152 278
152 282
152 306
152 321
152 326
152 332
152 335
152 345
152 349
152 351
152 357
152 364
152 376
152 378
152 390
152 391
152 416
152 418
152 419
152 428
152 433
152 435
152 436
152 444
152 456
152 475
153 158
153 166
153 170
153 175
153 178
153 181
153 186
153 192
153 203
153 234
153 235
153 240
153 243
153 246
153 258
153 277
153 284
153 325
153 326
153 337
153 346
153 350
153 352
153 395
153 402
153 403
153 405
153 409
153 415
153 461
153 462
153 471
153 473
153 487
154 158
154 165
154 190
154 196
154 200
154 217
154 232
154 233
154 258
154 268
154 274
154 290
154 309
154 324
154 335
154 355
154 370
154 374
154 385
154 405
154 419
154 424
154 428
154 429
154 435
154 441
154 445
154 447
154 456
154 475
154 491
154 495
154 496
155 156
155 160
155 161
155 173
155 175
155 178
155 184
155 187
155 188
155 189
155 191
155 201
155 211
155 220
155 228
155 238
155 249
155 253
155 266
155 275
155 279
155 290
155 293
155 316
155 320
155 324
155 325
155 332
155 336
155 343
155 349
155 357
155 361
155 375
155 378
155 399
155 400
155 402
155 404
155 409
155 410
155 412
155 418
155 424
155 425
155 427
155 433
155 437
155 438
155 446
155 465
155 474
155 475
155 478
155 492
156 170
156 190
156 191
156 212
156 219
156 227
156 234
156 236
156 253
156 256
156 261
156 273
156 302
156 317
156 322
156 329
156 334
156 360
156 362
156 365
156 368
156 387
156 398
156 416
156 432
156 446
156 447
156 451
156 471
156 487
156 494
157 165
157 170
157 180
157 187
157 202
157 210
157 218
157 220
157 222
157 223
157 224
157 247
157 251
157 255
157 261
157 274
157 276
157 299
157 310
157 318
157 323
157 340
157 342
157 344
157 358
157 366
157 369
157 379
157 398
157 412
157 428
157 434
157 465
157 470
157 472
157 476
157 478
158 161
158 173
158 182
158 185
158 218
158 236
158 245
158 267
158 284
158 297
158 310
158 321
158 328
158 330
158 334
158 364
158 367
158 368
158 384
158 394
158 400
158 403
158 407
158 409
158 410
158 418
158 432
158 441
158 446
158 449
158 472
158 478
158 483
158 488
158 497
158 498
159 200
159 202
159 219
159 221
159 223
159 226
159 239
159 259
159 269
159 281
159 293
159 304
159 317
159 327
159 333
159 334
159 338
159 339
159 342
159 377
159 395
159 397
159 399
159 403
159 411
159 420
159 429
159 438
159 439
159 467
159 473
159 479
159 482
159 490
159 499
160 167
160 173
160 188
160 189
160 211
160 216
160 220
160 221
160 242
160 248
160 261
160 268
160 269
160 270
160 295
160 309
160 312
160 328
160 329
160 330
160 342
160 352
160 358
160 383
160 387
160 389
160 403
160 411
160 423
160 434
160 450
160 464
160 471
160 493
161 177
161 183
161 193
161 201
161 212
161 219
161 236
161 239
161 243
161 258
161 261
161 270
161 271
161 286
161 294
161 295
161 296
161 310
161 320
161 327
161 345
161 348
161 351
161 378
161 381
161 384
161 394
161 409
161 415
161 425
161 429
161 430
161 442
161 444
161 453
161 481
161 482
161 487
162 163
162 176
162 181
162 215
162 236
162 248
162 272
162 283
162 289
162 340
162 353
162 367
162 382
162 417
162 430
162 432
162 450
162 458
162 461
162 464
162 482
162 495
162 498
162 499
163 188
163 199
163 210
163 215
163 220
163 242
163 252
163 253
163 255
163 261
163 265
163 286
163 300
163 301
163 310
163 314
163 343
163 351
163 353
163 365
163 377
163 378
163 381
163 384
163 393
163 396
163 400
163 417
163 418
163 426
163 442
163 460
163 462
163 465
163 478
163 481
163 492
163 498
164 181
164 185
164 186
164 187
164 193
164 197
164 222
164 225
164 230
164 247
164 258
164 271
164 275
164 276
164 301
164 316
164 322
164 333
164 344
164 353
164 364
164 376
164 392
164 422
164 437
164 448
164 449
164 450
164 451
164 454
164 460
164 462
164 463
164 477
164 486
164 490
164 493
164 499
165 175
165 193
165 211
165 218
165 227
165 228
165 239
165 242
165 250
165 254
165 256
165 258
165 268
165 271
165 274
165 307
165 311
165 318
165 328
165 337
165 348
165 366
165 367
165 391
165 415
165 425
165 427
165 428
165 430
165 436
165 459
165 470
165 478
165 482
165 485
165 495
165 496
166 172
166 174
166 185
166 213
166 239
166 240
166 255
166 260
166 266
166 272
166 274
166 278
166 292
166 381
166 396
166 406
166 417
166 418
166 428
166 438
166 448
166 454
166 460
166 461
166 475
166 491
166 496
167 177
167 184
167 185
167 189
167 193
167 199
167 207
167 216
167 223
167 235
167 242
167 255
167 259
167 265
167 280
167 284
167 305
167 307
167 309
167 319
167 322
167 353
167 359
167 361
167 363
167 364
167 367
167 388
167 403
167 406
167 407
167 421
167 422
167 438
167 441
167 457
167 463
167 469
167 474
167 481
167 482
167 487
167 498
168 170
168 186
168 194
168 196
168 204
168 213
168 229
168 238
168 241
168 256
168 268
168 270
168 271
168 275
168 294
168 296
168 301
168 303
168 313
168 315
168 320
168 338
168 349
168 361
168 363
168 367
168 385
168 419
168 432
168 440
168 443
168 451
168 463
168 464
168 467
168 468
168 482
168 485
169 196
169 202
169 209
169 212
169 218
169 219
169 237
169 244
169 250
169 288
169 294
169 298
169 303
169 307
169 328
169 335
169 344
169 357
169 369
169 411
169 413
169 442
169 450
169 457
169 476
169 485
169 489
169 498
170 172
170 181
170 188
170 191
170 199
170 210
170 213
170 229
170 232
170 240
170 246
170 248
170 251
170 255
170 274
170 300
170 304
170 307
170 313
170 320
170 323
170 336
170 343
170 385
170 392
170 443
170 450
170 456
170 474
170 482
170 487
170 496
170 497
171 173
171 176
171 184
171 201
171 213
171 221
171 233
171 234
171 236
171 250
171 254
171 257
171 285
171 305
171 331
171 342
171 367
171 376
171 390
171 399
171 407
171 419
171 492
171 498
172 173
172 198
172 203
172 205
172 214
172 222
172 245
172 268
172 290
172 319
172 321
172 335
172 345
172 346
172 350
172 355
172 368
172 396
172 398
172 407
172 410
172 412
172 419
172 434
172 448
172 450
172 458
172 465
172 473
172 477
172 499
173 182
173 183
173 222
173 231
173 239
173 252
173 265
173 271
173 287
173 291
173 297
173 309
173 326
173 338
173 342
173 344
173 347
173 350
173 381
173 412
173 424
173 453
173 457
173 460
173 464
173 466
173 485
174 198
174 233
174 240
174 256
174 273
174 274
174 286
174 291
174 292
174 323
174 331
174 351
174 355
174 369
174 370
174 380
174 381
174 387
174 388
174 397
174 407
174 410
174 418
174 443
174 456
174 463
174 485
175 179
175 180
175 182
175 184
175 193
175 194
175 195
175 204
175 209
175 258
175 268
175 272
175 281
175 317
175 328
175 331
175 334
175 340
175 360
175 372
175 392
175 395
175 396
175 414
175 418
175 463
175 466
175 473
175 485
175 488
175 493
175 496
176 183
176 188
176 198
176 201
176 206
176 218
176 242
176 245
176 251
176 252
176 259
176 266
176 271
176 275
176 276
176 301
176 304
176 320
176 321
176 339
176 351
176 372
176 424
176 430
176 444
176 458
176 460
176 499
177 192
177 217
177 222
177 236
177 240
177 243
177 269
177 292
177 294
177 300
177 307
177 317
177 327
177 335
177 337
177 359
177 360
177 362
177 368
177 371
177 379
177 384
177 395
177 426
177 427
177 429
177 437
177 439
177 443
177 454
177 455
177 456
177 458
177 479
177 495
177 499
178 191
178 206
178 214
178 228
178 229
178 241
178 248
178 253
178 260
178 269
178 283
178 285
178 288
178 291
178 294
178 297
178 303
178 308
178 312
178 315
178 367
178 377
178 378
178 382
178 397
178 402
178 417
178 418
178 422
178 438
178 441
178 446
178 448
178 458
178 461
178 476
178 477
178 479
178 488
179 193
179 194
179 220
179 227
179 254
179 259
179 268
179 269
179 301
179 309
179 318
179 326
179 332
179 333
179 343
179 357
179 360
179 367
179 379
179 380
179 402
179 410
179 423
179 449
179 451
179 485
179 491
180 183
180 197
180 206
180 207
180 214
180 218
180 237
180 241
180 242
180 253
180 259
180 266
180 276
180 278
180 298
180 323
180 342
180 363
180 370
180 382
180 383
180 384
180 398
180 401
180 410
180 437
180 445
180 463
180 483
180 485
180 499
181 187
181 190
181 198
181 206
181 227
181 230
181 276
181 285
181 292
181 293
181 308
181 342
181 394
181 403
181 406
181 407
181 415
181 422
181 438
181 458
181 469
181 478
181 485
181 490
182 184
182 189
182 192
182 206
182 218
182 226
182 231
182 233
182 238
182 246
182 288
182 290
182 304
182 335
182 338
182 365
182 367
182 391
182 393
182 395
182 404
182 413
182 425
182 428
182 447
182 451
182 455
182 461
182 477
182 486
182 487
182 489
182 493
182 494
182 497
183 193
183 196
183 205
183 206
183 221
183 226
183 228
183 261
183 273
183 305
183 308
183 312
183 320
183 325
183 353
183 364
183 366
183 372
183 390
183 395
183 408
183 415
183 419
183 422
183 475
183 478
183 487
184 186
184 195
184 212
184 219
184 224
184 226
184 230
184 249
184 257
184 279
184 285
184 298
184 328
184 331
184 337
184 341
184 343
184 359
184 375
184 376
184 377
184 378
184 394
184 396
184 402
184 406
184 410
184 413
184 428
184 439
184 471
184 472
184 480
184 490
184 494
184 498
185 188
185 190
185 191
185 236
185 238
185 241
185 243
185 245
185 246
185 247
185 248
185 262
185 266
185 267
185 341
185 344
185 350
185 352
185 355
185 364
185 368
185 376
185 391
185 396
185 409
185 410
185 413
185 425
185 441
185 455
185 458
185 464
185 495
186 208
186 228
186 238
186 240
186 244
186 245
186 246
186 251
186 256
186 272
186 280
186 281
186 283
186 296
186 303
186 306
186 323
186 332
186 333
186 336
186 344
186 368
186 376
186 388
186 432
186 483
186 498
187 188
187 193
187 196
187 213
187 237
187 247
187 259
187 260
187 274
187 281
187 310
187 328
187 335
187 339
187 346
187 350
187 373
187 374
187 377
187 386
187 390
187 414
187 417
187 422
187 428
187 434
187 442
187 459
187 488
188 189
188 190
188 214
188 218
188 236
188 239
188 250
188 266
188 268
188 295
188 301
188 306
188 307
188 310
188 314
188 340
188 341
188 351
188 361
188 372
188 383
188 390
188 397
188 399
188 423
188 430
188 435
188 447
188 462
188 476
188 483
188 487
188 492
189 194
189 211
189 217
189 222
189 225
189 229
189 230
189 231
189 246
189 252
189 262
189 281
189 298
189 308
189 320
189 330
189 333
189 363
189 367
189 371
189 396
189 403
189 404
189 405
189 409
189 411
189 455
189 456
189 462
189 468
189 470
189 496
189 498
190 210
190 217
190 230
190 231
190 241
190 264
190 282
190 283
190 289
190 291
190 296
190 301
190 303
190 307
190 316
190 327
190 350
190 352
190 364
190 380
190 395
190 400
190 402
190 413
190 421
190 428
190 433
190 436
190 441
190 448
190 455
190 461
190 478
190 486
190 496
190 499
191 205
191 213
191 214
191 235
191 243
191 255
191 283
191 293
191 308
191 330
191 351
191 364
191 365
191 367
191 390
191 394
191 404
191 415
191 426
191 461
191 475
191 491
191 494
192 204
192 247
192 261
192 262
192 272
192 282
192 298
192 301
192 310
192 315
192 321
192 348
192 354
192 358
192 362
192 386
192 395
192 410
192 414
192 421
192 432
192 435
192 445
192 447
192 458
192 462
192 466
192 481
193 196
193 208
193 221
193 229
193 231
193 247
193 251
193 254
193 266
193 295
193 312
193 323
193 326
193 332
193 334
193 337
193 343
193 353
193 357
193 362
193 375
193 377
193 381
193 384
193 401
193 413
193 414
193 418
193 446
193 453
193 459
193 465
193 489
194 205
194 206
194 208
194 225
194 231
194 239
194 260
194 268
194 272
194 273
194 279
194 296
194 303
194 320
194 327
194 331
194 335
194 336
194 345
194 347
194 352
194 359
194 360
194 364
194 366
194 380
194 388
194 391
194 407
194 415
194 418
194 425
194 427
194 436
194 438
194 440
194 448
194 459
194 484
195 202
195 212
195 224
195 256
195 262
195 297
195 302
195 304
195 305
195 323
195 331
195 336
195 337
195 345
195 372
195 388
195 397
195 398
195 399
195 401
195 423
195 430
195 437
195 438
195 447
195 492
196 204
196 210
196 225
196 258
196 264
196 271
196 281
196 282
196 299
196 304
196 305
196 311
196 321
196 328
196 332
196 344
196 349
196 380
196 390
196 400
196 403
196 405
196 408
196 412
196 426
196 429
196 439
196 441
196 444
196 448
196 449
196 464
196 465
196 466
196 470
196 478
196 479
196 482
196 489
197 206
197 208
197 210
197 215
197 223
197 226
197 230
197 252
197 279
197 312
197 315
197 332
197 334
197 336
197 357
197 363
197 368
197 369
197 374
197 390
197 405
197 411
197 414
197 422
197 424
197 427
197 428
197 431
197 446
197 451
197 457
197 466
197 477
197 488
197 497
198 200
198 202
198 212
198 215
198 216
198 218
198 219
198 233
198 242
198 255
198 257
198 265
198 283
198 294
198 297
198 299
198 304
198 311
198 318
198 320
198 325
198 326
198 330
198 341
198 373
198 399
198 417
198 429
198 440
198 445
198 452
198 453
198 462
198 469
198 474
198 476
198 487
198 492
199 205
199 206
199 210
199 234
199 251
199 266
199 267
199 281
199 282
199 286
199 339
199 354
199 366
199 374
199 384
199 395
199 408
199 448
199 459
199 461
199 464
199 468
199 485
200 201
200 232
200 240
200 246
200 248
200 250
200 264
200 265
200 271
200 279
200 291
200 303
200 307
200 331
200 349
200 350
200 352
200 364
200 397
200 435
200 438
200 445
200 448
200 453
200 465
200 479
200 496
201 203
201 233
201 258
201 268
201 271
201 305
201 307
201 330
201 331
201 356
201 369
201 391
201 397
201 401
201 410
201 411
201 413
201 420
201 448
201 449
201 459
201 467
201 474
201 492
202 206
202 209
202 220
202 223
202 239
202 254
202 266
202 282
202 283
202 284
202 287
202 321
202 326
202 338
202 345
202 354
202 356
202 358
202 362
202 365
202 373
202 375
202 381
202 383
202 386
202 390
202 399
202 404
202 415
202 423
202 429
202 430
202 436
202 452
202 463
202 493
203 230
203 239
203 250
203 251
203 260
203 281
203 283
203 292
203 304
203 319
203 341
203 343
203 360
203 377
203 384
203 394
203 400
203 403
203 423
203 426
203 432
203 441
203 468
204 209
204 217
204 259
204 264
204 274
204 283
204 291
204 294
204 300
204 325
204 327
204 341
204 349
204 384
204 385
204 392
204 398
204 399
204 401
204 406
204 410
204 416
204 427
204 429
204 433
204 451
204 461
204 463
204 464
204 477
204 478
204 479
205 218
205 219
205 228
205 234
205 239
205 241
205 245
205 247
205 248
205 253
205 257
205 261
205 266
205 272
205 275
205 291
205 320
205 321
205 333
205 346
205 356
205 364
205 365
205 369
205 374
205 377
205 406
205 408
205 426
205 434
205 446
205 453
205 454
205 457
205 458
205 461
205 463
205 483
206 210
206 224
206 229
206 287
206 291
206 293
206 300
206 312
206 316
206 319
206 324
206 325
206 332
206 334
206 349
206 363
206 367
206 378
206 379
206 386
206 397
206 399
206 404
206 409
206 439
206 443
206 456
206 481
206 483
206 487
206 495
206 496
207 213
207 222
207 226
207 232
207 233
207 253
207 255
207 259
207 268
207 284
207 289
207 295
207 297
207 309
207 312
207 344
207 363
207 409
207 415
207 418
207 421
207 423
207 432
207 433
207 452
207 480
208 223
208 227
208 229
208 231
208 233
208 238
208 241
208 255
208 263
208 270
208 280
208 285
208 295
208 302
208 307
208 320
208 322
208 326
208 338
208 350
208 359
208 384
208 386
208 396
208 406
208 409
208 434
208 439
208 455
208 463
208 476
208 483
208 488
209 213
209 217
209 232
209 250
209 255
209 264
209 277
209 280
209 286
209 288
209 293
209 294
209 319
209 322
209 326
209 344
209 351
209 366
209 367
209 405
209 412
209 427
209 431
209 461
209 466
209 469
209 475
209 480
209 491
209 496
209 499
210 216
210 227
210 236
210 254
210 259
210 265
210 280
210 286
210 292
210 294
210 297
210 299
210 303
210 311
210 318
210 330
210 346
210 355
210 360
210 363
210 365
210 371
210 374
210 378
210 380
210 385
210 403
210 409
210 410
210 415
210 416
210 443
210 454
210 470
210 472
210 485
210 493
210 494
210 497
211 273
211 277
211 290
211 294
211 298
211 302
211 311
211 313
211 316
211 330
211 337
211 339
211 350
211 369
211 370
211 382
211 385
211 400
211 409
211 427
211 429
211 446
211 447
211 449
211 476
211 485
211 493
212 224
212 232
212 234
212 238
212 268
212 271
212 280
212 293
212 298
212 300
212 301
212 319
212 321
212 324
212 335
212 340
212 343
212 356
212 366
212 367
212 377
212 385
212 386
212 387
212 393
212 407
212 414
212 418
212 431
212 463
212 473
212 480
212 495
213 222
213 228
213 230
213 231
213 245
213 248
213 259
213 278
213 308
213 318
213 325
213 334
213 336
213 337
213 347
213 350
213 353
213 367
213 369
213 371
213 384
213 390
213 397
213 401
213 404
213 408
213 410
213 441
213 476
213 478
213 488
214 228
214 231
214 245
214 247
214 249
214 251
214 257
214 261
214 262
214 266
214 269
214 272
214 290
214 301
214 331
214 341
214 344
214 361
214 363
214 370
214 381
214 382
214 385
214 389
214 392
214 398
214 411
214 415
214 417
214 427
214 428
214 429
214 443
214 451
214 455
214 458
214 477
215 222
215 226
215 239
215 244
215 252
215 261
215 263
215 270
215 275
215 282
215 283
215 293
215 300
215 304
215 310
215 326
215 332
215 377
215 384
215 391
215 393
215 409
215 415
215 432
215 438
215 439
215 448
215 454
215 471
215 472
215 477
215 478
215 483
216 225
216 278
216 283
216 286
216 296
216 304
216 306
216 308
216 328
216 339
216 369
216 373
216 385
216 389
216 398
216 407
216 411
216 434
216 451
216 459
216 462
216 465
216 474
216 479
216 480
216 497
217 230
217 239
217 242
217 244
217 247
217 261
217 286
217 287
217 289
217 294
217 309
217 311
217 327
217 331
217 334
217 338
217 358
217 361
217 383
217 393
217 418
217 428
217 431
217 449
217 458
217 466
217 490
217 499
218 230
218 232
218 246
218 255
218 264
218 281
218 291
218 296
218 300
218 306
218 323
218 331
218 334
218 341
218 359
218 369
218 388
218 389
218 408
218 410
218 417
218 429
218 431
218 445
218 449
218 476
218 480
218 489
218 490
219 229
219 242
219 255
219 289
219 296
219 311
219 314
219 317
219 327
219 328
219 329
219 337
219 342
219 349
219 352
219 353
219 362
219 365
219 371
219 372
219 374
219 390
219 394
219 415
219 439
219 459
219 471
219 483
219 493
219 495
220 224
220 225
220 227
220 229
220 245
220 258
220 263
220 268
220 271
220 280
220 292
220 298
220 300
220 311
220 312
220 324
220 330
220 331
220 334
220 350
220 384
220 393
220 394
220 397
220 404
220 412
220 425
220 434
220 454
220 459
220 467
220 472
220 475
220 479
220 487
220 492
221 226
221 232
221 247
221 251
221 257
221 259
221 267
221 271
221 284
221 285
221 287
221 289
221 294
221 297
221 301
221 308
221 309
221 318
221 322
221 329
221 343
221 346
221 351
221 355
221 378
221 386
221 401
221 404
221 417
221 418
221 433
221 440
221 459
221 464
221 477
221 483
221 489
222 240
222 252
222 267
222 273
222 324
222 327
222 330
222 339
222 341
222 364
222 371
222 390
222 394
222 400
222 408
222 432
222 435
222 444
222 445
222 459
222 461
222 468
222 476
222 479
222 481
222 499
223 226
223 251
223 254
223 256
223 259
223 280
223 282
223 288
223 308
223 324
223 326
223 344
223 355
223 356
223 358
223 361
223 373
223 389
223 391
223 392
223 398
223 400
223 417
223 419
223 422
223 447
223 453
223 457
223 471
223 485
223 493
223 496
224 241
224 244
224 246
224 250
224 260
224 263
224 265
224 281
224 298
224 310
224 317
224 320
224 322
224 348
224 365
224 393
224 402
224 404
224 414
224 427
224 438
224 449
224 467
224 468
224 485
224 489
224 498
225 250
225 253
225 268
225 270
225 276
225 287
225 299
225 315
225 327
225 334
225 341
225 360
225 368
225 389
225 400
225 409
225 411
225 418
225 421
225 424
225 435
225 443
225 445
225 451
225 457
225 460
225 465
225 480
226 244
226 260
226 261
226 274
226 284
226 296
226 302
226 336
226 346
226 364
226 376
226 380
226 398
226 405
226 415
226 428
226 438
226 441
226 448
226 454
226 473
227 229
227 232
227 238
227 241
227 273
227 281
227 298
227 299
227 302
227 315
227 317
227 322
227 330
227 343
227 346
227 351
227 360
227 381
227 389
227 393
227 419
227 454
227 455
227 462
227 478
227 483
227 494
228 240
228 242
228 250
228 259
228 274
228 281
228 285
228 288
228 297
228 311
228 317
228 320
228 321
228 325
228 330
228 331
228 342
228 351
228 359
228 363
228 366
228 373
228 378
228 390
228 455
228 459
228 481
228 484
228 492
229 234
229 235
229 241
229 243
229 250
229 263
229 271
229 272
229 282
229 294
229 304
229 317
229 334
229 336
229 340
229 347
229 352
229 362
229 372
229 382
229 402
229 424
229 446
229 451
229 462
229 464
229 469
229 475
229 480
229 481
229 482
229 486
229 490
230 237
230 251
230 278
230 285
230 297
230 309
230 329
230 338
230 342
230 347
230 365
230 378
230 394
230 398
230 408
230 419
230 424
230 448
230 449
230 458
230 460
230 462
230 476
230 487
231 245
231 251
231 264
231 269
231 276
231 300
231 314
231 319
231 336
231 340
231 357
231 397
231 399
231 402
231 408
231 453
231 465
231 483
231 487
232 242
232 264
232 272
232 310
232 321
232 322
232 333
232 348
232 349
232 354
232 356
232 367
232 374
232 384
232 401
232 407
232 411
232 413
232 444
232 480
233 241
233 258
233 264
233 282
233 294
233 299
233 300
233 305
233 309
233 317
233 319
233 327
233 348
233 351
233 375
233 391
233 400
233 404
233 438
233 441
233 453
233 459
233 461
233 469
233 472
233 479
233 480
233 483
233 499
234 236
234 249
234 270
234 280
234 291
234 293
234 307
234 314
234 319
234 326
234 337
234 341
234 357
234 381
234 392
234 396
234 397
234 421
234 431
234 434
234 441
234 446
234 451
234 463
234 464
234 465
234 466
234 473
234 479
234 491
235 239
235 241
235 255
235 266
235 273
235 275
235 280
235 284
235 288
235 289
235 291
235 297
235 300
235 319
235 321
235 327
235 335
235 337
235 341
235 358
235 371
235 373
235 378
235 421
235 424
235 428
235 438
235 453
235 479
235 485
235 492
235 495
236 255
236 256
236 260
236 262
236 266
236 271
236 277
236 283
236 284
236 306
236 310
236 316
236 317
236 324
236 346
236 370
236 381
236 390
236 394
236 401
236 403
236 407
236 416
236 422
236 432
236 437
236 472
236 479
236 483
236 495
237 244
237 271
237 274
237 279
237 299
237 308
237 325
237 334
237 349
237 359
237 378
237 379
237 381
237 384
237 405
237 407
237 414
237 436
237 438
237 442
237 445
237 472
237 474
237 481
237 484
238 242
238 267
238 270
238 286
238 287
238 309
238 316
238 320
238 333
238 352
238 353
238 373
238 386
238 387
238 388
238 395
238 397
238 406
238 410
238 445
238 450
238 459
238 461
238 463
238 465
238 486
239 243
239 244
239 255
239 257
239 270
239 278
239 289
239 295
239 304
239 307
239 320
239 328
239 330
239 347
239 351
239 358
239 364
239 366
239 378
239 384
239 393
239 423
239 447
239 459
239 464
239 478
239 485
239 490
240 253
240 273
240 287
240 292
240 309
240 315
240 324
240 326
240 327
240 332
240 350
240 362
240 365
240 403
240 422
240 424
240 431
240 432
240 465
240 472
240 478
240 479
240 493
240 499
241 248
241 252
241 282
241 284
241 292
241 295
241 297
241 314
241 341
241 367
241 377
241 380
241 388
241 402
241 417
241 424
241 438
241 444
241 495
241 497
242 263
242 273
242 284
242 288
242 289
242 323
242 331
242 340
242 367
242 369
242 372
242 379
242 392
242 404
242 407
242 424
242 440
242 447
242 463
242 468
242 485
242 492
242 494
243 257
243 262
243 265
243 291
243 297
243 323
243 334
243 352
243 353
243 360
243 363
243 364
243 394
243 395
243 400
243 443
243 446
243 447
243 454
243 456
243 459
243 473
243 482
244 252
244 256
244 264
244 267
244 273
244 277
244 283
244 297
244 298
244 314
244 316
244 319
244 330
244 336
244 346
244 357
244 359
244 382
244 396
244 400
244 402
244 431
244 433
244 437
244 451
244 470
244 474
244 478
244 481
244 486
244 494
245 249
245 259
245 271
245 276
245 286
245 294
245 302
245 307
245 310
245 313
245 322
245 324
245 332
245 339
245 359
245 362
245 377
245 379
245 383
245 425
245 450
245 458
245 493
246 247
246 251
246 257
246 271
246 273
246 285
246 298
246 304
246 326
246 336
246 339
246 340
246 349
246 355
246 356
246 357
246 367
246 370
246 382
246 383
246 386
246 387
246 400
246 411
246 425
246 451
246 455
246 466
246 473
246 476
246 492
247 276
247 285
247 299
247 306
247 311
247 356
247 394
247 400
247 403
247 406
247 417
247 436
247 471
247 473
247 477
247 491
247 496
247 497
248 255
248 267
248 289
248 292
248 302
248 318
248 322
248 324
248 333
248 342
248 343
248 345
248 369
248 386
248 398
248 399
248 416
248 437
248 443
248 449
248 453
248 455
248 464
248 466
248 478
248 484
249 260
249 268
249 270
249 276
249 296
249 299
249 305
249 311
249 317
249 322
249 324
249 326
249 333
249 339
249 340
249 351
249 352
249 355
249 364
249 411
249 435
249 441
249 445
249 452
249 479
249 484
250 260
250 272
250 278
250 281
250 282
250 285
250 288
250 294
250 301
250 304
250 320
250 331
250 337
250 338
250 342
250 357
250 371
250 379
250 381
250 388
250 389
250 403
250 406
250 407
250 410
250 416
250 422
250 441
250 458
250 461
250 471
250 473
250 476
250 477
250 486
250 489
251 271
251 273
251 285
251 296
251 298
251 303
251 306
251 323
251 334
251 354
251 360
251 376
251 385
251 392
251 400
251 407
251 410
251 426
251 456
251 459
251 468
251 469
251 476
251 487
251 493
252 261
252 270
252 279
252 280
252 298
252 306
252 313
252 325
252 329
252 334
252 337
252 345
252 348
252 350
252 369
252 373
252 398
252 399
252 418
252 421
252 433
252 434
252 442
252 473
252 482
252 488
252 492
253 282
253 295
253 297
253 308
253 313
253 316
253 322
253 323
253 324
253 326
253 329
253 341
253 343
253 358
253 363
253 395
253 419
253 441
253 456
253 470
254 255
254 268
254 297
254 303
254 304
254 319
254 325
254 329
254 333
254 335
254 340
254 356
254 365
254 375
254 376
254 385
254 387
254 390
254 394
254 400
254 408
254 419
254 429
254 435
254 446
254 456
254 474
254 483
254 498
255 259
255 278
255 289
255 338
255 343
255 344
255 345
255 365
255 373
255 386
255 393
255 404
255 418
255 438
255 463
255 474
255 479
255 480
255 486
255 497
256 272
256 275
256 276
256 285
256 286
256 290
256 299
256 318
256 331
256 340
256 352
256 356
256 375
256 385
256 399
256 401
256 403
256 411
256 414
256 441
256 453
256 458
257 262
257 274
257 288
257 302
257 311
257 320
257 324
257 326
257 331
257 340
257 345
257 351
257 352
257 362
257 384
257 387
257 410
257 417
257 418
257 430
257 431
257 440
257 457
257 466
257 480
257 497
257 498
258 265
258 267
258 270
258 271
258 274
258 320
258 329
258 346
258 349
258 363
258 382
258 384
258 394
258 401
258 407
258 423
258 429
258 431
258 442
258 444
258 446
258 447
258 463
258 494
259 260
259 262
259 274
259 278
259 285
259 314
259 315
259 316
259 323
259 329
259 360
259 366
259 377
259 379
259 388
259 400
259 415
259 421
259 422
259 426
259 439
259 441
259 464
259 465
259 467
259 471
259 475
259 499
260 267
260 270
260 271
260 277
260 282
260 287
260 290
260 298
260 306
260 324
260 350
260 357
260 363
260 398
260 399
260 415
260 422
260 427
260 460
260 463
260 466
260 470
260 493
261 265
261 276
261 280
261 284
261 309
261 344
261 349
261 355
261 385
261 387
261 402
261 403
261 415
261 425
261 435
261 440
261 446
261 451
261 454
261 461
261 477
261 486
261 494
262 269
262 275
262 276
262 285
262 292
262 302
262 320
262 326
262 330
262 331
262 334
262 353
262 370
262 372
262 380
262 381
262 387
262 394
262 404
262 406
262 410
262 425
262 441
262 482
262 485
263 265
263 266
263 276
263 289
263 326
263 339
263 378
263 385
263 390
263 409
263 423
263 431
263 434
263 470
263 486
263 489
263 491
264 274
264 293
264 306
264 338
264 355
264 363
264 371
264 385
264 389
264 390
264 408
264 431
264 438
264 439
264 475
264 488
264 491
264 497
264 498
264 499
265 268
265 272
265 286
265 292
265 294
265 295
265 296
265 298
265 300
265 302
265 305
265 307
265 315
265 324
265 329
265 354
265 356
265 362
265 370
265 371
265 378
265 409
265 419
265 425
265 433
265 437
265 442
265 450
265 451
265 469
265 475
265 484
265 488
265 491
266 274
266 276
266 278
266 279
266 285
266 286
266 294
266 303
266 310
266 315
266 320
266 326
266 330
266 337
266 347
266 379
266 389
266 400
266 424
266 433
266 460
266 466
266 473
266 474
266 483
267 276
267 284
267 296
267 304
267 321
267 337
267 339
267 347
267 353
267 356
267 357
267 360
267 366
267 369
267 375
267 409
267 434
267 437
267 457
267 464
267 471
267 475
267 478
267 479
267 496
268 269
268 273
268 286
268 290
268 291
268 292
268 298
268 318
268 327
268 328
268 344
268 370
268 397
268 401
268 415
268 421
268 422
268 459
268 465
268 479
269 273
269 283
269 292
269 293
269 306
269 309
269 310
269 345
269 355
269 364
269 370
269 371
269 389
269 393
269 396
269 405
269 407
269 408
269 410
269 421
269 429
269 437
269 441
269 454
269 458
269 464
269 465
269 467
269 474
269 484
269 489
269 493
270 274
270 277
270 279
270 295
270 298
270 305
270 309
270 310
270 315
270 339
270 342
270 349
270 360
270 371
270 383
270 390
270 392
270 415
270 421
270 422
270 426
270 436
270 438
270 442
270 461
270 469
270 483
270 497
270 499
271 274
271 294
271 301
271 323
271 326
271 328
271 330
271 339
271 345
271 351
271 356
271 360
271 378
271 382
271 389
271 400
271 403
271 405
271 443
271 448
271 449
271 456
271 460
271 463
271 498
272 286
272 290
272 301
272 326
272 332
272 343
272 370
272 382
272 383
272 390
272 395
272 405
272 409
272 413
272 422
272 424
272 438
272 456
272 464
272 465
272 476
272 477
272 483
272 485
272 486
273 301
273 303
273 308
273 314
273 315
273 329
273 335
273 339
273 341
273 345
273 347
273 362
273 368
273 376
273 386
273 387
273 404
273 407
273 417
273 437
273 448
273 484
273 491
273 495
274 275
274 283
274 285
274 287
274 293
274 306
274 308
274 346
274 348
274 353
274 355
274 357
274 393
274 418
274 425
274 426
274 428
274 437
274 472
275 280
275 298
275 305
275 311
275 313
275 322
275 323
275 335
275 342
275 356
275 361
275 374
275 378
275 379
275 381
275 399
275 404
275 417
275 419
275 421
275 429
275 430
275 435
275 459
275 461
275 473
275 499
276 278
276 286
276 301
276 302
276 306
276 310
276 328
276 329
276 331
276 343
276 356
276 365
276 386
276 430
276 445
276 487
276 488
276 496
276 498
277 279
277 285
277 294
277 315
277 316
277 350
277 351
277 352
277 358
277 364
277 365
277 371
277 374
277 380
277 381
277 392
277 401
277 402
277 415
277 422
277 424
277 428
277 429
277 441
277 442
277 447
277 465
277 469
277 476
277 491
277 494
278 283
278 298
278 306
278 348
278 349
278 353
278 379
278 405
278 418
278 430
278 448
278 457
278 460
278 462
278 467
278 468
278 473
278 476
278 488
279 291
279 293
279 294
279 299
279 309
279 321
279 336
279 339
279 341
279 348
279 390
279 394
279 397
279 403
279 409
279 411
279 416
279 439
279 440
279 448
279 458
279 461
279 463
279 465
279 480
279 491
280 286
280 289
280 290
280 293
280 298
280 308
280 321
280 328
280 345
280 348
280 355
280 373
280 382
280 387
280 397
280 400
280 403
280 424
280 432
280 445
280 447
280 452
280 456
280 476
280 490
280 493
281 300
281 304
281 313
281 323
281 329
281 337
281 357
281 362
281 391
281 401
281 411
281 419
281 439
281 441
281 447
281 451
281 483
282 285
282 321
282 328
282 338
282 357
282 358
282 386
282 394
282 397
282 400
282 422
282 441
282 443
282 444
282 461
282 481
283 289
283 298
283 303
283 310
283 323
283 351
283 359
283 360
283 381
283 407
283 415
283 419
283 437
283 440
283 442
283 447
283 457
283 484
283 485
283 494
283 495
284 294
284 295
284 301
284 340
284 353
284 381
284 389
284 422
284 428
284 437
284 455
284 463
284 479
284 489
284 492
284 494
285 291
285 293
285 297
285 310
285 315
285 323
285 324
285 326
285 329
285 334
285 358
285 372
285 382
285 383
285 405
285 411
285 413
285 415
285 421
285 433
285 436
285 440
285 444
285 452
285 465
285 471
285 484
285 485
285 491
286 290
286 299
286 305
286 316
286 317
286 323
286 325
286 347
286 352
286 354
286 355
286 359
286 361
286 375
286 383
286 404
286 406
286 407
286 409
286 447
286 450
286 453
286 455
286 457
286 458
286 465
286 468
286 475
286 494
287 306
287 314
287 322
287 327
287 338
287 384
287 414
287 418
287 425
287 428
287 452
287 463
287 467
287 482
287 499
288 315
288 343
288 346
288 353
288 372
288 385
288 386
288 389
288 390
288 392
288 394
288 408
288 415
288 417
288 424
288 430
288 456
288 463
288 486
289 295
289 298
289 345
289 375
289 412
289 430
289 435
289 437
289 458
289 465
289 469
289 475
289 481
290 293
290 303
290 304
290 318
290 321
290 329
290 351
290 354
290 356
290 359
290 376
290 385
290 392
290 398
290 402
290 405
290 412
290 417
290 450
290 464
290 469
290 474
290 477
290 480
291 293
291 296
291 326
291 331
291 343
291 344
291 355
291 379
291 383
291 415
291 418
291 432
291 434
291 436
291 448
291 452
291 459
291 471
291 478
291 481
292 299
292 304
292 318
292 325
292 338
292 363
292 369
292 371
292 373
292 405
292 413
292 416
292 422
292 447
292 459
292 465
292 470
292 471
292 479
292 481
292 489
292 495
292 498
293 303
293 304
293 312
293 322
293 337
293 349
293 357
293 375
293 401
293 410
293 412
293 413
293 419
293 431
293 439
293 449
293 457
293 488
294 302
294 305
294 306
294 314
294 315
294 332
294 334
294 346
294 360
294 364
294 368
294 371
294 398
294 404
294 423
294 438
294 450
294 451
294 454
294 474
294 476
294 497
295 299
295 325
295 329
295 334
295 342
295 353
295 381
295 382
295 395
295 408
295 417
295 438
295 444
295 445
295 459
295 488
295 490
295 497
296 298
296 317
296 326
296 331
296 346
296 348
296 363
296 364
296 367
296 371
296 379
296 380
296 386
296 393
296 396
296 407
296 424
296 425
296 434
296 445
296 477
296 478
296 479
296 489
296 490
296 499
297 301
297 312
297 320
297 341
297 343
297 365
297 368
297 379
297 380
297 393
297 394
297 408
297 409
297 473
297 477
297 491
297 493
297 496
297 499
298 317
298 318
298 329
298 339
298 361
298 363
298 368
298 372
298 373
298 386
298 407
298 430
298 441
298 444
298 451
298 455
298 464
298 471
298 474
298 489
298 490
298 491
298 495
299 305
299 319
299 333
299 337
299 352
299 369
299 382
299 392
299 404
299 408
299 416
299 418
299 426
299 436
299 441
299 442
299 454
299 489
299 492
299 499
300 306
300 313
300 315
300 331
300 340
300 343
300 347
300 380
300 386
300 404
300 413
300 418
300 419
300 427
300 429
300 430
300 441
300 448
300 451
300 464
300 466
300 469
300 472
300 473
300 482
300 491
301 313
301 317
301 323
301 325
301 338
301 341
301 351
301 378
301 393
301 419
301 420
301 429
301 444
301 466
301 469
301 473
301 477
301 488
301 494
301 499
302 304
302 305
302 309
302 322
302 332
302 342
302 348
302 356
302 357
302 358
302 388
302 404
302 416
302 429
302 436
302 440
302 442
302 447
302 450
302 454
302 457
302 458
302 472
302 474
302 478
302 492
302 495
303 310
303 313
303 325
303 349
303 357
303 370
303 380
303 398
303 410
303 411
303 417
303 419
303 429
303 433
303 434
303 466
303 467
303 470
303 471
303 483
303 485
303 493
303 499
304 305
304 333
304 360
304 363
304 388
304 424
304 426
304 441
304 444
304 478
304 481
304 482
305 332
305 338
305 360
305 376
305 377
305 383
305 402
305 403
305 412
305 433
305 438
305 458
305 469
306 321
306 322
306 324
306 325
306 326
306 335
306 359
306 360
306 364
306 368
306 375
306 381
306 461
306 489
306 492
307 309
307 310
307 311
307 315
307 319
307 338
307 369
307 386
307 411
307 412
307 414
307 423
307 425
307 426
307 432
307 437
307 446
307 452
307 471
307 473
307 475
307 487
308 314
308 316
308 328
308 331
308 348
308 358
308 366
308 374
308 399
308 403
308 412
308 424
308 451
308 458
308 463
308 468
308 471
308 497
309 315
309 317
309 324
309 333
309 342
309 352
309 356
309 360
309 363
309 370
309 375
309 392
309 415
309 436
309 450
309 452
309 459
310 314
310 321
310 341
310 349
310 371
310 380
310 382
310 383
310 394
310 397
310 403
310 405
310 421
310 424
310 448
310 461
310 464
310 478
310 490
310 494
311 320
311 322
311 328
311 330
311 335
311 340
311 349
311 353
311 354
311 373
311 380
311 388
311 422
311 434
311 438
311 463
311 471
311 484
311 497
312 332
312 339
312 350
312 352
312 360
312 383
312 422
312 449
312 452
312 457
312 472
312 486
313 315
313 344
313 346
313 367
313 370
313 375
313 376
313 392
313 403
313 408
313 421
313 423
313 424
313 435
313 439
313 453
313 457
313 474
313 475
313 486
313 488
313 496
314 355
314 357
314 361
314 362
314 363
314 369
314 381
314 387
314 398
314 475
314 483
314 485
314 486
314 492
314 496
315 323
315 326
315 331
315 337
315 346
315 376
315 380
315 398
315 406
315 422
315 434
315 444
315 451
315 457
315 460
315 463
315 466
315 498
316 320
316 325
316 343
316 346
316 353
316 355
316 365
316 366
316 369
316 390
316 394
316 397
316 407
316 414
316 423
316 439
316 461
316 475
316 488
316 497
316 499
317 330
317 336
317 349
317 363
317 370
317 372
317 376
317 380
317 381
317 391
317 401
317 415
317 416
317 433
317 452
317 455
317 499
318 321
318 327
318 332
318 335
318 340
318 347
318 350
318 352
318 356
318 357
318 364
318 367
318 370
318 384
318 398
318 404
318 413
318 415
318 439
318 449
318 460
318 470
318 474
318 476
318 486
318 497
319 335
319 347
319 372
319 373
319 374
319 384
319 406
319 411
319 416
319 439
319 452
319 458
319 493
319 497
320 334
320 339
320 344
320 353
320 357
320 363
320 364
320 371
320 396
320 405
320 426
320 431
320 439
320 454
320 456
320 471
320 481
320 496
321 331
321 333
321 345
321 349
321 376
321 382
321 394
321 400
321 410
321 413
321 428
321 433
321 434
321 441
321 463
321 475
321 482
321 499
322 324
322 326
322 334
322 337
322 343
322 346
322 353
322 355
322 361
322 372
322 399
322 404
322 406
322 407
322 443
322 489
323 335
323 337
323 340
323 341
323 342
323 350
323 357
323 361
323 363
323 371
323 374
323 379
323 389
323 444
323 452
323 454
323 486
323 487
324 328
324 338
324 340
324 351
324 352
324 364
324 370
324 391
324 395
324 410
324 422
324 426
324 460
324 464
324 485
324 487
325 345
325 358
325 365
325 383
325 400
325 423
325 445
325 457
325 477
325 488
325 489
325 494
325 496
326 332
326 338
326 345
326 347
326 349
326 351
326 358
326 384
326 387
326 389
326 392
326 398
326 421
326 429
326 435
326 439
326 450
326 475
326 479
326 483
326 487
327 330
327 363
327 373
327 378
327 397
327 411
327 412
327 416
327 435
327 448
327 449
327 462
327 497
328 334
328 335
328 364
328 368
328 390
328 406
328 408
328 420
328 429
328 431
328 434
328 447
328 449
328 463
328 477
328 478
328 486
328 493
329 335
329 369
329 372
329 378
329 383
329 393
329 395
329 401
329 411
329 419
329 420
329 429
329 430
329 452
329 459
329 462
329 468
329 489
330 333
330 362
330 367
330 372
330 375
330 406
330 422
330 424
330 446
330 458
330 461
330 467
330 473
330 476
330 488
331 332
331 354
331 367
331 379
331 383
331 387
331 395
331 401
331 404
331 405
331 427
331 430
331 433
331 440
331 443
331 448
331 451
331 452
331 456
331 457
331 465
331 480
331 481
331 483
331 491
332 334
332 341
332 354
332 355
332 370
332 416
332 420
332 423
332 432
332 441
332 443
332 445
332 451
332 473
332 478
332 484
332 490
333 358
333 369
333 379
333 393
333 394
333 408
333 409
333 411
333 427
333 430
333 431
333 436
333 449
333 459
333 479
333 488
333 492
333 499
334 339
334 340
334 349
334 352
334 381
334 394
334 396
334 412
334 414
334 418
334 420
334 438
334 441
334 447
334 450
334 469
335 350
335 356
335 363
335 371
335 375
335 382
335 383
335 402
335 419
335 421
335 426
335 436
335 439
335 444
335 459
335 467
335 478
335 490
336 340
336 364
336 371
336 373
336 381
336 393
336 405
336 419
336 427
336 434
336 438
336 439
336 457
336 463
336 471
336 483
337 363
337 370
337 377
337 386
337 408
337 413
337 414
337 435
337 437
337 441
337 449
337 459
337 468
337 473
337 481
337 486
337 495
338 354
338 393
338 398
338 407
338 420
338 455
338 457
338 461
338 463
338 464
338 465
338 467
338 480
339 354
339 363
339 366
339 369
339 399
339 410
339 413
339 459
339 460
339 473
339 482
339 494
340 342
340 356
340 368
340 375
340 387
340 412
340 415
340 422
340 423
340 430
340 433
340 440
340 453
340 477
340 498
341 348
341 352
341 419
341 420
341 451
341 452
341 464
341 466
341 468
341 491
342 343
342 351
342 358
342 378
342 389
342 394
342 402
342 406
342 408
342 411
342 426
342 447
342 469
342 470
342 471
342 474
342 486
342 492
343 361
343 366
343 403
343 404
343 408
343 413
343 414
343 423
343 431
343 457
343 460
343 465
343 469
343 477
343 485
343 496
344 376
344 393
344 418
344 420
344 422
344 426
344 428
344 432
344 437
344 446
344 454
344 485
344 499
345 352
345 355
345 357
345 363
345 371
345 376
345 388
345 402
345 404
345 412
345 428
345 431
345 433
345 434
345 449
345 452
345 453
345 464
345 495
345 497
346 347
346 375
346 390
346 407
346 422
346 427
346 428
346 441
346 444
346 463
346 464
346 465
346 481
346 482
346 486
346 490
346 494
346 495
347 349
347 351
347 354
347 367
347 372
347 373
347 383
347 384
347 386
347 402
347 406
347 423
347 431
347 438
347 439
347 444
347 481
348 349
348 365
348 367
348 375
348 381
348 386
348 387
348 398
348 416
348 426
348 430
348 443
348 444
348 446
348 464
348 471
348 486
348 496
349 380
349 382
349 384
349 393
349 398
349 412
349 413
349 414
349 421
349 423
349 430
349 443
349 456
349 457
349 469
349 470
349 482
349 483
349 488
349 495
350 355
350 367
350 373
350 377
350 400
350 403
350 414
350 415
350 428
350 452
350 460
350 474
350 478
350 480
350 490
350 492
350 494
350 497
351 368
351 388
351 391
351 413
351 418
351 422
351 435
351 439
351 443
351 455
351 468
351 471
352 356
352 365
352 372
352 382
352 387
352 394
352 406
352 429
352 463
352 479
352 485
352 495
352 497
353 355
353 358
353 364
353 377
353 379
353 390
353 398
353 428
353 433
353 446
353 470
353 483
353 484
353 485
353 488
354 357
354 365
354 381
354 390
354 404
354 406
354 410
354 420
354 443
354 454
354 461
354 465
354 472
354 475
354 481
355 390
355 405
355 415
355 443
355 456
355 462
355 474
355 477
355 491
356 361
356 364
356 370
356 374
356 387
356 388
356 398
356 404
356 409
356 410
356 417
356 433
356 434
356 436
356 449
356 454
356 457
356 467
356 470
356 477
357 359
357 371
357 379
357 405
357 406
357 411
357 419
357 425
357 428
357 452
357 453
357 455
357 476
357 477
357 479
357 488
358 377
358 380
358 393
358 396
358 429
358 460
358 462
358 466
358 472
358 483
358 489
358 499
359 360
359 362
359 365
359 420
359 429
359 430
359 431
359 432
359 443
359 462
359 465
359 466
359 479
359 483
360 362
360 381
360 420
360 424
360 425
360 429
360 431
360 434
360 441
360 445
360 447
360 465
360 470
360 473
360 475
360 487
361 365
361 390
361 400
361 411
361 415
361 425
361 441
361 453
361 498
361 499
362 369
362 372
362 382
362 391
362 401
362 406
362 407
362 408
362 412
362 435
362 452
362 468
362 483
362 493
362 498
363 366
363 380
363 383
363 397
363 416
363 422
363 445
363 458
363 461
363 472
364 372
364 375
364 396
364 416
364 417
364 420
364 440
364 463
364 464
364 468
364 471
364 478
364 492
365 369
365 377
365 378
365 397
365 403
365 406
365 412
365 414
365 420
365 426
365 434
365 438
365 442
365 444
365 460
365 473
365 481
365 484
366 369
366 395
366 415
366 417
366 424
366 430
366 441
366 458
366 479
366 482
366 487
367 373
367 382
367 385
367 394
367 408
367 409
367 410
367 412
367 415
367 421
367 443
367 467
367 469
367 482
367 485
367 488
368 369
368 376
368 420
368 433
368 439
368 449
368 455
368 467
368 470
368 476
368 479
368 487
369 379
369 384
369 416
369 426
369 429
369 433
369 443
369 444
369 445
369 463
369 483
369 490
369 491
370 398
370 399
370 406
370 407
370 415
370 417
370 421
370 426
370 435
370 448
370 455
370 487
370 488
370 491
370 496
371 380
371 382
371 400
371 402
371 431
371 436
371 447
371 451
371 454
371 465
371 467
371 493
371 496
371 499
372 373
372 375
372 385
372 392
372 420
372 425
372 427
372 428
372 429
372 433
372 443
372 449
372 452
372 457
372 459
372 462
372 487
373 375
373 376
373 381
373 391
373 394
373 396
373 399
373 413
373 423
373 435
373 440
373 442
373 466
373 472
373 485
373 487
374 381
374 396
374 400
374 412
374 414
374 423
374 438
374 439
374 446
374 472
374 497
375 382
375 392
375 396
375 398
375 406
375 413
375 414
375 433
375 436
375 442
375 445
375 479
375 484
375 486
376 380
376 384
376 394
376 406
376 407
376 415
376 435
376 439
376 445
376 448
376 452
376 453
376 457
376 461
376 471
376 477
376 478
376 487
377 386
377 387
377 389
377 402
377 405
377 411
377 425
377 436
377 440
377 457
377 460
377 463
377 468
377 472
377 480
377 488
377 489
378 380
378 387
378 402
378 406
378 407
378 410
378 432
378 436
378 469
378 471
378 479
378 487
379 385
379 399
379 404
379 417
379 420
379 429
379 448
379 460
379 465
379 484
379 491
379 492
379 498
380 393
380 483
380 489
381 395
381 408
381 409
381 419
381 422
381 438
381 453
381 454
381 479
381 498
382 404
382 423
382 436
382 437
382 450
382 465
382 476
382 477
382 488
383 386
383 390
383 401
383 405
383 410
383 419
383 439
383 440
383 449
383 457
383 461
383 464
383 465
383 491
384 401
384 412
384 413
384 425
384 427
384 436
384 438
384 443
384 455
384 470
384 481
384 485
384 490
384 494
385 392
385 416
385 422
385 449
385 456
385 473
385 483
385 490
386 395
386 396
386 405
386 425
386 438
386 451
386 454
386 477
387 389
387 393
387 400
387 411
387 412
387 418
387 419
387 420
387 427
387 428
387 429
387 431
387 437
387 451
387 457
387 462
387 465
387 476
387 480
388 394
388 398
388 417
388 425
388 429
388 434
388 436
388 438
388 443
388 449
388 456
388 477
388 490
389 395
389 410
389 411
389 424
389 429
389 432
389 449
389 476
389 487
389 495
390 434
390 438
390 442
390 448
390 453
390 465
390 469
390 471
390 474
390 481
390 483
390 488
390 490
390 493
390 494
391 406
391 408
391 413
391 416
391 421
391 436
391 437
391 449
391 454
391 465
391 471
391 492
391 493
392 396
392 401
392 407
392 409
392 458
392 461
392 462
392 466
392 469
392 486
392 497
393 400
393 402
393 426
393 429
393 432
393 435
393 436
393 437
393 441
393 444
393 446
393 459
393 477
393 491
394 402
394 420
394 443
394 446
394 491
394 492
395 401
395 406
395 417
395 422
395 428
395 433
395 441
395 465
395 474
395 479
395 497
395 499
396 405
396 409
396 412
396 416
396 430
396 444
396 447
396 459
396 479
396 483
396 484
397 399
397 400
397 402
397 410
397 442
397 451
397 460
397 470
397 476
397 479
398 418
398 428
398 435
398 447
398 450
398 452
398 453
398 460
398 471
398 481
398 484
398 490
398 494
399 402
399 404
399 451
399 475
400 403
400 421
400 426
400 439
400 441
400 442
400 447
400 451
400 462
400 468
400 497
401 404
401 409
401 415
401 416
401 417
401 432
401 438
401 452
401 456
401 468
401 471
401 472
401 474
401 484
401 495
402 408
402 434
402 439
402 445
402 460
402 472
402 477
402 494
403 405
403 413
403 420
403 423
403 428
403 449
403 451
403 454
403 457
403 482
403 483
403 493
403 494
403 496
404 424
404 425
404 450
404 452
404 454
404 477
404 486
404 490
404 494
405 414
405 428
405 454
405 459
405 475
405 481
405 482
405 492
405 496
406 412
406 417
406 419
406 425
406 426
406 427
406 428
406 445
406 455
406 457
406 470
406 491
406 493
407 418
407 419
407 423
407 427
407 443
407 460
407 465
407 494
407 495
408 416
408 423
408 426
408 429
408 438
408 439
408 454
408 472
408 488
408 491
409 410
409 423
409 428
409 432
409 434
409 437
409 442
409 455
409 470
410 417
410 421
410 435
410 437
410 443
410 458
410 474
410 478
410 480
410 481
410 499
411 418
411 419
411 434
411 438
411 440
411 442
411 455
411 468
411 470
411 474
411 486
411 488
411 495
412 422
412 423
412 465
412 476
412 478
412 491
412 497
412 499
413 436
413 444
413 450
413 478
413 492
413 497
414 432
414 433
414 449
414 470
414 486
414 497
415 443
415 451
415 454
415 484
415 486
415 499
416 417
416 418
416 424
416 438
416 446
416 448
416 466
416 499
417 419
417 433
417 436
417 442
417 445
417 470
417 488
418 420
418 431
418 447
418 453
418 466
418 477
418 496
418 498
419 444
419 453
419 456
419 459
419 473
419 478
419 486
420 425
420 434
420 459
420 467
420 473
420 482
420 494
420 496
420 497
421 423
421 424
421 437
421 446
421 453
421 457
421 466
421 486
421 491
421 499
422 431
422 448
422 457
422 475
422 492
423 438
423 440
423 454
423 462
423 471
423 482
423 486
423 487
423 496
424 433
424 448
424 462
424 463
424 469
424 472
424 478
424 484
424 491
425 435
425 447
425 454
425 459
425 472
425 483
425 495
426 427
426 439
426 442
426 444
426 448
426 454
426 463
426 477
426 481
426 487
426 489
426 490
426 492
426 495
427 433
427 444
427 456
427 465
428 433
428 440
428 442
428 453
428 458
428 469
428 478
428 485
428 491
429 437
429 446
429 469
429 482
430 431
430 455
430 459
430 464
430 484
430 491
431 475
431 493
431 499
432 436
432 437
432 462
432 468
433 446
433 456
433 458
433 459
433 479
433 484
434 439
434 455
434 484
434 487
434 488
435 436
435 450
435 457
435 462
435 465
435 476
435 482
435 491
435 492
435 496
435 497
435 498
436 440
436 441
436 446
436 452
436 455
436 480
436 483
436 495
436 496
437 439
437 443
437 454
437 467
437 480
437 481
437 488
438 450
438 455
438 472
438 474
438 479
438 482
438 491
438 495
439 450
439 462
439 469
439 478
439 484
439 486
440 456
440 466
441 467
441 470
441 484
441 495
442 455
442 458
442 459
442 464
442 467
442 472
442 479
442 485
442 487
442 488
443 444
443 467
443 486
444 449
444 461
444 468
444 479
444 492
444 493
444 499
446 459
446 460
446 480
446 484
446 490
446 496
446 499
447 468
447 476
447 483
447 487
447 492
447 497
448 449
448 454
448 461
448 463
448 468
448 470
449 451
449 460
449 467
449 473
449 488
450 455
450 470
450 484
451 458
451 462
451 487
451 490
451 492
451 499
452 462
452 465
452 466
452 467
452 480
452 490
452 492
452 496
453 455
453 457
453 468
453 469
453 471
453 474
453 482
453 485
453 488
454 456
454 459
454 463
454 464
454 466
454 478
455 466
455 476
455 480
456 463
456 470
456 473
456 481
456 492
456 493
457 459
457 496
458 486
459 467
459 471
459 485
460 469
460 472
460 484
460 490
460 493
461 464
461 466
461 468
461 477
461 498
462 465
462 477
462 485
462 494
463 472
463 476
464 489
464 495
464 496
465 495
467 482
467 485
467 487
467 499
468 473
468 481
468 485
468 494
469 470
469 473
469 485
470 472
470 479
470 484
470 489
471 481
471 483
471 492
472 477
472 495
473 490
474 483
474 485
474 488
474 491
475 480
475 481
475 489
475 498
476 484
477 481
477 489
478 480
478 484
480 487
480 495
481 486
481 489
481 491
481 496
481 497
482 485
482 486
482 496
483 497
484 485
484 493
485 493
486 487
488 496
488 498
490 491
494 496
