70 224
0 6
0 9
0 20
0 34
0 39
0 40
0 41
0 47
0 49
0 62
1 2
1 4
1 9
1 31
1 50
1 52
1 65
2 8
2 10
2 13
2 24
2 29
2 35
2 38
2 45
2 53
2 57
2 61
2 63
2 69
3 11
3 30
3 32
3 46
3 49
3 52
3 56
3 57
3 59
3 66
4 42
4 45
4 54
4 63
4 64
4 66
5 43
5 66
6 19
6 24
6 35
6 36
6 51
6 54
6 62
7 16
7 17
7 28
7 33
7 36
7 49
7 51
8 18
8 26
8 39
8 41
8 47
8 64
9 24
9 43
9 49
9 59
9 61
9 62
9 65
9 68
10 27
10 30
10 31
10 47
10 53
11 12
11 16
11 37
11 47
11 62
11 65
12 33
12 57
12 59
13 17
13 19
13 42
13 51
13 52
13 57
13 63
13 68
14 22
14 43
14 55
15 19
15 26
15 34
15 48
15 50
15 67
16 51
17 19
17 21
17 22
17 29
17 33
17 50
17 67
17 69
18 23
18 54
19 23
19 33
19 40
19 48
19 51
19 61
19 62
19 68
20 33
20 44
21 22
21 26
21 28
21 30
21 35
22 27
22 59
22 66
23 27
23 35
23 54
23 55
24 27
24 35
24 36
25 31
25 65
25 66
26 41
27 47
27 62
28 40
28 41
28 61
28 63
29 42
29 54
29 56
30 33
30 36
30 41
30 47
30 56
30 60
31 57
32 33
32 37
33 42
33 46
34 50
34 52
34 59
35 36
35 57
36 38
36 49
36 51
37 38
37 48
38 43
40 41
40 42
40 48
40 49
40 54
40 55
40 68
41 45
41 46
41 48
41 60
41 64
42 48
42 52
42 56
43 51
43 52
44 49
44 53
44 66
45 52
45 57
46 51
46 53
46 54
46 56
47 50
48 51
48 56
48 61
49 67
50 57
50 69
51 63
52 58
52 60
53 62
54 62
54 66
54 69
56 59
56 61
56 63
59 62
61 63
66 67
