70 721
0 8
0 9
0 10
0 15
0 19
0 21
0 22
0 24
0 25
0 28
0 30
0 33
0 36
0 44
0 47
0 48
0 49
0 51
0 53
0 54
0 61
0 63
0 64
0 65
0 66
1 3
1 6
1 10
1 17
1 18
1 19
1 21
1 22
1 29
1 31
1 34
1 36
1 37
1 39
1 40
1 41
1 47
1 48
1 51
1 55
1 64
1 66
1 68
2 4
2 6
2 8
2 19
2 26
2 27
2 28
2 35
2 38
2 39
2 40
2 42
2 45
2 48
2 49
2 53
2 59
2 60
2 63
2 68
3 9
3 12
3 13
3 14
3 19
3 20
3 22
3 23
3 24
3 25
3 33
3 36
3 39
3 40
3 44
3 48
3 49
3 51
3 52
3 53
3 56
3 62
3 65
4 5
4 6
4 19
4 21
4 22
4 23
4 24
4 27
4 29
4 40
4 41
4 42
4 43
4 44
4 46
4 47
4 51
4 53
4 56
4 63
4 64
4 65
4 66
4 69
5 7
5 26
5 27
5 30
5 33
5 41
5 42
5 46
5 54
5 57
5 58
5 63
5 64
5 67
5 68
6 11
6 16
6 18
6 20
6 26
6 30
6 34
6 42
6 46
6 50
6 59
6 62
7 10
7 17
7 19
7 26
7 27
7 34
7 38
7 41
7 42
7 44
7 45
7 47
7 49
7 50
7 67
8 14
8 23
8 27
8 32
8 33
8 37
8 42
8 43
8 46
8 50
8 55
8 56
8 62
8 67
8 69
9 10
9 11
9 15
9 16
9 23
9 25
9 29
9 34
9 42
9 50
9 53
9 54
9 55
9 56
9 59
9 61
9 64
9 69
10 12
10 18
10 19
10 21
10 34
10 38
10 39
10 40
10 42
10 43
10 44
10 46
10 52
10 54
10 55
10 56
10 58
10 64
10 66
11 13
11 14
11 20
11 23
11 32
11 34
11 35
11 37
11 38
11 42
11 45
11 46
11 50
11 52
11 53
11 54
11 56
11 57
11 58
11 59
11 60
11 64
11 66
12 15
12 19
12 22
12 24
12 36
12 40
12 52
12 54
12 55
12 56
12 59
12 60
12 65
12 67
12 69
13 14
13 16
13 17
13 19
13 21
13 33
13 38
13 41
13 46
13 52
14 15
14 18
14 19
14 25
14 30
14 39
14 40
14 46
14 50
14 52
14 54
14 58
14 59
14 60
14 61
14 65
14 68
14 69
15 19
15 20
15 21
15 23
15 25
15 32
15 33
15 34
15 37
15 38
15 42
15 43
15 44
15 46
15 48
15 50
15 52
15 54
15 58
15 63
15 64
16 18
16 19
16 20
16 26
16 29
16 42
16 43
16 46
16 51
16 62
16 67
17 19
17 24
17 26
17 27
17 30
17 32
17 35
17 38
17 44
17 47
17 49
17 50
17 51
17 57
17 58
17 62
17 64
17 68
18 20
18 23
18 26
18 27
18 30
18 37
18 41
18 53
18 57
18 63
18 64
18 67
18 68
19 20
19 26
19 27
19 29
19 32
19 33
19 44
19 45
19 48
19 49
19 50
19 51
19 57
19 58
19 60
19 62
19 65
19 67
19 68
20 23
20 24
20 26
20 28
20 30
20 38
20 43
20 44
20 56
20 58
20 62
20 67
20 68
20 69
21 39
21 44
21 46
21 52
21 53
21 54
21 55
21 56
21 59
21 62
21 63
21 69
22 26
22 27
22 28
22 31
22 36
22 38
22 41
22 42
22 45
22 54
22 56
22 59
22 60
22 61
22 63
22 65
22 69
23 29
23 30
23 34
23 36
23 38
23 46
23 63
23 69
24 26
24 32
24 47
24 48
24 49
24 51
24 58
24 61
24 67
25 29
25 36
25 40
25 41
25 43
25 44
25 47
25 51
25 56
25 66
25 69
26 27
26 28
26 34
26 36
26 44
26 51
26 54
26 55
26 57
26 58
26 61
26 63
26 68
27 30
27 32
27 34
27 40
27 42
27 52
27 54
27 56
27 61
28 30
28 38
28 41
28 42
28 43
28 45
28 50
28 51
28 53
28 54
28 55
28 56
28 58
28 60
28 63
28 64
28 68
28 69
29 31
29 32
29 35
29 42
29 46
29 49
29 55
29 56
29 58
29 63
29 64
30 31
30 34
30 37
30 39
30 41
30 43
30 44
30 52
30 53
30 54
30 58
30 62
30 65
30 68
31 33
31 41
31 43
31 44
31 47
31 48
31 57
31 58
31 61
31 66
31 68
32 37
32 38
32 39
32 44
32 48
32 50
32 65
33 34
33 37
33 42
33 43
33 45
33 47
33 49
33 55
33 58
33 59
33 62
33 63
33 66
34 35
34 40
34 41
34 50
34 55
34 57
34 59
34 61
34 63
34 67
34 69
35 38
35 39
35 40
35 44
35 47
35 57
35 60
35 62
35 63
35 68
36 38
36 39
36 43
36 45
36 46
36 48
36 49
36 52
36 54
36 59
36 64
36 65
36 66
36 69
37 38
37 44
37 50
37 57
37 60
37 65
37 68
37 69
38 40
38 42
38 43
38 46
38 54
38 62
38 64
39 41
39 42
39 44
39 47
39 49
39 53
39 55
39 58
39 60
39 64
39 69
40 41
40 47
40 51
40 52
40 56
40 57
40 58
40 61
40 67
41 50
41 51
41 54
41 57
41 62
41 63
41 69
42 44
42 45
42 46
42 48
42 49
42 54
42 56
42 60
42 64
42 66
42 68
43 46
43 51
43 52
43 53
43 56
43 57
43 60
43 64
43 65
43 69
44 47
44 48
44 50
44 53
44 54
44 57
44 59
44 66
44 68
45 47
45 50
45 57
45 61
45 64
45 66
45 67
45 69
46 47
46 50
46 52
46 56
46 57
46 63
46 66
46 68
47 56
47 63
47 64
47 65
47 69
48 51
48 52
48 57
48 61
48 65
48 66
48 67
49 52
49 61
49 63
49 64
49 66
50 60
50 62
50 64
50 68
51 52
51 53
51 56
51 58
51 60
51 61
51 63
52 55
52 64
52 65
52 66
52 69
53 57
53 60
53 65
53 66
53 68
54 55
54 56
54 57
54 59
54 63
54 67
55 57
55 60
55 64
55 65
55 68
56 60
56 61
56 63
56 65
56 69
57 67
57 68
57 69
58 59
58 64
58 67
59 62
59 67
60 62
61 62
61 63
61 64
61 66
61 69
62 65
63 69
64 65
64 67
65 68
67 68
