70 1678
0 1
0 3
0 4
0 5
0 6
0 7
0 8
0 9
0 10
0 11
0 15
0 17
0 19
0 20
0 21
0 22
0 25
0 26
0 27
0 28
0 31
0 33
0 34
0 35
0 36
0 39
0 40
0 41
0 42
0 43
0 44
0 46
0 47
0 48
0 52
0 53
0 54
0 56
0 57
0 58
0 59
0 61
0 62
0 63
0 64
0 67
0 68
0 69
1 3
1 4
1 5
1 6
1 7
1 8
1 9
1 10
1 12
1 14
1 15
1 16
1 17
1 19
1 20
1 21
1 23
1 24
1 25
1 26
1 27
1 28
1 29
1 31
1 32
1 33
1 34
1 35
1 37
1 38
1 39
1 40
1 41
1 44
1 46
1 48
1 49
1 50
1 52
1 53
1 54
1 55
1 57
1 59
1 61
1 62
1 63
1 66
1 69
2 3
2 4
2 6
2 8
2 9
2 10
2 11
2 12
2 13
2 14
2 15
2 16
2 17
2 18
2 19
2 20
2 21
2 22
2 23
2 24
2 25
2 26
2 27
2 28
2 30
2 31
2 33
2 34
2 35
2 37
2 38
2 39
2 42
2 43
2 44
2 46
2 47
2 48
2 49
2 50
2 52
2 53
2 54
2 55
2 57
2 61
2 62
2 63
2 67
2 68
2 69
3 5
3 6
3 7
3 8
3 9
3 10
3 11
3 12
3 13
3 14
3 15
3 16
3 17
3 20
3 21
3 22
3 23
3 26
3 28
3 30
3 34
3 35
3 37
3 38
3 41
3 43
3 45
3 46
3 47
3 48
3 50
3 51
3 52
3 54
3 55
3 57
3 58
3 61
3 63
3 64
3 65
3 66
3 67
3 68
3 69
4 5
4 6
4 7
4 8
4 9
4 10
4 13
4 15
4 16
4 19
4 21
4 23
4 24
4 26
4 27
4 28
4 29
4 30
4 32
4 33
4 34
4 35
4 36
4 37
4 39
4 40
4 42
4 43
4 44
4 45
4 47
4 48
4 51
4 52
4 53
4 55
4 57
4 58
4 59
4 61
4 62
4 63
4 64
4 66
4 67
4 68
4 69
5 7
5 8
5 9
5 10
5 11
5 12
5 14
5 19
5 20
5 21
5 22
5 26
5 27
5 28
5 29
5 30
5 31
5 32
5 33
5 35
5 36
5 38
5 39
5 41
5 42
5 44
5 46
5 47
5 50
5 52
5 58
5 59
5 60
5 61
5 62
5 63
5 64
5 65
5 67
6 7
6 8
6 11
6 13
6 14
6 15
6 16
6 17
6 18
6 19
6 20
6 22
6 23
6 24
6 25
6 26
6 27
6 28
6 29
6 30
6 32
6 33
6 34
6 36
6 37
6 38
6 39
6 41
6 42
6 44
6 47
6 49
6 50
6 51
6 52
6 53
6 55
6 56
6 57
6 59
6 60
6 62
6 63
6 64
6 65
6 66
6 67
6 68
6 69
7 8
7 10
7 12
7 14
7 15
7 16
7 17
7 18
7 19
7 21
7 22
7 23
7 24
7 25
7 26
7 28
7 29
7 32
7 35
7 36
7 37
7 38
7 39
7 40
7 41
7 42
7 43
7 44
7 45
7 48
7 49
7 50
7 51
7 52
7 53
7 54
7 55
7 56
7 57
7 58
7 60
7 62
7 64
7 65
7 69
8 9
8 11
8 12
8 13
8 14
8 17
8 18
8 19
8 20
8 21
8 22
8 23
8 24
8 26
8 27
8 28
8 29
8 30
8 31
8 32
8 33
8 34
8 38
8 41
8 42
8 44
8 46
8 48
8 49
8 50
8 51
8 53
8 54
8 55
8 57
8 59
8 60
8 61
8 62
8 63
8 64
8 66
8 67
8 68
8 69
9 10
9 11
9 12
9 13
9 14
9 15
9 17
9 19
9 20
9 21
9 23
9 25
9 26
9 27
9 28
9 29
9 30
9 31
9 34
9 35
9 37
9 38
9 39
9 42
9 43
9 44
9 45
9 46
9 47
9 49
9 50
9 51
9 52
9 53
9 55
9 56
9 57
9 59
9 60
9 63
9 64
9 68
9 69
10 12
10 13
10 15
10 17
10 18
10 19
10 20
10 21
10 22
10 23
10 24
10 25
10 26
10 27
10 29
10 31
10 33
10 34
10 35
10 36
10 37
10 38
10 40
10 41
10 44
10 45
10 46
10 47
10 48
10 49
10 50
10 55
10 57
10 59
10 61
10 62
10 64
10 65
10 69
11 12
11 13
11 18
11 19
11 20
11 22
11 23
11 24
11 25
11 26
11 27
11 28
11 29
11 30
11 31
11 34
11 35
11 37
11 38
11 39
11 40
11 41
11 42
11 43
11 45
11 48
11 49
11 50
11 51
11 52
11 53
11 55
11 56
11 57
11 58
11 59
11 62
11 64
11 65
11 66
11 67
11 68
12 13
12 14
12 15
12 16
12 18
12 19
12 20
12 21
12 22
12 23
12 24
12 26
12 27
12 28
12 29
12 31
12 33
12 35
12 37
12 38
12 39
12 40
12 41
12 42
12 43
12 44
12 46
12 47
12 48
12 50
12 51
12 53
12 54
12 56
12 57
12 59
12 60
12 61
12 62
12 63
12 64
12 65
12 66
12 68
12 69
13 17
13 18
13 19
13 21
13 23
13 25
13 27
13 28
13 29
13 31
13 32
13 33
13 36
13 37
13 38
13 39
13 40
13 41
13 42
13 43
13 44
13 45
13 47
13 48
13 49
13 50
13 51
13 52
13 53
13 54
13 57
13 59
13 61
13 62
13 63
13 65
13 66
13 69
14 17
14 20
14 23
14 24
14 27
14 29
14 31
14 32
14 34
14 36
14 37
14 38
14 39
14 41
14 42
14 43
14 44
14 47
14 48
14 49
14 50
14 51
14 52
14 53
14 54
14 55
14 57
14 59
14 60
14 62
14 64
14 65
14 66
14 69
15 16
15 17
15 18
15 19
15 20
15 25
15 26
15 27
15 28
15 30
15 31
15 32
15 33
15 34
15 40
15 41
15 42
15 43
15 44
15 45
15 46
15 47
15 48
15 49
15 50
15 56
15 57
15 58
15 61
15 63
15 64
15 66
15 67
15 68
15 69
16 17
16 19
16 20
16 21
16 22
16 23
16 26
16 28
16 29
16 32
16 33
16 35
16 36
16 37
16 38
16 39
16 40
16 41
16 42
16 44
16 45
16 47
16 48
16 49
16 52
16 54
16 56
16 57
16 59
16 60
16 62
16 63
16 64
16 66
16 67
16 69
17 19
17 22
17 23
17 24
17 25
17 28
17 29
17 30
17 31
17 32
17 33
17 34
17 35
17 36
17 37
17 39
17 41
17 43
17 44
17 45
17 46
17 49
17 50
17 51
17 52
17 56
17 57
17 58
17 59
17 60
17 61
17 63
17 64
17 65
17 69
18 19
18 20
18 22
18 23
18 25
18 26
18 28
18 29
18 32
18 33
18 34
18 39
18 40
18 41
18 42
18 43
18 44
18 46
18 48
18 50
18 51
18 52
18 53
18 54
18 55
18 56
18 59
18 60
18 62
18 63
18 64
18 65
18 66
18 67
18 68
18 69
19 20
19 21
19 23
19 24
19 25
19 26
19 28
19 31
19 32
19 33
19 35
19 36
19 37
19 38
19 39
19 40
19 42
19 45
19 47
19 49
19 52
19 53
19 54
19 55
19 57
19 58
19 59
19 60
19 64
19 65
19 66
19 67
19 68
19 69
20 21
20 23
20 25
20 26
20 31
20 32
20 34
20 37
20 38
20 41
20 42
20 44
20 45
20 46
20 47
20 49
20 50
20 51
20 52
20 53
20 55
20 57
20 58
20 59
20 60
20 61
20 63
20 65
20 66
20 67
21 23
21 24
21 25
21 26
21 27
21 28
21 29
21 30
21 31
21 33
21 35
21 36
21 37
21 38
21 40
21 42
21 44
21 45
21 46
21 49
21 52
21 53
21 54
21 55
21 56
21 57
21 58
21 59
21 60
21 62
21 65
21 67
21 69
22 24
22 26
22 27
22 28
22 29
22 30
22 31
22 32
22 33
22 35
22 37
22 38
22 39
22 40
22 41
22 42
22 43
22 44
22 45
22 46
22 48
22 49
22 50
22 51
22 53
22 54
22 55
22 56
22 58
22 60
22 61
22 62
22 63
22 64
22 65
22 68
22 69
23 25
23 27
23 28
23 29
23 31
23 32
23 33
23 35
23 37
23 39
23 40
23 42
23 44
23 45
23 47
23 48
23 50
23 51
23 52
23 53
23 54
23 55
23 56
23 57
23 58
23 59
23 60
23 61
23 64
23 65
23 66
23 67
23 69
24 25
24 26
24 29
24 30
24 32
24 33
24 35
24 36
24 38
24 39
24 40
24 42
24 47
24 48
24 49
24 50
24 51
24 52
24 53
24 54
24 55
24 59
24 60
24 61
24 63
24 64
24 66
24 67
24 68
25 27
25 28
25 29
25 32
25 33
25 34
25 35
25 36
25 37
25 38
25 40
25 41
25 43
25 44
25 45
25 47
25 48
25 50
25 52
25 55
25 56
25 57
25 59
25 60
25 61
25 62
25 63
25 64
25 65
25 66
25 67
25 69
26 28
26 30
26 31
26 33
26 36
26 37
26 40
26 41
26 42
26 44
26 45
26 46
26 48
26 49
26 50
26 51
26 52
26 53
26 54
26 56
26 57
26 58
26 60
26 62
26 63
26 64
26 65
26 66
26 67
26 68
27 28
27 30
27 32
27 33
27 34
27 35
27 36
27 37
27 38
27 39
27 41
27 42
27 44
27 45
27 50
27 52
27 54
27 55
27 56
27 57
27 58
27 59
27 61
27 62
27 63
27 64
27 65
27 66
27 67
27 68
27 69
28 29
28 30
28 31
28 32
28 33
28 34
28 35
28 37
28 38
28 40
28 42
28 43
28 45
28 47
28 50
28 52
28 53
28 54
28 55
28 57
28 60
28 61
28 63
28 64
28 65
28 67
28 68
28 69
29 30
29 31
29 32
29 33
29 35
29 37
29 38
29 39
29 40
29 41
29 43
29 44
29 45
29 48
29 49
29 50
29 53
29 54
29 55
29 58
29 60
29 61
29 62
29 64
29 66
29 67
30 33
30 34
30 36
30 38
30 39
30 40
30 43
30 44
30 46
30 47
30 49
30 50
30 51
30 53
30 54
30 55
30 57
30 58
30 61
30 62
30 66
30 68
31 32
31 34
31 35
31 36
31 37
31 38
31 41
31 42
31 46
31 47
31 49
31 50
31 52
31 53
31 54
31 56
31 58
31 59
31 60
31 61
31 62
31 63
31 64
31 65
31 66
31 67
31 69
32 35
32 37
32 38
32 39
32 40
32 41
32 42
32 43
32 44
32 45
32 46
32 48
32 49
32 50
32 51
32 52
32 53
32 54
32 59
32 60
32 61
32 62
32 64
32 65
32 66
32 67
32 69
33 34
33 35
33 36
33 37
33 39
33 41
33 42
33 44
33 46
33 47
33 48
33 49
33 51
33 52
33 53
33 55
33 57
33 58
33 60
33 61
33 62
33 63
33 64
33 66
33 67
33 68
33 69
34 35
34 36
34 38
34 39
34 41
34 42
34 44
34 46
34 47
34 50
34 52
34 53
34 55
34 56
34 58
34 59
34 61
34 62
34 63
34 64
34 66
34 67
35 38
35 39
35 40
35 41
35 42
35 45
35 46
35 47
35 48
35 50
35 51
35 52
35 53
35 57
35 62
35 63
35 64
35 67
36 37
36 38
36 40
36 41
36 42
36 44
36 46
36 48
36 50
36 51
36 52
36 53
36 54
36 55
36 56
36 57
36 58
36 60
36 61
36 63
36 64
36 66
36 67
36 68
36 69
37 38
37 39
37 40
37 41
37 42
37 43
37 44
37 45
37 46
37 48
37 49
37 51
37 53
37 54
37 55
37 56
37 57
37 58
37 61
37 62
37 63
37 64
37 65
37 66
37 67
37 68
37 69
38 40
38 41
38 42
38 43
38 44
38 45
38 47
38 48
38 50
38 52
38 53
38 54
38 58
38 59
38 60
38 61
38 62
38 65
38 68
38 69
39 40
39 41
39 43
39 44
39 45
39 46
39 50
39 52
39 54
39 55
39 56
39 58
39 60
39 61
39 63
39 66
39 68
39 69
40 42
40 45
40 46
40 47
40 50
40 51
40 52
40 54
40 55
40 56
40 57
40 60
40 61
40 62
40 63
40 64
40 66
40 68
41 42
41 43
41 45
41 46
41 47
41 48
41 49
41 50
41 51
41 52
41 55
41 56
41 58
41 60
41 61
41 63
41 64
41 65
41 68
42 43
42 44
42 45
42 48
42 49
42 50
42 51
42 52
42 53
42 55
42 57
42 61
42 62
42 64
42 65
42 67
43 44
43 45
43 46
43 47
43 48
43 50
43 51
43 52
43 53
43 54
43 56
43 57
43 58
43 59
43 61
43 63
43 64
43 65
43 66
43 67
43 68
44 45
44 47
44 48
44 49
44 51
44 52
44 55
44 56
44 57
44 58
44 59
44 60
44 61
44 63
44 64
44 65
44 66
44 67
44 69
45 46
45 47
45 49
45 51
45 52
45 53
45 55
45 57
45 59
45 60
45 62
45 63
45 65
45 67
45 69
46 48
46 49
46 51
46 54
46 55
46 56
46 57
46 59
46 62
46 63
46 65
46 66
46 67
46 69
47 48
47 49
47 53
47 56
47 57
47 62
47 63
47 64
47 66
47 68
47 69
48 50
48 52
48 53
48 55
48 57
48 58
48 60
48 61
48 62
48 63
48 64
48 66
48 67
48 69
49 51
49 52
49 53
49 54
49 55
49 56
49 58
49 59
49 60
49 61
49 62
49 63
49 64
49 65
49 66
49 67
49 68
49 69
50 53
50 54
50 55
50 56
50 59
50 60
50 61
50 62
50 64
50 66
50 67
50 68
50 69
51 52
51 53
51 56
51 57
51 58
51 60
51 61
51 63
51 64
51 65
51 66
51 67
51 68
51 69
52 54
52 55
52 57
52 59
52 61
52 63
52 64
52 65
52 66
52 67
52 68
52 69
53 54
53 55
53 56
53 57
53 58
53 59
53 60
53 62
53 64
53 69
54 55
54 56
54 57
54 58
54 59
54 62
54 63
54 65
54 67
54 68
54 69
55 56
55 57
55 58
55 60
55 61
55 62
55 63
55 66
55 67
55 68
55 69
56 58
56 59
56 60
56 61
56 62
56 63
56 64
56 65
56 66
56 68
57 59
57 60
57 61
57 62
57 63
57 67
57 68
58 59
58 60
58 61
58 63
58 64
58 66
58 67
58 68
58 69
59 60
59 61
59 64
59 66
59 67
59 68
59 69
60 62
60 63
60 66
60 67
60 68
60 69
61 62
61 63
61 64
61 66
61 67
61 68
61 69
62 63
62 64
62 67
62 68
62 69
63 64
63 65
63 66
63 69
64 66
64 67
64 68
64 69
65 66
65 67
65 68
65 69
66 69
68 69
