101
0 14 46 19 19 30 42 42 37 15 48 37 44 36 46 35 48 40 35 48 27 20 5 37 35 28 49 20 21 24 22 28 24 18 46 22 10 19 19 31 6 22 27 15 49 15 13 11 18 30 14 32 42 12 45 47 39 47 40 30 47 46 30 10 28 12 49 17 31 29 34 26 28 32 35 22 45 46 20 48 17 40 25 33 28 17 10 13 48 47 17 21 3 29 28 5 44 38 44 4 43
14 0 36 9 13 29 32 28 23 1 34 28 29 26 41 21 43 30 29 37 26 10 13 35 31 26 35 12 6 21 21 30 13 26 41 11 6 5 9 22 17 12 17 20 38 26 24 14 21 16 11 22 31 23 31 34 25 37 26 19 42 42 26 10 21 13 36 28 21 14 23 17 29 17 20 14 31 36 9 38 6 26 29 21 21 8 21 11 35 33 3 14 13 14 16 14 36 34 34 13 39
46 36 0 27 27 26 4 16 17 36 20 11 22 10 21 17 20 6 17 8 25 42 41 24 20 24 20 45 30 24 26 30 23 39 21 40 42 31 41 51 44 24 19 35 9 47 44 35 31 35 47 14 9 48 21 13 22 3 22 17 21 25 20 46 19 34 13 50 15 28 13 20 28 27 24 47 22 6 27 8 30 16 32 16 19 42 45 47 15 20 35 25 43 24 20 41 14 20 2 47 21
19 9 27 0 5 20 23 23 18 10 29 19 26 17 31 16 33 21 20 29 17 19 15 26 22 17 30 21 9 12 13 22 6 22 32 19 15 8 18 31 19 3 8 16 30 26 23 11 15 21 20 13 23 25 27 28 23 28 24 11 33 33 17 19 12 10 30 29 12 17 15 8 20 19 20 23 28 27 4 29 3 21 22 16 12 17 21 20 30 28 10 5 17 14 11 16 27 25 25 20 30
19 13 27 5 0 16 24 26 22 14 33 18 30 18 28 20 30 23 17 31 12 23 14 22 18 13 33 25 14 8 8 17 10 17 29 23 17 13 22 35 16 5 10 11 32 22 20 8 10 26 23 13 26 22 31 31 27 29 28 14 30 29 13 21 9 7 33 25 15 22 18 7 16 24 24 27 32 27 9 31 7 25 17 19 9 21 18 22 33 32 14 2 16 19 15 14 25 21 25 20 26
30 29 26 20 16 0 26 35 33 30 42 15 41 22 17 31 20 27 9 33 3 39 25 7 7 3 42 41 29 7 8 4 24 17 18 39 32 28 38 51 25 18 20 15 34 26 24 19 11 41 38 18 31 28 41 36 39 29 40 25 19 16 6 35 11 19 37 29 23 36 27 15 2 38 38 43 42 23 23 34 23 35 7 30 11 37 25 37 38 42 30 14 27 33 28 24 16 10 24 32 15
42 32 4 23 24 26 0 12 12 32 18 12 18 6 23 12 22 2 18 7 25 38 38 25 21 24 18 41 26 23 25 30 19 38 23 36 38 27 37 46 40 20 15 34 8 46 43 32 30 30 43 11 6 46 18 11 18 5 18 13 23 27 20 42 18 31 11 49 11 24 9 17 28 22 19 43 19 8 23 8 26 12 32 12 18 38 42 43 13 18 31 22 39 20 16 38 16 22 4 43 23
42 28 16 23 26 35 12 0 4 28 7 23 6 14 35 6 34 10 29 11 33 33 38 37 32 32 7 36 21 29 31 38 16 43 35 30 34 22 32 38 42 21 17 37 12 48 46 34 35 22 38 17 7 48 6 7 6 14 6 12 35 39 29 37 24 33 9 51 12 17 8 21 36 14 10 38 7 20 20 12 23 1 39 7 24 33 44 38 8 7 26 25 38 14 11 38 28 34 16 40 35
37 23 17 18 22 33 12 4 0 23 10 21 8 12 34 2 34 10 27 14 30 29 33 35 30 30 11 32 17 26 28 36 12 39 35 26 29 18 28 35 37 17 13 33 15 44 41 29 31 19 34 15 8 43 9 11 6 15 7 8 35 38 27 33 22 28 13 47 10 13 6 18 34 11 7 34 10 20 16 15 19 3 36 3 22 29 39 34 12 10 22 21 34 10 7 34 28 32 16 36 34
15 1 36 10 14 30 32 28 23 0 33 29 29 26 41 21 43 30 30 37 26 9 13 36 32 27 34 11 6 22 22 31 13 27 42 10 6 5 8 21 18 13 17 21 38 27 25 15 22 15 11 22 31 24 31 34 25 37 26 19 43 43 27 10 22 14 36 29 21 14 23 18 30 17 20 13 31 36 9 38 7 26 30 21 22 7 22 11 35 33 2 15 14 14 16 15 37 35 34 13 40
48 34 20 29 33 42 18 7 10 33 0 29 6 20 41 12 40 16 35 12 40 37 43 43 38 39 1 40 27 36 38 45 22 49 41 34 39 28 36 42 47 27 23 43 12 54 51 39 41 26 43 24 12 53 3 7 9 17 8 18 41 45 36 43 31 38 8 57 19 21 15 28 43 18 14 42 3 26 26 13 29 7 46 13 31 38 49 44 6 0 32 31 44 19 17 44 34 40 22 46 41
37 28 11 19 18 15 12 23 21 29 29 0 29 9 14 19 15 13 6 19 14 38 32 14 9 13 29 40 25 13 15 19 17 28 15 36 34 25 36 48 34 16 12 24 20 36 33 26 20 34 39 7 17 37 29 22 27 14 28 14 15 17 9 38 9 25 23 39 12 28 15 11 17 28 26 42 30 9 20 19 22 23 21 18 9 36 34 39 24 29 28 16 34 24 18 32 8 11 9 38 13
44 29 22 26 30 41 18 6 8 29 6 29 0 20 41 10 40 16 35 16 38 31 41 43 38 38 7 34 22 34 36 44 20 47 41 28 35 23 30 36 45 25 21 41 16 52 49 37 39 20 37 23 13 51 3 11 3 20 2 16 41 45 35 38 30 36 13 55 18 15 14 26 42 12 8 36 3 26 23 17 26 6 44 11 30 32 47 38 11 6 27 29 41 13 15 41 34 40 22 41 41
36 26 10 17 18 22 6 14 12 26 20 9 20 0 22 10 23 5 15 13 20 33 32 23 18 20 20 36 20 17 19 26 13 32 23 31 32 21 31 43 34 14 9 28 14 40 37 26 24 27 37 5 9 40 20 14 18 11 19 7 23 26 16 36 12 25 15 43 5 21 6 11 24 20 18 37 21 11 17 13 20 14 27 9 12 32 36 37 16 20 25 16 33 17 11 32 16 20 8 37 22
46 41 21 31 28 17 23 35 34 41 41 14 41 22 0 32 3 25 11 29 19 50 41 10 10 18 41 52 39 21 23 20 31 34 1 50 45 39 49 62 42 28 26 32 30 43 41 34 28 48 51 21 29 45 41 34 40 24 41 28 2 4 15 49 19 33 34 46 26 42 28 23 19 42 40 54 42 15 33 29 34 35 24 31 19 48 42 50 36 41 41 26 42 38 32 40 7 7 19 47 2
35 21 17 16 20 31 12 6 2 21 12 19 10 10 32 0 33 10 25 16 28 27 31 33 28 28 13 30 15 24 25 34 10 37 33 24 27 16 26 34 35 15 11 31 17 42 39 27 29 18 32 13 10 41 11 13 8 17 9 6 33 36 25 31 20 26 15 45 8 12 4 16 32 10 8 32 12 20 13 17 16 5 34 1 20 27 37 32 14 12 20 19 31 8 5 31 26 30 16 33 32
48 43 20 33 30 20 22 34 34 43 40 15 40 23 3 33 0 24 13 28 22 52 43 13 13 21 40 54 40 24 26 23 32 37 2 51 47 40 51 63 45 30 27 35 29 46 44 37 31 49 53 22 28 48 40 33 40 23 40 29 1 6 18 51 21 36 33 49 27 43 29 25 22 43 41 56 41 14 35 28 36 34 27 32 21 50 45 52 35 40 43 28 45 39 33 43 7 10 18 50 5
40 30 6 21 23 27 2 10 10 30 16 13 16 5 25 10 24 0 19 8 25 36 36 27 22 25 16 39 24 22 24 31 17 37 25 34 36 25 35 44 39 18 13 33 9 45 42 31 29 28 41 10 4 45 16 9 15 7 15 11 25 29 21 40 17 30 10 48 9 22 7 16 29 20 17 41 17 10 21 8 24 10 32 10 17 36 41 41 11 16 29 21 37 18 14 36 18 24 6 41 25
35 29 17 20 17 9 18 29 27 30 35 6 35 15 11 25 13 19 0 25 9 39 30 8 3 8 35 41 28 11 13 13 21 24 12 39 34 28 38 51 32 17 16 22 26 33 31 24 18 38 40 12 23 35 35 28 33 20 34 19 13 12 5 38 8 23 29 36 17 33 21 12 11 33 32 43 36 14 22 25 23 29 16 24 8 37 32 39 30 35 30 15 32 28 23 30 9 5 15 37 10
48 37 8 29 31 33 7 11 14 37 12 19 16 13 29 16 28 8 25 0 32 43 44 32 28 31 12 46 31 30 32 37 24 45 29 40 43 32 42 49 47 26 21 41 1 53 50 39 37 33 48 18 6 53 14 5 17 5 17 18 29 33 27 47 25 38 5 56 17 27 14 24 35 25 21 48 15 14 28 1 31 12 39 16 25 43 49 48 7 12 36 29 45 24 21 44 22 28 10 48 29
27 26 25 17 12 3 25 33 30 26 40 14 38 20 19 28 22 25 9 32 0 35 22 10 9 1 40 37 26 4 5 6 21 15 20 35 29 25 34 47 23 15 17 13 33 24 22 16 9 38 35 16 29 26 39 34 36 28 37 22 21 19 5 32 8 16 35 27 20 33 24 12 4 35 35 39 39 23 20 33 19 32 7 27 8 33 23 34 36 39 26 11 24 30 25 22 18 12 23 29 17
20 10 42 19 23 39 38 33 29 9 37 38 31 33 50 27 52 36 39 43 35 0 21 45 41 36 38 3 12 31 31 40 20 35 51 3 10 12 1 12 26 22 25 30 44 35 33 23 31 12 7 30 37 32 34 40 28 43 29 25 52 51 36 10 31 23 42 37 27 16 29 27 39 19 23 5 34 44 17 44 16 32 39 27 31 3 30 8 41 37 8 24 21 19 22 23 46 44 40 16 49
5 13 41 15 14 25 38 38 33 13 43 32 41 32 41 31 43 36 30 44 22 21 0 32 30 23 44 21 19 19 17 24 21 15 41 23 11 18 20 32 5 18 23 11 45 14 12 6 14 28 16 27 38 11 42 43 37 43 38 26 42 41 25 12 23 7 45 16 27 27 30 21 24 30 33 23 43 41 17 44 14 36 21 30 23 18 9 15 45 43 15 16 2 27 25 2 39 33 39 7 38
37 35 24 26 22 7 25 37 35 36 43 14 43 23 10 33 13 27 8 32 10 45 32 0 5 9 43 47 34 14 14 10 27 24 11 45 38 34 44 57 32 23 23 22 33 33 31 25 18 44 44 20 31 35 43 36 41 27 42 27 12 9 9 41 14 25 36 36 25 39 29 18 9 41 40 49 44 20 28 32 29 37 14 32 14 43 32 43 38 43 36 21 33 36 31 31 12 4 22 38 8
35 31 20 22 18 7 21 32 30 32 38 9 38 18 10 28 13 22 3 28 9 41 30 5 0 8 38 43 30 11 13 11 23 24 11 41 35 30 40 53 32 19 18 22 29 33 31 24 18 40 41 15 26 35 38 31 36 23 37 22 12 10 5 39 10 23 32 36 20 35 24 14 9 36 35 45 39 16 24 28 25 32 14 27 10 39 32 40 33 38 32 17 32 31 26 30 9 3 18 37 8
28 26 24 17 13 3 24 32 30 27 39 13 38 20 18 28 21 25 8 31 1 36 23 9 8 0 39 38 26 5 5 6 21 16 19 36 29 25 35 48 24 15 17 14 32 25 23 16 10 38 35 15 29 27 38 34 36 27 37 22 20 18 4 32 8 16 35 28 20 33 24 12 4 35 35 40 39 22 20 32 20 32 8 27 8 34 24 34 36 39 27 12 24 30 25 22 17 11 22 29 16
49 35 20 30 33 42 18 7 11 34 1 29 7 20 41 13 40 16 35 12 40 38 44 43 38 39 0 41 28 36 38 45 23 50 41 35 40 29 37 43 48 28 24 44 11 55 52 40 42 27 44 24 12 54 4 7 10 17 9 19 41 45 36 44 31 39 7 58 19 22 15 28 43 19 15 43 4 26 26 12 29 8 46 14 31 39 50 45 5 1 33 32 44 20 18 44 34 40 22 46 41
20 12 45 21 25 41 41 36 32 11 40 40 34 36 52 30 54 39 41 46 37 3 21 47 43 38 41 0 15 33 33 42 23 35 53 6 10 15 4 11 26 24 28 31 47 35 33 24 32 15 6 33 40 32 37 43 31 46 32 28 54 53 38 10 33 24 45 37 30 19 32 29 41 22 26 2 37 47 19 47 18 35 40 30 33 4 30 7 44 40 11 26 21 22 25 23 48 46 43 16 51
21 6 30 9 14 29 26 21 17 6 27 25 22 20 39 15 40 24 28 31 26 12 19 34 30 26 28 15 0 21 22 31 8 30 40 11 12 1 11 23 23 10 13 24 32 32 30 18 24 12 17 18 25 29 25 28 18 31 19 13 40 40 24 16 19 17 30 34 15 8 17 15 29 11 14 17 24 31 5 32 7 20 31 15 19 12 27 17 29 27 5 14 19 8 10 20 33 33 28 19 37
24 21 24 12 8 7 23 29 26 22 36 13 34 17 21 24 24 22 11 30 4 31 19 14 11 5 36 33 21 0 2 10 17 15 22 31 25 20 30 43 21 11 13 11 31 23 20 13 7 33 31 13 26 24 35 31 32 27 33 18 23 21 6 28 5 12 32 26 17 29 21 8 8 31 31 35 36 22 16 30 15 29 10 23 5 29 21 30 33 36 22 7 21 26 21 19 20 14 22 26 19
22 21 26 13 8 8 25 31 28 22 38 15 36 19 23 25 26 24 13 32 5 31 17 14 13 5 38 33 22 2 0 9 18 13 24 31 24 21 30 43 19 12 14 9 33 20 18 11 5 34 30 15 28 22 36 33 33 29 34 19 25 23 8 27 7 11 34 23 18 30 22 9 8 32 32 35 37 24 17 32 15 30 9 24 7 29 19 29 35 37 22 8 19 27 22 17 22 16 24 24 21
28 30 30 22 17 4 30 38 36 31 45 19 44 26 20 34 23 31 13 37 6 40 24 10 11 6 45 42 31 10 9 0 27 14 21 40 33 30 39 52 23 21 23 13 38 23 21 18 10 43 38 21 35 25 44 40 42 33 43 28 22 19 10 35 14 18 41 26 26 39 30 18 2 41 41 44 45 27 26 38 24 38 4 33 14 38 22 37 42 45 31 17 25 36 31 23 20 13 28 31 18
24 13 23 6 10 24 19 16 12 13 22 17 20 13 31 10 32 17 21 24 21 20 21 27 23 21 23 23 8 17 18 27 0 27 32 19 19 8 19 31 25 6 5 21 25 32 29 17 20 17 24 10 18 31 21 23 17 24 18 6 32 33 18 23 13 16 24 35 8 12 10 9 25 14 14 25 22 24 4 25 7 15 27 10 13 19 27 24 24 22 12 10 22 9 5 22 25 26 21 24 30
18 26 39 22 17 17 38 43 39 27 49 28 47 32 34 37 37 37 24 45 15 35 15 24 24 16 50 35 30 15 13 14 27 0 35 37 25 29 34 46 12 22 26 6 46 9 7 12 8 42 31 28 41 11 48 46 44 42 45 31 36 33 20 26 20 13 47 12 31 38 35 22 15 41 41 37 49 37 25 45 23 42 10 36 20 32 9 29 48 49 29 18 15 35 32 13 33 27 37 21 32
46 41 21 32 29 18 23 35 35 42 41 15 41 23 1 33 2 25 12 29 20 51 41 11 11 19 41 53 40 22 24 21 32 35 0 51 46 40 50 63 43 29 27 33 30 44 42 35 29 49 52 22 29 46 41 34 40 24 40 29 1 4 16 50 20 34 34 47 27 43 29 24 20 43 41 55 42 15 34 29 35 35 25 32 20 49 43 51 36 41 42 27 43 39 33 41 7 8 19 48 3
22 11 40 19 23 39 36 30 26 10 34 36 28 31 50 24 51 34 39 40 35 3 23 45 41 36 35 6 11 31 31 40 19 37 51 0 12 11 3 12 28 21 24 31 41 37 35 25 31 9 10 29 34 34 31 37 25 41 26 24 51 51 35 13 30 24 39 39 26 13 27 26 39 16 20 8 31 42 16 41 15 29 39 24 30 5 32 11 38 34 8 23 23 16 20 25 44 44 39 18 48
10 6 42 15 17 32 38 34 29 6 39 34 35 32 45 27 47 36 34 43 29 10 11 38 35 29 40 10 12 25 24 33 19 25 46 12 0 11 9 21 16 18 23 20 44 25 23 14 22 20 6 28 37 22 37 40 30 43 31 25 47 45 30 4 26 14 42 27 27 20 29 23 32 23 26 12 36 42 15 44 12 32 30 27 26 7 20 5 41 39 8 19 11 20 22 13 42 38 40 7 43
19 5 31 8 13 28 27 22 18 5 28 25 23 21 39 16 40 25 28 32 25 12 18 34 30 25 29 15 1 20 21 30 8 29 40 11 11 0 11 23 22 10 13 23 33 31 29 17 23 13 16 18 26 28 26 29 19 32 20 14 40 40 24 15 19 16 31 33 16 9 18 15 28 12 15 17 25 32 5 33 6 21 30 16 19 11 26 16 30 28 4 13 18 9 11 19 33 33 29 18 37
19 9 41 18 22 38 37 32 28 8 36 36 30 31 49 26 51 35 38 42 34 1 20 44 40 35 37 4 11 30 30 39 19 34 50 3 9 11 0 13 25 21 24 28 43 34 32 22 30 12 7 29 36 31 33 39 27 42 28 24 51 50 35 10 30 22 41 36 26 15 28 26 38 18 22 6 33 42 15 43 14 31 38 26 29 2 29 8 40 36 7 22 20 18 21 22 44 43 39 15 47
31 22 51 31 35 51 46 38 35 21 42 48 36 43 62 34 63 44 51 49 47 12 32 57 53 48 43 11 23 43 43 52 31 46 63 12 21 23 13 0 37 33 36 41 50 46 44 35 43 16 17 41 43 43 39 45 33 50 34 35 63 63 47 21 42 34 47 48 37 22 37 38 51 24 28 9 39 54 28 50 27 37 50 34 42 14 41 18 46 42 20 35 32 26 31 34 56 56 50 27 60
6 17 44 19 16 25 40 42 37 18 47 34 45 34 42 35 45 39 32 47 23 26 5 32 32 24 48 26 23 21 19 23 25 12 43 28 16 22 25 37 0 21 26 10 48 9 7 8 14 33 20 29 42 6 46 47 41 45 42 30 44 41 27 16 25 9 49 11 31 31 34 23 23 34 37 28 47 43 22 47 18 40 20 35 25 23 4 19 49 47 20 18 5 31 30 3 41 35 41 10 40
22 12 24 3 5 18 20 21 17 13 27 16 25 14 28 15 30 18 17 26 15 22 18 23 19 15 28 24 10 11 12 21 6 22 29 21 18 10 21 33 21 0 5 16 27 27 25 13 14 22 23 10 21 27 26 26 22 25 23 9 30 29 14 22 9 12 28 30 10 18 13 5 19 20 20 26 27 24 5 26 6 20 21 14 9 20 23 23 28 27 13 4 19 15 10 18 24 22 22 23 27
27 17 19 8 10 20 15 17 13 17 23 12 21 9 26 11 27 13 16 21 17 25 23 23 18 17 24 28 13 13 14 23 5 26 27 24 23 13 24 36 26 5 0 20 22 32 29 18 18 22 28 5 16 32 22 21 19 20 20 5 27 28 14 27 9 17 23 35 5 17 9 5 21 18 18 30 23 19 8 21 11 16 23 10 9 24 28 28 23 23 16 8 24 13 8 23 20 21 17 28 25
15 20 35 16 11 15 34 37 33 21 43 24 41 28 32 31 35 33 22 41 13 30 11 22 22 14 44 31 24 11 9 13 21 6 33 31 20 23 28 41 10 16 20 0 42 11 9 6 4 36 26 23 36 13 42 41 38 38 39 25 34 31 17 23 16 7 43 14 25 32 29 17 13 34 35 32 43 33 19 41 17 36 10 30 16 27 10 25 43 43 23 12 12 29 26 10 31 25 33 18 30
49 38 9 30 32 34 8 12 15 38 12 20 16 14 30 17 29 9 26 1 33 44 45 33 29 32 11 47 32 31 33 38 25 46 30 41 44 33 43 50 48 27 22 42 0 53 51 40 38 34 49 19 7 54 14 5 18 6 17 19 30 34 28 48 26 39 4 56 18 28 15 25 36 26 22 49 15 15 29 1 32 13 40 17 26 44 50 49 6 12 37 30 46 25 22 45 23 29 11 49 30
15 26 47 26 22 26 46 48 44 27 54 36 52 40 43 42 46 45 33 53 24 35 14 33 33 25 55 35 32 23 20 23 32 9 44 37 25 31 34 46 9 27 32 11 53 0 2 14 15 42 29 34 47 3 53 52 49 49 50 36 45 42 28 25 27 15 54 3 36 40 40 28 24 43 45 37 54 44 28 52 25 47 19 41 27 32 5 28 54 54 29 23 14 38 36 12 42 36 44 19 41
13 24 44 23 20 24 43 46 41 25 51 33 49 37 41 39 44 42 31 50 22 33 12 31 31 23 52 33 30 20 18 21 29 7 42 35 23 29 32 44 7 25 29 9 51 2 0 12 13 40 27 32 45 4 50 50 46 47 47 34 43 40 26 23 25 13 52 5 34 38 38 26 22 41 43 35 51 42 26 50 23 44 17 39 25 30 3 26 52 51 27 21 12 36 34 10 40 34 42 17 39
11 14 35 11 8 19 32 34 29 15 39 26 37 26 34 27 37 31 24 39 16 23 6 25 24 16 40 24 18 13 11 18 17 12 35 25 14 17 22 35 8 13 18 6 40 14 12 0 8 30 20 21 34 13 38 39 34 37 35 22 36 34 19 17 17 1 41 17 23 26 26 15 18 29 31 26 39 35 14 39 11 32 16 27 17 21 10 19 41 39 17 10 8 24 22 6 33 27 33 13 32
18 21 31 15 10 11 30 35 31 22 41 20 39 24 28 29 31 29 18 37 9 31 14 18 18 10 42 32 24 7 5 10 20 8 29 31 22 23 30 43 14 14 18 4 38 15 13 8 0 36 28 20 33 17 40 38 36 34 37 23 30 27 13 24 12 8 39 18 23 32 27 14 10 34 34 34 41 29 19 37 17 34 8 28 12 28 14 27 40 41 23 10 15 29 24 13 27 21 29 21 26
30 16 35 21 26 41 30 22 19 15 26 34 20 27 48 18 49 28 38 33 38 12 28 44 40 38 27 15 12 33 34 43 17 42 49 9 20 13 12 16 33 22 22 36 34 42 40 30 36 0 19 27 27 39 23 29 17 34 18 20 49 50 35 22 30 29 31 44 22 6 21 26 41 8 12 16 23 38 17 34 19 21 43 18 30 14 37 20 30 26 13 26 29 10 15 30 42 43 34 27 47
14 11 47 20 23 38 43 38 34 11 43 39 37 37 51 32 53 41 40 48 35 7 16 44 41 35 44 6 17 31 30 38 24 31 52 10 6 16 7 17 20 23 28 26 49 29 27 20 28 19 0 33 42 26 40 45 34 48 35 30 53 51 36 4 32 20 47 31 32 22 34 28 38 25 29 8 40 47 20 49 17 37 36 32 32 5 24 1 46 43 12 25 15 24 27 17 47 44 45 10 49
32 22 14 13 13 18 11 17 15 22 24 7 23 5 21 13 22 10 12 18 16 30 27 20 15 15 24 33 18 13 15 21 10 28 22 29 28 18 29 41 29 10 5 23 19 34 32 21 20 27 33 0 14 34 23 19 21 16 22 7 22 24 12 32 8 20 20 37 5 21 9 6 19 21 20 35 24 14 13 18 16 17 23 12 8 29 31 33 21 24 21 11 29 16 11 27 15 17 12 33 20
42 31 9 23 26 31 6 7 8 31 12 17 13 9 29 10 28 4 23 6 29 37 38 31 26 29 12 40 25 26 28 35 18 41 29 34 37 26 36 43 42 21 16 36 7 47 45 34 33 27 42 14 0 47 12 5 12 7 12 12 29 33 25 41 21 33 7 50 11 21 8 20 33 19 15 42 13 14 22 7 25 7 36 10 21 37 44 42 7 12 30 24 40 18 15 39 22 28 10 42 29
12 23 48 25 22 28 46 48 43 24 53 37 51 40 45 41 48 45 35 53 26 32 11 35 35 27 54 32 29 24 22 25 31 11 46 34 22 28 31 43 6 27 32 13 54 3 4 13 17 39 26 34 47 0 51 52 47 50 48 35 47 44 30 22 29 14 54 5 36 37 39 28 26 40 43 34 52 46 27 52 24 45 21 40 29 29 3 25 54 52 26 23 11 37 35 9 44 38 46 16 43
45 31 21 27 31 41 18 6 9 31 3 29 3 20 41 11 40 16 35 14 39 34 42 43 38 38 4 37 25 35 36 44 21 48 41 31 37 26 33 39 46 26 22 42 14 53 50 38 40 23 40 23 12 51 0 9 6 19 5 17 41 45 35 41 30 37 10 55 18 18 14 27 42 15 11 39 1 26 24 15 27 6 45 12 30 35 48 41 8 3 30 30 42 16 16 42 34 40 22 44 41
47 34 13 28 31 36 11 7 11 34 7 22 11 14 34 13 33 9 28 5 34 40 43 36 31 34 7 43 28 31 33 40 23 46 34 37 40 29 39 45 47 26 21 41 5 52 50 39 38 29 45 19 5 52 9 0 13 10 12 17 34 38 30 44 26 38 2 55 16 24 13 25 38 21 17 45 10 19 26 6 29 8 41 13 26 40 49 45 2 7 33 29 44 21 18 44 27 33 15 46 34
39 25 22 23 27 39 18 6 6 25 9 27 3 18 40 8 40 15 33 17 36 28 37 41 36 36 10 31 18 32 33 42 17 44 40 25 30 19 27 33 41 22 19 38 18 49 46 34 36 17 34 21 12 47 6 13 0 19 1 14 40 44 33 34 28 33 14 51 16 12 12 24 40 9 5 33 6 25 20 18 23 5 42 9 28 29 44 35 13 9 23 26 37 10 12 38 33 38 21 37 40
47 37 3 28 29 29 5 14 15 37 17 14 20 11 24 17 23 7 20 5 28 43 43 27 23 27 17 46 31 27 29 33 24 42 24 41 43 32 42 50 45 25 20 38 6 49 47 37 34 34 48 16 7 50 19 10 19 0 19 18 24 28 23 47 22 36 10 52 16 28 14 22 31 26 22 48 20 9 28 5 31 14 35 17 22 43 47 48 12 17 36 27 44 25 21 43 17 23 5 48 24
40 26 22 24 28 40 18 6 7 26 8 28 2 19 41 9 40 15 34 17 37 29 38 42 37 37 9 32 19 33 34 43 18 45 40 26 31 20 28 34 42 23 20 39 17 50 47 35 37 18 35 22 12 48 5 12 1 19 0 15 40 44 34 35 29 34 14 52 17 13 13 25 41 10 6 34 5 25 21 18 24 5 43 10 29 30 45 36 12 8 24 27 38 11 13 39 33 39 21 38 40
30 19 17 11 14 25 13 12 8 19 18 14 16 7 28 6 29 11 19 18 22 25 26 27 22 22 19 28 13 18 19 28 6 31 29 24 25 14 24 35 30 9 5 25 19 36 34 22 23 20 30 7 12 35 17 17 14 18 15 0 29 31 19 29 14 21 18 39 2 14 4 10 26 14 13 30 18 18 10 19 13 11 28 5 14 25 32 30 19 18 18 13 28 9 4 27 22 24 15 30 27
47 42 21 33 30 19 23 35 35 43 41 15 41 23 2 33 1 25 13 29 21 52 42 12 12 20 41 54 40 23 25 22 32 36 1 51 47 40 51 63 44 30 27 34 30 45 43 36 30 49 53 22 29 47 41 34 40 24 40 29 0 5 17 51 21 35 34 48 27 43 29 25 21 43 41 56 42 15 35 29 36 35 26 32 21 50 44 52 36 41 43 28 44 38 33 42 7 9 19 49 4
46 42 25 33 29 16 27 39 38 43 45 17 45 26 4 36 6 29 12 33 19 51 41 9 10 18 45 53 40 21 23 19 33 33 4 51 45 40 50 63 41 29 28 31 34 42 40 34 27 50 51 24 33 44 45 38 44 28 44 31 5 0 15 49 20 33 38 45 29 45 32 24 18 45 43 55 46 19 34 33 35 39 23 35 20 49 41 50 40 45 42 27 42 40 35 40 11 7 23 47 4
30 26 20 17 13 6 20 29 27 27 36 9 35 16 15 25 18 21 5 27 5 36 25 9 5 4 36 38 24 6 8 10 18 20 16 35 30 24 35 47 27 14 14 17 28 28 26 19 13 35 36 12 25 30 35 30 33 23 34 19 17 15 0 34 5 18 31 31 17 30 21 9 8 32 32 40 36 18 19 28 20 29 12 24 5 34 27 35 32 36 27 12 27 27 22 25 14 8 18 32 13
10 10 46 19 21 35 42 37 33 10 43 38 38 36 49 31 51 40 38 47 32 10 12 41 39 32 44 10 16 28 27 35 23 26 50 13 4 15 10 21 16 22 27 23 48 25 23 17 24 22 4 32 41 22 41 44 34 47 35 29 51 49 34 0 29 16 46 27 31 23 33 27 34 26 30 12 40 46 19 48 16 36 32 31 29 8 20 3 45 43 11 22 11 24 26 13 45 42 44 6 47
28 21 19 12 9 11 18 24 22 22 31 9 30 12 19 20 21 17 8 25 8 31 23 14 10 8 31 33 19 5 7 14 13 20 20 30 26 19 30 42 25 9 9 16 26 27 25 17 12 30 32 8 21 29 30 26 28 22 29 14 21 20 5 29 0 16 27 30 12 25 16 4 12 27 27 35 31 18 14 25 15 24 15 19 0 29 26 31 28 31 22 7 25 22 17 23 16 13 17 29 18
12 13 34 10 7 19 31 33 28 14 38 25 36 25 33 26 36 30 23 38 16 23 7 25 23 16 39 24 17 12 11 18 16 13 34 24 14 16 22 34 9 12 17 7 39 15 13 1 8 29 20 20 33 14 37 38 33 36 34 21 35 33 18 16 16 0 39 18 22 25 25 14 18 28 30 26 38 34 13 38 10 31 16 26 16 20 11 19 40 38 16 9 9 23 21 7 32 26 32 14 31
49 36 13 30 33 37 11 9 13 36 8 23 13 15 34 15 33 10 29 5 35 42 45 36 32 35 7 45 30 32 34 41 24 47 34 39 42 31 41 47 49 28 23 43 4 54 52 41 39 31 47 20 7 54 10 2 14 10 14 18 34 38 31 46 27 39 0 57 18 26 14 26 39 23 19 47 11 19 28 5 31 10 42 15 27 42 50 47 2 8 35 31 46 23 20 45 27 33 15 48 34
17 28 50 29 25 29 49 51 47 29 57 39 55 43 46 45 49 48 36 56 27 37 16 36 36 28 58 37 34 26 23 26 35 12 47 39 27 33 36 48 11 30 35 14 56 3 5 17 18 44 31 37 50 5 55 55 51 52 52 39 48 45 31 27 30 18 57 0 39 42 43 31 27 45 48 39 56 47 31 55 28 49 22 44 30 34 8 30 57 56 31 26 16 41 39 14 45 39 47 21 44
31 21 15 12 15 23 11 12 10 21 19 12 18 5 26 8 27 9 17 17 20 27 27 25 20 20 19 30 15 17 18 26 8 31 27 26 27 16 26 37 31 10 5 25 18 36 34 23 23 22 32 5 11 36 18 16 16 16 17 2 27 29 17 31 12 22 18 39 0 16 4 9 24 16 15 32 19 16 12 17 15 12 27 7 12 27 33 32 18 19 20 13 29 11 6 28 20 22 13 32 25
29 14 28 17 22 36 24 17 13 14 21 28 15 21 42 12 43 22 33 27 33 16 27 39 35 33 22 19 8 29 30 39 12 38 43 13 20 9 15 22 31 18 17 32 28 40 38 26 32 6 22 21 21 37 18 24 12 28 13 14 43 45 30 23 25 25 26 42 16 0 15 21 37 3 7 21 18 32 13 28 15 16 39 12 25 17 35 23 25 21 12 22 27 4 9 28 36 38 28 27 41
34 23 13 15 18 27 9 8 6 23 15 15 14 6 28 4 29 7 21 14 24 29 30 29 24 24 15 32 17 21 22 30 10 35 29 27 29 18 28 37 34 13 9 29 15 40 38 26 27 21 34 9 8 39 14 13 12 14 13 4 29 32 21 33 16 25 14 43 4 15 0 13 28 14 11 34 15 17 14 15 17 8 31 3 16 29 36 34 15 15 22 17 32 11 7 31 22 26 13 34 28
26 17 20 8 7 15 17 21 18 18 28 11 26 11 23 16 25 16 12 24 12 27 21 18 14 12 28 29 15 8 9 18 9 22 24 26 23 15 26 38 23 5 5 17 25 28 26 15 14 26 28 6 20 28 27 25 24 22 25 10 25 24 9 27 4 14 26 31 9 21 13 0 16 23 23 31 28 20 10 24 11 21 18 15 4 25 25 28 27 28 18 5 23 18 13 21 19 17 18 27 22
28 29 28 20 16 2 28 36 34 30 43 17 42 24 19 32 22 29 11 35 4 39 24 9 9 4 43 41 29 8 8 2 25 15 20 39 32 28 38 51 23 19 21 13 36 24 22 18 10 41 38 19 33 26 42 38 40 31 41 26 21 18 8 34 12 18 39 27 24 37 28 16 0 39 39 43 43 25 24 36 23 36 5 31 12 37 23 37 40 43 30 15 25 34 29 23 18 12 26 31 17
32 17 27 19 24 38 22 14 11 17 18 28 12 20 42 10 43 20 33 25 35 19 30 41 36 35 19 22 11 31 32 41 14 41 43 16 23 12 18 24 34 20 18 34 26 43 41 29 34 8 25 21 19 40 15 21 9 26 10 14 43 45 32 26 27 28 23 45 16 3 14 23 39 0 4 24 15 30 15 26 18 13 41 11 27 20 38 26 22 18 15 24 30 5 10 31 36 38 26 30 41
35 20 24 20 24 38 19 10 7 20 14 26 8 18 40 8 41 17 32 21 35 23 33 40 35 35 15 26 14 31 32 41 14 41 41 20 26 15 22 28 37 20 18 35 22 45 43 31 34 12 29 20 15 43 11 17 5 22 6 13 41 43 32 30 27 30 19 48 15 7 11 23 39 4 0 28 11 27 16 22 19 9 41 8 27 24 41 30 18 14 19 24 33 6 10 34 33 37 23 33 39
22 14 47 23 27 43 43 38 34 13 42 42 36 37 54 32 56 41 43 48 39 5 23 49 45 40 43 2 17 35 35 44 25 37 55 8 12 17 6 9 28 26 30 32 49 37 35 26 34 16 8 35 42 34 39 45 33 48 34 30 56 55 40 12 35 26 47 39 32 21 34 31 43 24 28 0 39 48 21 49 20 37 42 32 35 6 32 9 46 42 13 28 23 24 27 25 50 48 45 18 53
45 31 22 28 32 42 19 7 10 31 3 30 3 21 42 12 41 17 36 15 39 34 43 44 39 39 4 37 24 36 37 45 22 49 42 31 36 25 33 39 47 27 23 43 15 54 51 39 41 23 40 24 13 52 1 10 6 20 5 18 42 46 36 40 31 38 11 56 19 18 15 28 43 15 11 39 0 27 25 16 28 7 46 13 31 35 49 41 9 3 29 31 43 16 17 43 35 41 23 43 42
46 36 6 27 27 23 8 20 20 36 26 9 26 11 15 20 14 10 14 14 23 44 41 20 16 22 26 47 31 22 24 27 24 37 15 42 42 32 42 54 43 24 19 33 15 44 42 35 29 38 47 14 14 46 26 19 25 9 25 18 15 19 18 46 18 34 19 47 16 32 17 20 25 30 27 48 27 0 27 14 30 20 30 20 18 43 43 47 21 26 35 25 43 27 22 41 8 16 4 47 15
20 9 27 4 9 23 23 20 16 9 26 20 23 17 33 13 35 21 22 28 20 17 17 28 24 20 26 19 5 16 17 26 4 25 34 16 15 5 15 28 22 5 8 19 29 28 26 14 19 17 20 13 22 27 24 26 20 28 21 10 35 34 19 19 14 13 28 31 12 13 14 10 24 15 16 21 25 27 0 29 3 18 26 13 14 15 24 20 27 25 8 9 18 10 8 18 28 27 25 20 32
48 38 8 29 31 34 8 12 15 38 13 19 17 13 29 17 28 8 25 1 33 44 44 32 28 32 12 47 32 30 32 38 25 45 29 41 44 33 43 50 47 26 21 41 1 52 50 39 37 34 49 18 7 52 15 6 18 5 18 19 29 33 28 48 25 38 5 55 17 28 15 24 36 26 22 49 16 14 29 0 32 13 40 17 25 44 49 49 7 13 37 29 45 25 22 44 22 28 10 49 29
17 6 30 3 7 23 26 23 19 7 29 22 26 20 34 16 36 24 23 31 19 16 14 29 25 20 29 18 7 15 15 24 7 23 35 15 12 6 14 27 18 6 11 17 32 25 23 11 17 19 17 16 25 24 27 29 23 31 24 13 36 35 20 16 15 10 31 28 15 15 17 11 23 18 19 20 28 30 3 32 0 21 24 16 15 14 21 17 30 28 7 8 15 13 11 15 30 28 28 17 33
40 26 16 21 25 35 12 1 3 26 7 23 6 14 35 5 34 10 29 12 32 32 36 37 32 32 8 35 20 29 30 38 15 42 35 29 32 21 31 37 40 20 16 36 13 47 44 32 34 21 37 17 7 45 6 8 5 14 5 11 35 39 29 36 24 31 10 49 12 16 8 21 36 13 9 37 7 20 18 13 21 0 39 6 24 32 42 37 9 7 25 24 36 13 10 36 28 34 16 38 35
25 29 32 22 17 7 32 39 36 30 46 21 44 27 24 34 27 32 16 39 7 39 21 14 14 8 46 40 31 10 9 4 27 10 25 39 30 30 38 50 20 21 23 10 40 19 17 16 8 43 36 23 36 21 45 41 42 35 43 28 26 23 12 32 15 16 42 22 27 39 31 18 5 41 41 42 46 30 26 40 24 39 0 33 15 36 18 35 43 46 31 17 22 36 31 20 23 17 30 28 22
33 21 16 16 19 30 12 7 3 21 13 18 11 9 31 1 32 10 24 16 27 27 30 32 27 27 14 30 15 23 24 33 10 36 32 24 27 16 26 34 35 14 10 30 17 41 39 27 28 18 32 12 10 40 12 13 9 17 10 5 32 35 24 31 19 26 15 44 7 12 3 15 31 11 8 32 13 20 13 17 16 6 33 0 19 27 37 32 15 13 20 18 31 8 5 31 25 29 16 33 31
28 21 19 12 9 11 18 24 22 22 31 9 30 12 19 20 21 17 8 25 8 31 23 14 10 8 31 33 19 5 7 14 13 20 20 30 26 19 29 42 25 9 9 16 26 27 25 17 12 30 32 8 21 29 30 26 28 22 29 14 21 20 5 29 0 16 27 30 12 25 16 4 12 27 27 35 31 18 14 25 15 24 15 19 0 29 26 31 28 31 22 7 25 22 17 23 16 13 17 29 18
17 8 42 17 21 37 38 33 29 7 38 36 32 32 48 27 50 36 37 43 33 3 18 43 39 34 39 4 12 29 29 38 19 32 49 5 7 11 2 14 23 20 24 27 44 32 30 21 28 14 5 29 37 29 35 40 29 43 30 25 50 49 34 8 29 20 42 34 27 17 29 25 37 20 24 6 35 43 15 44 14 32 36 27 29 0 27 6 41 38 7 22 18 19 22 20 43 42 40 13 47
10 21 45 21 18 25 42 44 39 22 49 34 47 36 42 37 45 41 32 49 23 30 9 32 32 24 50 30 27 21 19 22 27 9 43 32 20 26 29 41 4 23 28 10 50 5 3 10 14 37 24 31 44 3 48 49 44 47 45 32 44 41 27 20 26 11 50 8 33 35 36 25 23 38 41 32 49 43 24 49 21 42 18 37 26 27 0 23 51 49 24 20 9 34 32 7 41 35 43 14 40
13 11 47 20 22 37 43 38 34 11 44 39 38 37 50 32 52 41 39 48 34 8 15 43 40 34 45 7 17 30 29 37 24 29 51 11 5 16 8 18 19 23 28 25 49 28 26 19 27 20 1 33 42 25 41 45 35 48 36 30 52 50 35 3 31 19 47 30 32 23 34 28 37 26 30 9 41 47 20 49 17 37 35 32 31 6 23 0 46 44 12 24 14 25 27 16 47 43 45 9 48
48 35 15 30 33 38 13 8 12 35 6 24 11 16 36 14 35 11 30 7 36 41 45 38 33 36 5 44 29 33 35 42 24 48 36 38 41 30 40 46 49 28 23 43 6 54 52 41 40 30 46 21 7 54 8 2 13 12 12 19 36 40 32 45 28 40 2 57 18 25 15 27 40 22 18 46 9 21 27 7 30 9 43 15 28 41 51 46 0 6 34 31 45 22 19 45 29 35 17 47 36
47 33 20 28 32 42 18 7 10 33 0 29 6 20 41 12 40 16 35 12 39 37 43 43 38 39 1 40 27 36 37 45 22 49 41 34 39 28 36 42 47 27 23 43 12 54 51 39 41 26 43 24 12 52 3 7 9 17 8 18 41 45 36 43 31 38 8 56 19 21 15 28 43 18 14 42 3 26 25 13 28 7 46 13 31 38 49 44 6 0 32 31 43 19 17 43 34 40 22 45 41
17 3 35 10 14 30 31 26 22 2 32 28 27 25 41 20 43 29 30 36 26 8 15 36 32 27 33 11 5 22 22 31 12 29 42 8 8 4 7 20 20 13 16 23 37 29 27 17 23 13 12 21 30 26 30 33 23 36 24 18 43 42 27 11 22 16 35 31 20 12 22 18 30 15 19 13 29 35 8 37 7 25 31 20 22 7 24 12 34 32 0 15 16 13 15 17 36 35 33 15 40
21 14 25 5 2 14 22 25 21 15 31 16 29 16 26 19 28 21 15 29 11 24 16 21 17 12 32 26 14 7 8 17 10 18 27 23 19 13 22 35 18 4 8 12 30 23 21 10 10 26 25 11 24 23 30 29 26 27 27 13 28 27 12 22 7 9 31 26 13 22 17 5 15 24 24 28 31 25 9 29 8 24 17 18 7 22 20 24 31 31 15 0 18 19 14 16 23 20 23 22 25
3 13 43 17 16 27 39 38 34 14 44 34 41 33 42 31 45 37 32 45 24 21 2 33 32 24 44 21 19 21 19 25 22 15 43 23 11 18 20 32 5 19 24 12 46 14 12 8 15 29 15 29 40 11 42 44 37 44 38 28 44 42 27 11 25 9 46 16 29 27 32 23 25 30 33 23 43 43 18 45 15 36 22 31 25 18 9 14 45 43 16 18 0 27 26 2 41 35 41 6 40
29 14 24 14 19 33 20 14 10 14 19 24 13 17 38 8 39 18 28 24 30 19 27 36 31 30 20 22 8 26 27 36 9 35 39 16 20 9 18 26 31 15 13 29 25 38 36 24 29 10 24 16 18 37 16 21 10 25 11 9 38 40 27 24 22 23 23 41 11 4 11 18 34 5 6 24 16 27 10 25 13 13 36 8 22 19 34 25 22 19 13 19 27 0 5 28 31 33 24 27 36
28 16 20 11 15 28 16 11 7 16 17 18 15 11 32 5 33 14 23 21 25 22 25 31 26 25 18 25 10 21 22 31 5 32 33 20 22 11 21 31 30 10 8 26 22 36 34 22 24 15 27 11 15 35 16 18 12 21 13 4 33 35 22 26 17 21 20 39 6 9 7 13 29 10 10 27 17 22 8 22 11 10 31 5 17 22 32 27 19 17 15 14 26 5 0 26 26 28 19 28 31
5 14 41 16 14 24 38 38 34 15 44 32 41 32 40 31 43 36 30 44 22 23 2 31 30 22 44 23 20 19 17 23 22 13 41 25 13 19 22 34 3 18 23 10 45 12 10 6 13 30 17 27 39 9 42 44 38 43 39 27 42 40 25 13 23 7 45 14 28 28 31 21 23 31 34 25 43 41 18 44 15 36 20 31 23 20 7 16 45 43 17 16 2 28 26 0 39 33 39 8 38
44 36 14 27 25 16 16 28 28 37 34 8 34 16 7 26 7 18 9 22 18 46 39 12 9 17 34 48 33 20 22 20 25 33 7 44 42 33 44 56 41 24 20 31 23 42 40 33 27 42 47 15 22 44 34 27 33 17 33 22 7 11 14 45 16 32 27 45 20 36 22 19 18 36 33 50 35 8 28 22 30 28 23 25 16 43 41 47 29 34 36 23 41 31 26 39 0 8 12 45 7
38 34 20 25 21 10 22 34 32 35 40 11 40 20 7 30 10 24 5 28 12 44 33 4 3 11 40 46 33 14 16 13 26 27 8 44 38 33 43 56 35 22 21 25 29 36 34 27 21 43 44 17 28 38 40 33 38 23 39 24 9 7 8 42 13 26 33 39 22 38 26 17 12 38 37 48 41 16 27 28 28 34 17 29 13 42 35 43 35 40 35 20 35 33 28 33 8 0 18 40 5
44 34 2 25 25 24 4 16 16 34 22 9 22 8 19 16 18 6 15 10 23 40 39 22 18 22 22 43 28 22 24 28 21 37 19 39 40 29 39 50 41 22 17 33 11 44 42 33 29 34 45 12 10 46 22 15 21 5 21 15 19 23 18 44 17 32 15 47 13 28 13 18 26 26 23 45 23 4 25 10 28 16 30 16 17 40 43 45 17 22 33 23 41 24 19 39 12 18 0 45 19
4 13 47 20 20 32 43 40 36 13 46 38 41 37 47 33 50 41 37 48 29 16 7 38 37 29 46 16 19 26 24 31 24 21 48 18 7 18 15 27 10 23 28 18 49 19 17 13 21 27 10 33 42 16 44 46 37 48 38 30 49 47 32 6 29 14 48 21 32 27 34 27 31 30 33 18 43 47 20 49 17 38 28 33 29 13 14 9 47 45 15 22 6 27 28 8 45 40 45 0 45
43 39 21 30 26 15 23 35 34 40 41 13 41 22 2 32 5 25 10 29 17 49 38 8 8 16 41 51 37 19 21 18 30 32 3 48 43 37 47 60 40 27 25 30 30 41 39 32 26 47 49 20 29 43 41 34 40 24 40 27 4 4 13 47 18 31 34 44 25 41 28 22 17 41 39 53 42 15 32 29 33 35 22 31 18 47 40 48 36 41 40 25 40 36 31 38 7 5 19 45 0
0         1089     
315       441      
520       626      
109       222      
91        219      
46        161      
148       277      
432       561      
417       523      
336       443      
454       561      
175       289      
413       545      
756       879      
199       325      
395       502      
780       903      
148       275      
182       304      
474       594      
545       660      
589       720      
0         84       
215       330      
540       658      
42        165      
449       559      
580       706      
647       762      
80        207      
240       369      
53        156      
110       239      
0         120      
208       320      
620       750      
310       443      
344       456      
580       701      
675       812      
0         86       
98        217      
126       257      
0         104      
479       589      
11        138      
0         115      
284       393      
0         106      
612       745      
868       993      
131       248      
490       622      
285       399      
435       572      
492       611      
424       554      
487       610      
448       575      
115       232      
211       332      
206       328      
47        182      
317       440      
61        177      
0         95       
470       598      
11        132      
116       251      
369       484      
410       526      
76        192      
228       355      
351       485      
365       475      
682       799      
444       577      
154       287      
109       215      
490       603      
559       691      
425       536      
40        162      
390       521      
73        195      
577       699      
0         127      
656       779      
478       582      
735       848      
319       451      
259       366      
0         67       
341       474      
122       240      
0         79       
172       289      
193       310      
162       268      
0         65       
211       321      
