101
0 20 9 34 17 35 13 21 14 40 28 7 33 21 35 20 13 11 27 45 32 38 29 24 8 25 30 10 29 14 15 33 31 30 14 13 17 26 34 32 17 32 37 21 22 15 5 27 44 32 10 20 41 32 20 9 27 20 21 33 27 25 20 36 28 13 14 16 11 34 16 43 31 14 24 12 29 31 36 21 23 29 33 44 37 13 18 7 16 33 38 26 11 13 18 10 23 31 14 26 12
20 0 19 17 18 15 29 12 20 20 22 23 33 19 23 7 24 31 23 25 22 18 29 22 17 11 28 17 14 11 35 12 21 21 31 30 13 19 14 25 8 21 18 1 12 10 25 25 24 25 26 17 23 17 12 29 10 7 29 21 10 7 28 31 15 28 24 36 29 25 13 23 22 7 24 15 9 14 29 8 17 9 20 24 17 22 9 26 28 23 18 9 22 24 14 20 18 21 31 24 32
9 19 0 30 9 34 22 26 21 39 21 16 40 28 28 15 6 15 18 44 38 34 36 15 15 19 37 2 23 9 17 30 24 23 21 21 23 19 33 38 21 37 37 20 27 20 12 18 43 38 8 13 42 35 25 13 22 22 30 38 23 21 29 43 32 22 23 19 11 27 22 41 37 12 15 5 25 33 29 16 16 27 37 43 35 5 13 15 25 39 34 21 20 6 11 2 29 37 22 17 17
34 17 30 0 23 14 46 27 37 16 18 40 48 36 14 14 34 44 22 22 34 8 45 22 34 10 43 27 8 21 46 9 14 16 48 47 30 17 12 39 25 32 20 16 26 27 39 24 21 38 37 20 25 25 27 42 7 22 46 32 7 10 45 45 25 45 41 48 40 18 30 17 35 20 24 24 8 21 22 13 18 10 28 22 12 31 16 41 45 34 8 8 39 34 19 30 33 32 48 23 45
17 18 9 23 0 30 30 27 27 34 12 24 46 32 19 11 11 24 10 40 39 29 42 7 21 13 41 7 15 7 25 26 15 14 30 30 26 10 29 40 22 38 35 19 28 22 21 10 39 40 16 4 40 35 26 22 17 23 37 39 18 17 35 46 33 30 29 27 19 18 25 37 38 11 7 5 21 32 20 11 7 23 38 39 31 8 9 24 33 40 29 16 26 11 4 9 32 38 31 9 26
35 15 34 14 30 0 42 20 31 5 31 37 38 29 27 19 39 46 34 10 21 8 37 33 31 19 33 32 20 26 50 5 27 29 45 44 24 29 2 28 20 19 6 14 19 22 40 36 9 27 41 28 11 12 21 44 15 17 40 19 14 13 39 33 14 40 35 51 44 31 24 8 24 22 35 30 9 8 35 18 28 7 15 9 4 37 21 40 39 22 8 15 34 39 25 35 26 20 44 35 47
13 29 22 46 30 42 0 23 12 47 41 6 26 18 47 32 24 15 40 50 32 47 22 37 12 37 24 23 41 26 19 41 43 43 5 3 19 39 42 28 22 32 41 30 24 20 10 40 49 29 19 33 44 34 22 14 39 25 13 33 39 36 12 30 31 3 8 19 19 47 18 50 29 26 37 25 38 35 49 33 36 38 36 48 45 26 30 7 7 31 47 38 8 24 31 23 21 31 2 39 14
21 12 26 27 27 20 23 0 12 24 34 19 21 9 35 19 32 32 35 26 12 27 18 33 13 23 15 25 26 20 35 21 33 33 27 26 4 31 21 13 5 11 18 12 1 6 24 36 26 13 30 28 21 11 1 29 22 5 20 12 21 18 19 19 8 21 15 36 32 37 5 28 11 17 34 24 19 12 41 20 29 18 13 25 24 31 20 22 19 13 27 20 15 32 24 28 6 11 25 35 31
14 20 21 37 27 31 12 12 0 36 37 9 19 7 41 25 26 23 37 38 20 38 15 34 6 30 16 21 34 22 27 32 38 38 16 14 7 35 32 18 12 21 30 21 13 10 16 37 38 18 24 30 33 23 10 21 30 15 9 22 30 27 8 22 19 9 4 27 25 42 7 39 18 19 34 22 29 24 45 26 32 29 24 37 35 26 23 13 8 20 38 29 4 26 27 23 10 20 14 36 22
40 20 39 16 34 5 47 24 36 0 34 42 42 33 30 23 44 51 37 6 24 8 41 36 35 22 37 37 23 30 55 8 30 32 50 48 28 32 5 31 24 22 7 18 23 26 44 39 5 30 46 32 10 15 25 48 18 21 44 21 17 17 43 36 18 44 39 55 49 34 29 4 27 26 38 34 12 12 38 22 31 10 16 6 4 41 25 44 43 25 8 18 38 43 29 39 30 23 48 38 51
28 22 21 18 12 31 41 34 37 34 0 35 55 40 7 14 22 36 4 40 44 26 50 6 31 12 49 19 11 15 37 26 4 2 42 41 34 2 29 47 29 42 37 22 34 30 33 6 39 47 28 8 42 38 33 34 16 28 46 43 17 18 45 53 36 41 39 39 31 6 33 35 44 18 8 16 22 34 8 14 5 24 41 40 30 19 14 35 43 45 26 16 36 22 10 21 39 43 42 6 38
7 23 16 40 24 37 6 19 9 42 35 0 27 16 41 26 20 14 34 45 29 41 23 31 6 31 25 17 35 20 18 35 37 37 8 7 15 33 37 27 17 30 37 24 20 15 7 34 45 27 16 27 40 30 18 12 33 20 14 31 33 30 13 31 27 6 8 18 16 41 14 45 27 20 31 19 32 31 43 27 30 32 32 44 40 20 24 4 9 29 41 32 5 20 25 17 19 29 8 33 13
33 33 40 48 46 38 26 21 19 42 55 27 0 14 56 40 45 41 55 43 18 46 4 52 25 44 5 40 47 39 45 41 54 54 31 29 20 52 40 11 25 20 35 33 21 24 34 55 43 12 42 47 36 27 21 39 43 26 13 21 42 39 14 7 24 23 19 45 43 58 21 46 15 36 53 41 39 30 62 41 49 39 26 42 42 45 40 31 19 17 46 41 22 45 44 42 14 19 28 54 40
21 19 28 36 32 29 18 9 7 33 40 16 14 0 42 26 33 30 41 34 13 36 10 38 13 30 9 27 33 25 34 30 40 40 23 21 6 38 30 11 11 14 26 20 10 10 23 41 34 11 31 33 28 18 8 28 29 13 11 15 29 26 10 15 15 15 10 34 32 44 7 37 11 22 39 28 27 21 48 27 35 27 19 33 33 33 26 20 12 13 36 28 11 33 30 30 3 13 20 40 29
35 23 28 14 19 27 47 35 41 30 7 41 56 42 0 17 29 43 11 36 45 22 52 13 36 12 50 26 9 21 44 22 4 5 49 48 36 9 25 48 31 43 33 23 35 33 40 13 35 48 35 15 38 36 35 41 14 30 50 43 15 17 49 54 36 47 44 46 38 4 36 31 45 22 15 23 20 32 8 16 12 21 39 36 26 26 18 42 48 45 22 14 41 29 17 28 41 43 49 13 45
20 7 15 14 11 19 32 19 25 23 14 26 40 26 17 0 20 30 16 29 29 19 36 15 20 5 34 13 9 6 32 15 14 14 34 33 20 12 17 32 15 28 24 8 19 16 25 18 27 32 23 10 29 24 19 27 7 14 34 28 7 6 33 38 22 31 28 34 26 18 19 26 29 6 17 10 10 21 22 1 10 12 27 28 20 17 2 27 31 30 19 6 25 20 7 16 25 28 34 17 31
13 24 6 34 11 39 24 32 26 44 22 20 45 33 29 20 0 14 19 49 44 39 41 16 20 24 42 7 26 14 15 35 25 24 23 23 29 20 37 44 27 43 42 25 33 26 14 18 47 44 6 15 47 40 31 12 27 28 34 44 27 26 33 48 38 26 27 17 9 28 28 46 43 17 15 10 30 38 30 21 17 32 43 48 40 3 18 17 29 45 39 26 24 0 15 4 35 43 24 17 16
11 31 15 44 24 46 15 32 23 51 36 14 41 30 43 30 14 0 33 56 43 49 37 30 18 34 39 17 38 23 4 43 39 38 11 13 27 34 45 41 28 42 48 32 33 26 7 32 55 41 8 28 52 43 30 2 37 31 28 43 37 36 27 45 39 18 22 5 5 42 26 54 41 24 29 20 39 42 44 31 31 40 44 55 48 17 27 10 22 43 48 36 19 14 26 15 32 41 14 31 2
27 23 18 22 10 34 40 35 37 37 4 34 55 41 11 16 19 33 0 43 45 30 51 3 31 15 50 17 14 15 34 29 8 6 39 39 34 5 32 48 30 44 40 24 35 30 30 2 42 48 25 7 45 40 34 31 19 30 46 44 20 21 45 54 38 40 39 36 28 9 33 39 45 18 4 15 25 37 11 16 6 27 43 43 33 16 15 33 43 46 30 19 36 19 10 18 40 44 40 2 35
45 25 44 22 40 10 50 26 38 6 40 45 43 34 36 29 49 56 43 0 25 14 42 42 39 28 38 42 29 35 60 14 36 38 53 52 30 38 11 32 28 23 8 24 25 30 49 45 1 31 51 38 7 16 27 54 24 25 45 22 23 23 44 37 19 47 41 61 54 40 31 5 28 32 44 39 18 13 44 28 37 16 17 1 10 46 31 48 45 26 14 24 41 49 35 45 31 24 51 44 56
32 22 38 34 39 21 32 12 20 24 44 29 18 13 45 29 44 43 45 25 0 29 17 44 24 33 13 37 35 32 46 25 42 43 36 34 15 41 23 7 17 2 17 22 11 18 35 47 25 6 42 39 18 9 13 40 31 16 23 3 30 27 23 12 8 28 23 47 43 47 16 28 3 28 46 36 25 13 51 30 39 24 8 24 25 43 31 33 25 1 29 29 24 44 35 40 10 1 33 46 42
38 18 34 8 29 8 47 27 38 8 26 41 46 36 22 19 39 49 30 14 29 0 44 30 35 16 41 32 16 25 51 6 22 24 49 48 31 25 6 36 26 27 14 17 26 28 43 32 13 35 42 26 18 20 28 46 12 23 47 27 12 13 46 41 22 46 42 53 45 26 31 9 32 24 32 29 9 16 30 18 25 9 23 14 5 36 21 44 46 30 0 13 40 39 25 35 33 28 49 31 50
29 29 36 45 42 37 22 18 15 41 50 23 4 10 52 36 41 37 51 42 17 44 0 48 21 40 4 36 43 35 41 39 50 50 27 25 16 48 38 10 21 19 34 30 19 20 30 51 42 11 38 43 35 26 18 35 39 23 9 20 39 36 10 9 23 19 15 41 39 54 17 45 14 32 49 37 37 29 58 37 45 36 25 41 41 41 36 27 15 16 44 38 18 41 40 38 12 18 24 50 36
24 22 15 22 7 33 37 33 34 36 6 31 52 38 13 15 16 30 3 42 44 30 48 0 28 14 47 14 14 13 31 28 10 8 36 36 32 5 31 46 28 42 39 23 33 28 27 3 41 46 22 5 44 39 32 28 18 27 43 43 19 20 42 52 37 37 36 33 25 12 31 39 43 16 2 12 24 36 14 15 5 26 42 42 32 13 13 30 40 44 30 18 33 16 8 15 38 42 37 2 32
8 17 15 34 21 31 12 13 6 35 31 6 25 13 36 20 20 18 31 39 24 35 21 28 0 25 22 15 29 16 22 29 32 33 14 13 9 29 31 24 11 24 31 18 14 9 11 31 39 24 18 24 34 24 12 16 27 14 15 25 27 24 14 28 21 11 8 23 19 37 8 39 23 14 28 16 26 25 39 21 26 26 26 38 34 20 18 9 11 25 35 26 5 20 21 17 15 23 14 30 18
25 11 19 10 13 19 37 23 30 22 12 31 44 30 12 5 24 34 15 28 33 16 40 14 25 0 38 17 4 11 36 14 10 11 39 38 24 10 17 36 19 31 25 11 23 21 30 17 27 36 27 10 30 26 23 32 4 18 39 31 5 6 38 42 25 36 33 38 30 15 24 25 33 11 16 14 10 22 19 4 9 12 29 28 18 21 7 32 36 34 16 4 30 24 9 20 29 32 39 16 36
30 28 37 43 41 33 24 15 16 37 49 25 5 9 50 34 42 39 50 38 13 41 4 47 22 38 0 36 41 34 43 36 48 48 29 27 15 46 35 6 19 15 30 27 16 19 32 50 38 7 40 42 31 22 15 37 37 20 13 16 36 33 13 6 19 21 17 43 41 52 16 41 10 31 48 37 34 25 56 35 44 33 21 37 37 42 34 29 18 12 41 35 20 42 39 39 9 14 26 49 38
10 17 2 27 7 32 23 25 21 37 19 17 40 27 26 13 7 17 17 42 37 32 36 14 15 17 36 0 21 7 19 28 22 21 23 23 22 17 30 37 20 36 35 18 26 19 14 17 40 37 10 11 40 33 24 15 20 21 30 37 20 19 29 42 31 23 23 21 13 25 21 39 36 10 14 3 23 31 27 14 14 25 36 41 33 6 11 17 26 38 32 19 20 7 9 3 28 36 24 16 19
29 14 23 8 15 20 41 26 34 23 11 35 47 33 9 9 26 38 14 29 35 16 43 14 29 4 41 21 0 15 40 15 7 9 43 42 27 9 18 39 22 33 26 14 26 24 34 16 28 39 31 12 31 27 26 36 5 21 43 34 6 7 42 45 26 40 37 42 34 12 27 25 36 15 16 18 11 23 16 8 10 13 30 29 19 23 11 36 40 35 16 5 34 26 12 24 32 33 43 15 40
14 11 9 21 7 26 26 20 22 30 15 20 39 25 21 6 14 23 15 35 32 25 35 13 16 11 34 7 15 0 26 21 17 17 28 27 19 13 23 33 15 31 29 12 21 15 19 16 33 33 17 8 34 28 19 21 13 16 31 32 13 12 30 39 26 26 24 28 20 21 18 32 31 4 14 4 16 25 23 7 10 18 31 34 26 11 4 21 27 33 25 12 21 14 5 10 25 31 28 15 25
15 35 17 46 25 50 19 35 27 55 37 18 45 34 44 32 15 4 34 60 46 51 41 31 22 36 43 19 40 26 0 47 40 39 14 16 31 35 49 45 32 46 52 36 36 30 11 33 59 45 9 29 56 46 34 6 39 35 32 47 39 38 31 49 43 22 26 2 6 43 30 58 45 28 30 22 42 46 45 33 32 44 48 59 52 18 30 14 26 47 51 38 23 15 28 16 36 45 17 32 5
33 12 30 9 26 5 41 21 32 8 26 35 41 30 22 15 35 43 29 14 25 6 39 28 29 14 36 28 15 21 47 0 22 24 43 42 25 24 3 31 20 23 11 11 20 22 37 31 13 30 38 24 16 16 22 41 10 17 41 23 9 9 40 37 17 40 36 48 41 26 25 11 27 19 30 25 5 12 30 14 23 3 19 14 5 32 17 38 40 26 6 10 34 35 21 31 27 24 43 30 44
31 21 24 14 15 27 43 33 38 30 4 37 54 40 4 14 25 39 8 36 42 22 50 10 32 10 48 22 7 17 40 22 0 2 45 44 34 5 25 46 29 40 33 21 33 30 36 10 35 46 31 11 38 34 33 37 12 28 47 41 13 14 46 52 33 43 40 42 34 5 33 31 43 18 12 19 18 30 9 13 8 20 37 36 26 22 14 38 43 42 22 12 37 25 13 24 39 40 45 10 41
30 21 23 16 14 29 43 33 38 32 2 37 54 40 5 14 24 38 6 38 43 24 50 8 33 11 48 21 9 17 39 24 2 0 44 43 34 4 27 46 29 42 35 22 33 30 35 8 37 46 30 10 40 36 33 36 14 28 47 42 15 16 46 52 35 43 41 41 33 4 33 33 43 19 10 18 20 32 8 14 7 22 39 38 28 21 15 37 44 44 24 14 38 24 12 23 39 42 44 8 40
14 31 21 48 30 45 5 27 16 50 42 8 31 23 49 34 23 11 39 53 36 49 27 36 14 39 29 23 43 28 14 43 45 44 0 2 23 40 45 33 25 37 45 32 28 23 9 39 53 34 17 34 48 38 26 11 41 28 18 38 41 38 17 35 35 8 13 14 16 48 22 53 34 28 36 26 40 39 50 35 37 40 40 52 48 25 32 7 12 36 49 40 12 23 32 22 26 36 3 38 9
13 30 21 47 30 44 3 26 14 48 41 7 29 21 48 33 23 13 39 52 34 48 25 36 13 38 27 23 42 27 16 42 44 43 2 0 21 39 44 31 24 35 44 31 27 22 9 39 52 32 18 33 47 37 24 12 40 27 16 36 40 37 15 33 33 6 11 16 17 47 20 52 32 27 36 25 39 38 49 34 36 39 38 51 47 25 31 6 10 34 48 39 10 23 31 22 24 34 1 38 11
17 13 23 30 26 24 19 4 7 28 34 15 20 6 36 20 29 27 34 30 15 31 16 32 9 24 15 22 27 19 31 25 34 34 23 21 0 32 25 15 5 15 22 14 5 4 20 35 30 15 27 27 25 15 3 25 23 8 16 16 23 20 15 20 12 16 11 32 28 38 1 32 14 16 33 22 22 16 42 21 29 22 17 29 28 28 20 18 15 16 31 22 11 29 24 25 6 14 21 34 27
26 19 19 17 10 29 39 31 35 32 2 33 52 38 9 12 20 34 5 38 41 25 48 5 29 10 46 17 9 13 35 24 5 4 40 39 32 0 27 44 27 40 35 20 31 28 31 7 37 44 26 6 40 36 31 32 14 26 44 40 15 16 43 50 34 39 37 37 29 8 31 34 41 16 7 14 20 32 10 12 3 22 39 38 28 17 12 33 40 42 25 14 34 20 8 19 37 40 40 6 36
34 14 33 12 29 2 42 21 32 5 29 37 40 30 25 17 37 45 32 11 23 6 38 31 31 17 35 30 18 23 49 3 25 27 45 44 25 27 0 30 20 21 8 13 20 22 39 34 10 29 40 26 13 14 22 43 13 17 41 21 12 11 40 35 16 40 36 50 43 29 25 9 26 21 33 27 7 10 33 16 26 5 17 11 3 34 19 40 40 24 6 13 34 37 23 33 27 22 44 33 46
32 25 38 39 40 28 28 13 18 31 47 27 11 11 48 32 44 41 48 32 7 36 10 46 24 36 6 37 39 33 45 31 46 46 33 31 15 44 30 0 18 9 24 25 13 18 34 49 32 1 42 41 25 16 14 39 35 18 18 10 34 31 18 6 14 25 20 45 43 50 16 35 4 30 47 36 31 20 54 33 42 30 15 31 32 43 33 31 22 6 36 33 22 44 37 40 9 8 30 48 40
17 8 21 25 22 20 22 5 12 24 29 17 25 11 31 15 27 28 30 28 17 26 21 28 11 19 19 20 22 15 32 20 29 29 25 24 5 27 20 18 0 16 19 9 6 2 22 31 27 17 26 23 24 15 4 26 18 3 21 17 18 15 20 24 12 20 16 33 28 33 5 28 16 12 29 19 17 14 37 16 24 17 17 26 23 26 15 20 20 18 26 17 14 27 20 23 10 16 24 30 29
32 21 37 32 38 19 32 11 21 22 42 30 20 14 43 28 43 42 44 23 2 27 19 42 24 31 15 36 33 31 46 23 40 42 37 35 15 40 21 9 16 0 15 20 10 17 35 45 23 8 41 37 16 7 12 40 29 15 25 1 28 25 24 14 6 29 24 47 43 45 16 26 5 27 44 35 23 11 49 28 38 22 6 22 23 42 30 33 26 3 27 27 25 43 34 39 11 1 34 44 42
37 18 37 20 35 6 41 18 30 7 37 37 35 26 33 24 42 48 40 8 17 14 34 39 31 25 30 35 26 29 52 11 33 35 45 44 22 35 8 24 19 15 0 17 16 21 41 42 8 23 44 34 5 8 18 45 21 17 37 14 20 19 36 29 11 38 33 52 47 37 22 11 20 25 41 33 15 5 41 24 34 13 9 7 9 40 26 39 36 18 14 21 32 42 31 38 23 16 42 41 48
21 1 20 16 19 14 30 12 21 18 22 24 33 20 23 8 25 32 24 24 22 17 30 23 18 11 27 18 14 12 36 11 21 22 32 31 14 20 13 25 9 20 17 0 12 11 26 26 23 25 27 18 22 16 12 30 9 7 30 20 9 6 29 31 14 29 25 37 30 26 14 22 22 8 25 16 8 13 30 8 18 8 19 23 16 23 10 27 29 23 17 8 23 25 15 21 18 21 32 25 33
22 12 27 26 28 19 24 1 13 23 34 20 21 10 35 19 33 33 35 25 11 26 19 33 14 23 16 26 26 21 36 20 33 33 28 27 5 31 20 13 6 10 16 12 0 7 25 36 24 13 31 28 20 10 2 30 21 5 21 11 21 18 20 19 7 21 16 37 33 37 6 27 10 17 35 25 18 11 41 20 29 18 12 23 23 32 20 23 20 12 26 20 16 33 24 29 7 10 26 35 32
15 10 20 27 22 22 20 6 10 26 30 15 24 10 33 16 26 26 30 30 18 28 20 28 9 21 19 19 24 15 30 22 30 30 23 22 4 28 22 18 2 17 21 11 7 0 20 31 29 18 25 23 26 16 5 24 20 5 19 18 20 17 18 24 13 18 14 31 26 34 3 30 17 12 29 18 19 16 38 17 25 19 18 28 25 25 16 18 18 19 28 19 12 26 20 22 10 17 22 30 27
5 25 12 39 21 40 10 24 16 44 33 7 34 23 40 25 14 7 30 49 35 43 30 27 11 30 32 14 34 19 11 37 36 35 9 9 20 31 39 34 22 35 41 26 25 20 0 30 49 34 9 25 45 35 23 5 32 24 21 36 32 30 20 38 32 11 15 12 9 39 19 48 33 19 27 17 34 36 41 26 28 34 37 48 42 16 23 3 15 35 43 31 12 14 23 13 25 34 10 29 7
27 25 18 24 10 36 40 36 37 39 6 34 55 41 13 18 18 32 2 45 47 32 51 3 31 17 50 17 16 16 33 31 10 8 39 39 35 7 34 49 31 45 42 26 36 31 30 0 44 48 24 8 47 42 35 30 21 30 46 46 22 23 45 55 40 40 39 35 27 11 34 41 46 19 3 15 27 39 12 18 8 29 45 45 35 15 16 33 42 47 32 21 36 18 11 17 41 45 40 1 34
44 24 43 21 39 9 49 26 38 5 39 45 43 34 35 27 47 55 42 1 25 13 42 41 39 27 38 40 28 33 59 13 35 37 53 52 30 37 10 32 27 23 8 23 24 29 49 44 0 31 50 36 7 16 26 53 23 25 45 22 22 21 44 37 19 45 40 60 53 39 30 5 28 31 43 37 17 13 43 26 36 15 17 1 9 44 29 47 44 26 13 23 40 47 33 43 31 24 50 43 56
32 25 38 38 40 27 29 13 18 30 47 27 12 11 48 32 44 41 48 31 6 35 11 46 24 36 7 37 39 33 45 30 46 46 34 32 15 44 29 1 17 8 23 25 13 18 34 48 31 0 42 40 24 15 13 39 34 18 19 9 34 31 19 7 13 26 21 45 43 50 16 34 3 29 46 36 30 19 54 33 41 29 14 30 31 43 32 31 23 5 35 33 22 44 37 40 9 7 31 47 40
10 26 8 37 16 41 19 30 24 46 28 16 42 31 35 23 6 8 25 51 42 42 38 22 18 27 40 10 31 17 9 38 31 30 17 18 27 26 40 42 26 41 44 27 31 25 9 24 50 42 0 20 49 41 29 6 30 28 30 42 30 29 29 46 38 20 23 11 3 34 26 49 41 19 21 13 33 40 36 24 23 35 43 50 43 9 21 12 24 43 42 29 20 6 19 7 33 41 19 23 10
20 17 13 20 4 28 33 28 30 32 8 27 47 33 15 10 15 28 7 38 39 26 43 5 24 10 42 11 12 8 29 24 11 10 34 33 27 6 26 41 23 37 34 18 28 23 25 8 36 40 20 0 39 34 27 26 14 22 39 38 15 15 38 47 32 33 32 31 23 14 26 35 38 11 7 8 19 31 16 10 3 21 37 37 28 12 8 27 35 39 26 14 29 15 3 13 33 37 34 7 30
41 23 42 25 40 11 44 21 33 10 42 40 36 28 38 29 47 52 45 7 18 18 35 44 34 30 31 40 31 34 56 16 38 40 48 47 25 40 13 25 24 16 5 22 20 26 45 47 7 24 49 39 0 10 22 50 26 22 39 15 25 24 38 30 13 41 36 57 52 42 26 12 21 30 46 38 20 10 46 29 39 18 10 6 13 45 31 43 40 19 18 26 36 47 36 43 25 17 46 46 52
32 17 35 25 35 12 34 11 23 15 38 30 27 18 36 24 40 43 40 16 9 20 26 39 24 26 22 33 27 28 46 16 34 36 38 37 15 36 14 16 15 7 8 16 10 16 35 42 16 15 41 34 10 0 12 40 23 13 29 7 22 20 28 21 3 31 26 47 42 39 16 19 12 24 41 32 17 4 43 24 34 15 3 15 16 39 26 33 30 10 20 22 26 40 31 36 15 8 36 41 42
20 12 25 27 26 21 22 1 10 25 33 18 21 8 35 19 31 30 34 27 13 28 18 32 12 23 15 24 26 19 34 22 33 33 26 24 3 31 22 14 4 12 18 12 2 5 23 35 26 13 29 27 22 12 0 28 21 5 19 13 21 18 18 20 9 19 14 35 31 37 4 29 12 16 33 23 19 13 41 20 28 19 14 25 25 30 19 21 18 14 28 20 14 31 24 27 6 12 24 34 30
9 29 13 42 22 44 14 29 21 48 34 12 39 28 41 27 12 2 31 54 40 46 35 28 16 32 37 15 36 21 6 41 37 36 11 12 25 32 43 39 26 40 45 30 30 24 5 30 53 39 6 26 50 40 28 0 34 29 26 41 34 33 25 43 37 16 20 7 5 40 24 52 38 22 27 18 37 40 42 28 29 38 42 52 46 15 25 8 20 40 46 33 17 12 24 13 30 39 13 29 4
27 10 22 7 17 15 39 22 30 18 16 33 43 29 14 7 27 37 19 24 31 12 39 18 27 4 37 20 5 13 39 10 12 14 41 40 23 14 13 35 18 29 21 9 21 20 32 21 23 34 30 14 26 23 21 34 0 16 39 29 1 3 38 40 22 38 34 41 33 17 23 20 31 13 20 17 6 19 21 6 13 8 26 24 14 24 9 34 38 31 12 1 32 27 13 23 27 29 41 20 38
20 7 22 22 23 17 25 5 15 21 28 20 26 13 30 14 28 31 30 25 16 23 23 27 14 18 20 21 21 16 35 17 28 28 28 27 8 26 17 18 3 15 17 7 5 5 24 30 25 18 28 22 22 13 5 29 16 0 24 16 16 13 23 24 10 23 19 36 30 32 8 25 15 12 29 20 14 12 36 15 24 14 15 24 20 27 15 23 23 17 23 15 17 28 19 24 11 15 27 29 31
21 29 30 46 37 40 13 20 9 44 46 14 13 11 50 34 34 28 46 45 23 47 9 43 15 39 13 30 43 31 32 41 47 47 18 16 16 44 41 18 21 25 37 30 21 19 21 46 45 19 30 39 39 29 19 26 39 24 0 26 39 36 1 18 26 10 7 32 30 51 16 48 20 28 43 31 38 32 54 35 41 38 30 44 44 34 32 18 6 22 47 38 10 34 36 31 14 24 15 45 27
33 21 38 32 39 19 33 12 22 21 43 31 21 15 43 28 44 43 44 22 3 27 20 43 25 31 16 37 34 32 47 23 41 42 38 36 16 40 21 10 17 1 14 20 11 18 36 46 22 9 42 38 15 7 13 41 29 16 26 0 28 25 25 15 6 30 25 48 44 45 17 25 6 28 45 36 23 11 49 28 38 22 5 21 23 43 30 34 27 4 27 27 26 44 35 40 12 2 35 45 43
27 10 23 7 18 14 39 21 30 17 17 33 42 29 15 7 27 37 20 23 30 12 39 19 27 5 36 20 6 13 39 9 13 15 41 40 23 15 12 34 18 28 20 9 21 20 32 22 22 34 30 15 25 22 21 34 1 16 39 28 0 3 38 40 22 38 34 41 33 18 23 19 31 13 21 17 5 18 22 6 14 7 25 23 13 24 9 34 38 31 12 1 32 27 13 23 27 29 41 21 38
25 7 21 10 17 13 36 18 27 17 18 30 39 26 17 6 26 36 21 23 27 13 36 20 24 6 33 19 7 12 38 9 14 16 38 37 20 16 11 31 15 25 19 6 18 17 30 23 21 31 29 15 24 20 18 33 3 13 36 25 3 0 35 37 19 35 31 40 32 19 20 20 28 11 22 16 4 16 23 5 15 6 23 22 14 23 8 32 35 28 13 2 29 26 12 22 24 26 38 22 37
20 28 29 45 35 39 12 19 8 43 45 13 14 10 49 33 33 27 45 44 23 46 10 42 14 38 13 29 42 30 31 40 46 46 17 15 15 43 40 18 20 24 36 29 20 18 20 45 44 19 29 38 38 28 18 25 38 23 1 25 38 35 0 19 25 9 6 31 29 50 15 47 20 27 42 30 37 31 53 34 40 37 29 43 43 33 31 17 5 22 46 37 9 33 35 30 13 23 14 44 26
36 31 43 45 46 33 30 19 22 36 53 31 7 15 54 38 48 45 54 37 12 41 9 52 28 42 6 42 45 39 49 37 52 52 35 33 20 50 35 6 24 14 29 31 19 24 38 55 37 7 46 47 30 21 20 43 40 24 18 15 40 37 19 0 20 27 23 49 47 56 21 40 10 36 53 42 37 25 60 39 48 36 20 36 37 48 39 35 24 11 41 39 26 48 43 45 14 13 32 53 44
28 15 32 25 33 14 31 8 19 18 36 27 24 15 36 22 38 39 38 19 8 22 23 37 21 25 19 31 26 26 43 17 33 35 35 33 12 34 16 14 12 6 11 14 7 13 32 40 19 13 38 32 13 3 9 37 22 10 26 6 22 19 25 20 0 28 23 44 39 38 13 22 10 22 39 30 17 6 42 22 32 16 5 18 18 37 24 30 27 9 22 21 23 38 29 34 12 7 33 39 39
13 28 22 45 30 40 3 21 9 44 41 6 23 15 47 31 26 18 40 47 28 46 19 37 11 36 21 23 40 26 22 40 43 43 8 6 16 39 40 25 20 29 38 29 21 18 11 40 45 26 20 33 41 31 19 16 38 23 10 30 38 35 9 27 28 0 5 22 20 47 16 48 26 25 37 25 37 32 49 32 36 37 33 44 43 26 29 8 4 28 46 37 6 25 31 23 18 28 5 39 17
14 24 23 41 29 35 8 15 4 39 39 8 19 10 44 28 27 22 39 41 23 42 15 36 8 33 17 23 37 24 26 36 40 41 13 11 11 37 36 20 16 24 33 25 16 14 15 39 40 21 23 32 36 26 14 20 34 19 7 25 34 31 6 23 23 5 0 26 24 45 11 43 21 22 36 24 33 27 47 29 34 33 28 39 39 27 26 12 4 23 42 33 3 27 29 24 13 23 10 38 21
16 36 19 48 27 51 19 36 27 55 39 18 45 34 46 34 17 5 36 61 47 53 41 33 23 38 43 21 42 28 2 48 42 41 14 16 32 37 50 45 33 47 52 37 37 31 12 35 60 45 11 31 57 47 35 7 41 36 32 48 41 40 31 49 44 22 26 0 8 45 31 59 45 29 32 24 44 47 47 35 34 45 49 59 53 20 32 14 26 47 53 40 23 17 30 18 37 46 17 34 5
11 29 11 40 19 44 19 32 25 49 31 16 43 32 38 26 9 5 28 54 43 45 39 25 19 30 41 13 34 20 6 41 34 33 16 17 28 29 43 43 28 43 47 30 33 26 9 27 53 43 3 23 52 42 31 5 33 30 30 44 33 32 29 47 39 20 24 8 0 37 27 52 42 22 24 16 36 42 39 27 26 38 44 53 46 12 24 12 24 44 45 32 21 9 22 10 34 42 18 26 7
34 25 27 18 18 31 47 37 42 34 6 41 58 44 4 18 28 42 9 40 47 26 54 12 37 15 52 25 12 21 43 26 5 4 48 47 38 8 29 50 33 45 37 26 37 34 39 11 39 50 34 14 42 39 37 40 17 32 51 45 18 19 50 56 38 47 45 45 37 0 37 35 47 23 13 22 23 35 4 18 11 25 42 40 30 25 19 41 48 47 26 17 42 28 16 27 43 45 48 11 44
16 13 22 30 25 24 18 5 7 29 33 14 21 7 36 19 28 26 33 31 16 31 17 31 8 24 16 21 27 18 30 25 33 33 22 20 1 31 25 16 5 16 22 14 6 3 19 34 30 16 26 26 26 16 4 24 23 8 16 17 23 20 15 21 13 16 11 31 27 37 0 32 15 15 32 21 22 17 41 20 28 22 18 29 28 27 19 17 15 17 31 22 10 28 23 24 7 15 20 33 26
43 23 41 17 37 8 50 28 39 4 35 45 46 37 31 26 46 54 39 5 28 9 45 39 39 25 41 39 25 32 58 11 31 33 53 52 32 34 9 35 28 26 11 22 27 30 48 41 5 34 49 35 12 19 29 52 20 25 48 25 19 20 47 40 22 48 43 59 52 35 32 0 31 30 40 36 16 16 39 25 33 14 20 6 6 43 28 48 47 29 9 20 42 46 32 42 34 27 52 40 55
31 22 37 35 38 24 29 11 18 27 44 27 15 11 45 29 43 41 45 28 3 32 14 43 23 33 10 36 36 31 45 27 43 43 34 32 14 41 26 4 16 5 20 22 10 17 33 46 28 3 41 38 21 12 12 38 31 15 20 6 31 28 20 10 10 26 21 45 42 47 15 31 0 27 44 35 27 16 51 30 39 26 11 27 28 42 30 31 23 2 32 30 22 43 34 39 8 4 31 44 40
14 7 12 20 11 22 26 17 19 26 18 20 36 22 22 6 17 24 18 32 28 24 32 16 14 11 31 10 15 4 28 19 18 19 28 27 16 16 21 30 12 27 25 8 17 12 19 19 31 29 19 11 30 24 16 22 13 12 28 28 13 11 27 36 22 25 22 29 22 23 15 30 27 0 18 8 15 21 26 7 13 16 27 31 24 15 4 21 25 29 24 12 19 17 8 13 22 27 28 18 26
24 24 15 24 7 35 37 34 34 38 8 31 53 39 15 17 15 29 4 44 46 32 49 2 28 16 48 14 16 14 30 30 12 10 36 36 33 7 33 47 29 44 41 25 35 29 27 3 43 46 21 7 46 41 33 27 20 29 43 45 21 22 42 53 39 37 36 32 24 13 32 40 44 18 0 12 26 38 15 17 7 28 44 44 34 12 15 30 39 46 32 20 33 15 10 14 39 44 37 2 31
12 15 5 24 5 30 25 24 22 34 16 19 41 28 23 10 10 20 15 39 36 29 37 12 16 14 37 3 18 4 22 25 19 18 26 25 22 14 27 36 19 35 33 16 25 18 17 15 37 36 13 8 38 32 23 18 17 20 31 36 17 16 30 42 30 25 24 24 16 22 21 36 35 8 12 0 20 29 24 11 11 22 35 38 30 7 8 19 27 37 29 16 21 10 6 6 28 35 26 14 22
29 9 25 8 21 9 38 19 29 12 22 32 39 27 20 10 30 39 25 18 25 9 37 24 26 10 34 23 11 16 42 5 18 20 40 39 22 20 7 31 17 23 15 8 18 19 34 27 17 30 33 19 20 17 19 37 6 14 38 23 5 4 37 37 17 37 33 44 36 23 22 16 27 15 26 20 0 13 27 9 19 2 20 18 10 27 12 35 37 26 9 6 31 30 16 26 25 24 40 26 41
31 14 33 21 32 8 35 12 24 12 34 31 30 21 32 21 38 42 37 13 13 16 29 36 25 22 25 31 23 25 46 12 30 32 39 38 16 32 10 20 14 11 5 13 11 16 36 39 13 19 40 31 10 4 13 40 19 12 32 11 18 16 31 25 6 32 27 47 42 35 17 16 16 21 38 29 13 0 39 21 31 11 7 12 12 36 23 34 31 14 16 18 27 38 28 34 18 12 37 38 43
36 29 29 22 20 35 49 41 45 38 8 43 62 48 8 22 30 44 11 44 51 30 58 14 39 19 56 27 16 23 45 30 9 8 50 49 42 10 33 54 37 49 41 30 41 38 41 12 43 54 36 16 46 43 41 42 21 36 54 49 22 23 53 60 42 49 47 47 39 4 41 39 51 26 15 24 27 39 0 22 13 29 46 44 34 27 22 43 50 51 30 21 44 30 18 29 47 49 50 13 46
21 8 16 13 11 18 33 20 26 22 14 27 41 27 16 1 21 31 16 28 30 18 37 15 21 4 35 14 8 7 33 14 13 14 35 34 21 12 16 33 16 28 24 8 20 17 26 18 26 33 24 10 29 24 20 28 6 15 35 28 6 5 34 39 22 32 29 35 27 18 20 25 30 7 17 11 9 21 22 0 10 11 27 27 19 18 3 28 32 31 18 5 26 21 7 17 26 29 35 17 32
23 17 16 18 7 28 36 29 32 31 5 30 49 35 12 10 17 31 6 37 39 25 45 5 26 9 44 14 10 10 32 23 8 7 37 36 29 3 26 42 24 38 34 18 29 25 28 8 36 41 23 3 39 34 28 29 13 24 41 38 14 15 40 48 32 36 34 34 26 11 28 33 39 13 7 11 19 31 13 10 0 21 37 37 27 14 9 30 37 40 25 13 31 17 5 16 34 38 37 7 33
29 9 27 10 23 7 38 18 29 10 24 32 39 27 21 12 32 40 27 16 24 9 36 26 26 12 33 25 13 18 44 3 20 22 40 39 22 22 5 30 17 22 13 8 18 19 34 29 15 29 35 21 18 15 19 38 8 14 38 22 7 6 37 36 16 37 33 45 38 25 22 14 26 16 28 22 2 11 29 11 21 0 18 16 8 29 14 35 37 25 9 8 31 32 18 28 24 23 40 28 41
33 20 37 28 38 15 36 13 24 16 41 32 26 19 39 27 43 44 43 17 8 23 25 42 26 29 21 36 30 31 48 19 37 39 40 38 17 39 17 15 17 6 9 19 12 18 37 45 17 14 43 37 10 3 14 42 26 15 30 5 25 23 29 20 5 33 28 49 44 42 18 20 11 27 44 35 20 7 46 27 37 18 0 16 18 42 29 35 31 9 23 25 28 43 34 39 16 7 38 44 44
44 24 43 22 39 9 48 25 37 6 40 44 42 33 36 28 48 55 43 1 24 14 41 42 38 28 37 41 29 34 59 14 36 38 52 51 29 38 11 31 26 22 7 23 23 28 48 45 1 30 50 37 6 15 25 52 24 24 44 21 23 22 43 36 18 44 39 59 53 40 29 6 27 31 44 38 18 12 44 27 37 16 16 0 10 45 30 46 43 25 14 24 39 48 34 44 30 23 49 44 55
37 17 35 12 31 4 45 24 35 4 30 40 42 33 26 20 40 48 33 10 25 5 41 32 34 18 37 33 19 26 52 5 26 28 48 47 28 28 3 32 23 23 9 16 23 25 42 35 9 31 43 28 13 16 25 46 14 20 44 23 13 14 43 37 18 43 39 53 46 30 28 6 28 24 34 30 10 12 34 19 27 8 18 10 0 37 22 43 43 26 5 14 37 40 26 36 30 24 47 34 49
13 22 5 31 8 37 26 31 26 41 19 20 45 33 26 17 3 17 16 46 43 36 41 13 20 21 42 6 23 11 18 32 22 21 25 25 28 17 34 43 26 42 40 23 32 25 16 15 44 43 9 12 45 39 30 15 24 27 34 43 24 23 33 48 37 26 27 20 12 25 27 43 42 15 12 7 27 36 27 18 14 29 42 45 37 0 15 19 29 44 36 23 24 3 12 3 34 42 26 14 19
18 9 13 16 9 21 30 20 23 25 14 24 40 26 18 2 18 27 15 31 31 21 36 13 18 7 34 11 11 4 30 17 14 15 32 31 20 12 19 33 15 30 26 10 20 16 23 16 29 32 21 8 31 26 19 25 9 15 32 30 9 8 31 39 24 29 26 32 24 19 19 28 30 4 15 8 12 23 22 3 9 14 29 30 22 15 0 25 29 32 21 8 23 18 5 14 25 30 32 15 29
7 26 15 41 24 40 7 22 13 44 35 4 31 20 42 27 17 10 33 48 33 44 27 30 9 32 29 17 36 21 14 38 38 37 7 6 18 33 40 31 20 33 39 27 23 18 3 33 47 31 12 27 43 33 21 8 34 23 18 34 34 32 17 35 30 8 12 14 12 41 17 48 31 21 30 19 35 34 43 28 30 35 35 46 43 19 25 0 12 33 44 33 9 17 25 16 23 32 7 32 9
16 28 25 45 33 39 7 19 8 43 43 9 19 12 48 31 29 22 43 45 25 46 15 40 11 36 18 26 40 27 26 40 43 44 12 10 15 40 40 22 20 26 36 29 20 18 15 42 44 23 24 35 40 30 18 20 38 23 6 27 38 35 5 24 27 4 4 26 24 48 15 47 23 25 39 27 37 31 50 32 37 37 31 43 43 29 29 12 0 25 46 37 6 29 32 26 15 25 9 41 21
33 23 39 34 40 22 31 13 20 25 45 29 17 13 45 30 45 43 46 26 1 30 16 44 25 34 12 38 35 33 47 26 42 44 36 34 16 42 24 6 18 3 18 23 12 19 35 47 26 5 43 39 19 10 14 40 31 17 22 4 31 28 22 11 9 28 23 47 44 47 17 29 2 29 46 37 26 14 51 31 40 25 9 25 26 44 32 33 25 0 30 30 24 45 36 41 10 2 33 46 42
38 18 34 8 29 8 47 27 38 8 26 41 46 36 22 19 39 48 30 14 29 0 44 30 35 16 41 32 16 25 51 6 22 24 49 48 31 25 6 36 26 27 14 17 26 28 43 32 13 35 42 26 18 20 28 46 12 23 47 27 12 13 46 41 22 46 42 53 45 26 31 9 32 24 32 29 9 16 30 18 25 9 23 14 5 36 21 44 46 30 0 13 40 39 25 35 33 28 49 31 50
26 9 21 8 16 15 38 20 29 18 16 32 41 28 14 6 26 36 19 24 29 13 38 18 26 4 35 19 5 12 38 10 12 14 40 39 22 14 13 33 17 27 21 8 20 19 31 21 23 33 29 14 26 22 20 33 1 15 38 27 1 2 37 39 21 37 33 40 32 17 22 20 30 12 20 16 6 18 21 5 13 8 25 24 14 23 8 33 37 30 13 0 31 26 12 22 26 28 40 20 37
11 22 20 39 26 34 8 15 4 38 36 5 22 11 41 25 24 19 36 41 24 40 18 33 5 30 20 20 34 21 23 34 37 38 12 10 11 34 34 22 14 25 32 23 16 12 12 36 40 22 20 29 36 26 14 17 32 17 10 26 32 29 9 26 23 6 3 23 21 42 10 42 22 19 33 21 31 27 44 26 31 31 28 39 37 24 23 9 6 24 40 31 0 24 26 21 14 24 10 35 18
13 24 6 34 11 39 24 32 26 43 22 20 45 33 29 20 0 14 19 49 44 39 41 16 20 24 42 7 26 14 15 35 25 24 23 23 29 20 37 44 27 43 42 25 33 26 14 18 47 44 6 15 47 40 31 12 27 28 34 44 27 26 33 48 38 25 27 17 9 28 28 46 43 17 15 10 30 38 30 21 17 32 43 48 40 3 18 17 29 45 39 26 24 0 15 4 35 43 24 17 16
18 14 11 19 4 25 31 24 27 29 10 25 44 30 17 7 15 26 10 35 35 25 40 8 21 9 39 9 12 5 28 21 13 12 32 31 24 8 23 37 20 34 31 15 24 20 23 11 33 37 19 3 36 31 24 24 13 19 36 35 13 12 35 43 29 31 29 30 22 16 23 32 34 8 10 6 16 28 18 7 5 18 34 34 26 12 5 25 32 36 25 12 26 15 0 12 30 34 32 10 28
10 20 2 30 9 35 23 28 23 39 21 17 42 30 28 16 4 15 18 45 40 35 38 15 17 20 39 3 24 10 16 31 24 23 22 22 25 19 33 40 23 39 38 21 29 22 13 17 43 40 7 13 43 36 27 13 23 24 31 40 23 22 30 45 34 23 24 18 10 27 24 42 39 13 14 6 26 34 29 17 16 28 39 44 36 3 14 16 26 41 35 22 21 4 12 0 31 39 23 16 17
23 18 29 33 32 26 21 6 10 30 39 19 14 3 41 25 35 32 40 31 10 33 12 38 15 29 9 28 32 25 36 27 39 39 26 24 6 37 27 9 10 11 23 18 7 10 25 41 31 9 33 33 25 15 6 30 27 11 14 12 27 24 13 14 12 18 13 37 34 43 7 34 8 22 39 28 25 18 47 26 34 24 16 30 30 34 25 23 15 10 33 26 14 35 30 31 0 10 23 40 32
31 21 37 32 38 20 31 11 20 23 43 29 19 13 43 28 43 41 44 24 1 28 18 42 23 32 14 36 33 31 45 24 40 42 36 34 14 40 22 8 16 1 16 21 10 17 34 45 24 7 41 37 17 8 12 39 29 15 24 2 29 26 23 13 7 28 23 46 42 45 15 27 4 27 44 35 24 12 49 29 38 23 7 23 24 42 30 32 25 2 28 28 24 43 34 39 10 0 33 44 41
14 31 22 48 31 44 2 25 14 48 42 8 28 20 49 34 24 14 40 51 33 49 24 37 14 39 26 24 43 28 17 43 45 44 3 1 21 40 44 30 24 34 42 32 26 22 10 40 50 31 19 34 46 36 24 13 41 27 15 35 41 38 14 32 33 5 10 17 18 48 20 52 31 28 37 26 40 37 50 35 37 40 38 49 47 26 32 7 9 33 49 40 10 24 32 23 23 33 0 39 12
26 24 17 23 9 35 39 35 36 38 6 33 54 40 13 17 17 31 2 44 46 31 50 2 30 16 49 16 15 15 32 30 10 8 38 38 34 6 33 48 30 44 41 25 35 30 29 1 43 47 23 7 46 41 34 29 20 29 45 45 21 22 44 53 39 39 38 34 26 11 33 40 44 18 2 14 26 38 13 17 7 28 44 44 34 14 15 32 41 46 31 20 35 17 10 16 40 44 39 0 33
12 32 17 45 26 47 14 31 22 51 38 13 40 29 45 31 16 2 35 56 42 50 36 32 18 36 38 19 40 25 5 44 41 40 9 11 27 36 46 40 29 42 48 33 32 27 7 34 56 40 10 30 52 42 30 4 38 31 27 43 38 37 26 44 39 17 21 5 7 44 26 55 40 26 31 22 41 43 46 32 33 41 44 55 49 19 29 9 21 42 50 37 18 16 28 17 32 41 12 33 0
0         887      
450       485      
590       648      
116       203      
50        131      
168       259      
0         70       
301       371      
446       535      
154       244      
273       419      
0         85       
534       625      
520       608      
308       440      
313       352      
19        100      
18        107      
311       426      
186       201      
229       250      
376       465      
527       642      
316       357      
457       523      
85        135      
517       570      
52        145      
263       356      
70        121      
603       688      
96        205      
288       424      
280       352      
25        110      
0         71       
213       329      
301       402      
161       269      
502       633      
534       606      
206       321      
195       262      
272       372      
215       302      
275       350      
0         11       
305       415      
170       255      
180       279      
39        127      
636       717      
435       469      
252       274      
255       294      
23        48       
66        174      
265       350      
776       865      
233       276      
137       183      
106       164      
505       580      
513       601      
191       260      
0         80       
501       545      
3         69       
45        92       
320       394      
228       370      
123       252      
193       330      
105       188      
340       402      
30        123      
78        222      
168       235      
349       450      
59        150      
335       451      
148       206      
170       253      
673       787      
127       203      
37        123      
103       160      
0         43       
465       555      
232       310      
170       228      
130       153      
469       511      
15        106      
93        148      
34        131      
698       755      
198       284      
624       760      
291       411      
742       822      
