101
0 19 24 29 11 29 11 19 32 33 19 33 43 9 21 7 32 14 36 30 26 40 15 33 27 29 30 9 12 23 32 28 18 13 35 8 34 21 6 35 25 35 20 8 34 26 31 16 35 42 27 11 35 11 19 29 34 18 31 33 34 12 15 10 24 16 10 24 19 13 8 10 28 28 10 9 14 14 6 22 9 33 6 36 30 12 5 8 6 17 18 36 18 19 7 33 24 23 36 14 33
19 0 11 24 27 29 30 15 17 28 21 14 24 15 19 23 17 30 17 21 25 21 34 17 8 14 15 10 24 26 23 13 1 31 16 24 20 3 24 30 28 21 17 11 17 8 29 35 16 24 9 29 18 27 24 14 28 9 26 19 19 31 16 28 10 27 26 18 8 8 19 27 12 13 29 27 8 5 19 13 28 15 24 19 15 27 24 21 15 25 27 30 24 7 20 19 22 4 19 32 18
24 11 0 35 34 20 35 26 24 39 31 15 24 17 30 25 25 37 18 10 18 16 39 9 8 5 25 15 23 20 12 22 12 37 17 26 29 12 30 41 38 11 11 16 22 13 20 40 17 26 15 32 12 29 34 5 39 20 17 9 29 36 26 34 20 37 28 29 19 18 20 29 20 22 32 33 10 13 27 5 31 17 29 13 24 28 29 22 19 35 37 40 19 5 22 9 15 10 24 37 27
29 24 35 0 28 53 37 11 19 4 11 32 38 32 8 36 18 30 33 45 49 42 39 39 30 37 14 27 40 48 47 16 24 32 34 37 12 24 30 6 10 43 40 27 24 26 53 38 34 34 25 40 39 40 13 37 5 16 50 42 13 37 14 31 15 20 39 6 16 20 35 39 19 16 39 32 30 25 24 37 38 31 29 40 16 41 34 37 30 16 17 7 44 31 35 42 45 25 25 33 15
11 27 34 28 0 40 9 20 37 31 17 41 51 20 20 15 36 3 44 41 37 48 11 43 35 39 33 19 21 34 43 32 26 4 43 16 35 29 5 33 20 45 31 18 40 34 42 10 43 50 35 14 45 17 15 39 33 22 42 43 36 9 16 3 28 8 17 23 23 20 19 15 33 32 12 4 24 23 8 33 12 41 5 46 34 19 10 18 17 12 12 35 28 29 17 43 35 31 42 5 36
29 29 20 53 40 0 38 41 44 56 45 35 43 21 45 26 45 43 38 12 3 33 42 27 28 23 44 25 20 7 11 42 29 42 37 26 49 30 35 58 52 23 12 26 42 33 2 43 37 46 35 32 30 27 46 23 57 36 5 20 48 39 39 39 39 45 27 46 37 32 21 29 39 41 33 38 22 27 34 16 32 37 35 31 43 25 32 22 24 45 46 58 12 22 23 23 6 30 44 43 46
11 30 35 37 9 38 0 27 43 40 26 44 54 19 29 12 43 8 47 39 35 51 4 44 38 40 39 20 18 31 41 38 29 6 46 12 42 32 7 42 29 46 29 19 45 37 40 5 46 53 38 6 46 11 24 40 42 28 40 44 43 1 23 6 34 17 11 32 29 24 17 9 39 38 5 5 25 25 13 32 6 44 8 47 40 13 6 16 16 21 21 44 26 30 15 44 33 34 47 6 42
19 15 26 11 20 41 27 0 17 15 6 26 34 21 4 26 16 23 27 35 38 36 30 32 23 29 13 16 29 37 37 13 14 24 28 27 15 16 20 17 13 36 29 16 21 20 42 30 28 31 19 30 33 30 9 29 16 6 40 34 16 27 4 22 10 15 29 5 7 9 24 29 15 13 29 22 19 14 14 27 28 25 19 34 14 31 24 26 19 11 13 18 33 21 25 34 34 18 23 25 16
32 17 24 19 37 44 43 17 0 22 23 14 19 32 19 39 1 40 14 34 41 23 47 24 17 24 5 26 41 42 36 5 17 41 15 40 8 14 36 23 27 29 33 27 5 12 44 47 15 15 10 43 22 43 26 24 20 14 41 29 7 43 21 38 8 32 42 16 13 19 36 42 5 5 42 38 25 21 29 28 41 13 34 22 3 44 37 38 31 28 30 21 41 22 37 28 38 14 6 42 4
33 28 39 4 31 56 40 15 22 0 14 35 41 36 12 40 21 33 36 49 53 45 42 43 34 41 17 31 44 52 51 19 28 35 37 41 14 28 33 2 11 47 44 31 27 30 57 41 37 37 28 43 42 44 16 41 2 20 54 46 15 40 18 34 19 23 43 10 20 24 39 42 22 19 42 35 34 29 27 41 41 34 32 43 19 45 37 41 34 19 19 4 48 35 39 46 49 29 28 36 18
19 21 31 11 17 45 26 6 23 14 0 32 40 24 3 26 22 19 33 40 42 42 28 38 29 35 18 19 31 40 42 18 20 21 34 27 18 22 19 16 7 42 32 19 26 26 45 27 34 36 25 29 39 30 3 35 16 12 43 40 19 26 5 20 16 10 29 6 13 13 26 28 21 18 28 21 22 18 13 31 27 31 18 40 19 31 23 27 21 6 7 18 35 26 26 40 37 24 28 22 20
33 14 15 32 41 35 44 26 14 35 32 0 9 28 30 37 15 44 3 23 33 10 48 10 7 12 18 24 36 35 25 16 15 45 2 38 22 11 38 36 39 15 26 25 10 6 34 49 2 11 7 43 8 41 35 12 33 20 30 17 21 45 27 42 17 39 40 28 19 21 32 41 13 16 43 41 20 19 33 20 42 2 37 8 16 40 38 34 29 36 38 34 34 15 33 14 30 10 11 45 18
43 24 24 38 51 43 54 34 19 41 40 9 0 37 37 46 20 53 7 31 41 10 57 16 16 20 24 33 45 43 32 22 24 54 7 47 27 20 47 42 45 20 35 34 14 15 42 58 7 5 15 52 13 50 43 20 39 29 38 23 26 54 36 51 24 48 49 34 28 30 41 50 19 22 52 50 29 28 42 29 51 9 46 12 22 49 47 43 38 45 47 40 43 24 42 20 38 19 13 54 23
9 15 17 32 20 21 19 21 32 36 24 28 37 0 25 8 32 23 31 21 18 33 23 26 21 22 30 6 9 16 23 28 15 22 30 9 34 18 15 38 31 27 11 5 32 23 23 24 30 39 24 15 29 12 25 22 37 18 22 24 34 20 19 19 24 23 11 26 19 13 4 12 27 28 15 18 8 11 13 13 14 30 15 30 30 12 13 6 3 24 25 39 12 13 5 25 15 19 34 23 33
21 19 30 8 20 45 29 4 19 12 3 30 37 25 0 28 18 22 31 39 42 40 31 36 27 33 14 20 32 41 41 15 18 24 32 29 15 20 22 14 9 40 33 20 23 24 46 30 32 33 23 32 37 32 6 33 13 10 44 38 15 29 6 23 13 13 31 3 11 13 27 31 18 15 31 24 23 18 16 31 30 29 21 38 16 33 26 29 22 9 10 15 36 25 27 38 38 22 25 25 17
7 23 25 36 15 26 12 26 39 40 26 37 46 8 28 0 39 17 39 27 23 41 16 34 29 30 37 13 6 19 29 35 22 16 38 1 41 25 10 42 32 35 17 12 39 30 28 17 38 46 31 7 37 4 26 30 41 25 28 32 41 13 22 13 31 22 3 31 26 20 5 4 34 35 7 12 16 18 13 21 6 37 11 38 37 5 6 4 8 24 25 43 14 21 3 33 21 27 41 17 40
32 17 25 18 36 45 43 16 1 21 22 15 20 32 18 39 0 39 15 35 42 24 46 24 17 24 4 26 41 43 37 4 17 40 16 40 7 14 35 22 26 29 33 27 6 12 45 46 16 16 10 43 23 43 24 24 19 14 41 29 6 43 20 38 8 31 42 15 13 19 36 42 5 4 42 38 25 21 29 29 41 13 34 23 2 44 37 38 31 27 28 20 41 22 37 28 38 15 7 41 3
14 30 37 30 3 43 8 23 40 33 19 44 53 23 22 17 39 0 47 44 40 51 9 46 38 42 36 22 23 36 46 35 29 2 46 17 37 32 8 35 22 48 34 21 43 37 45 8 46 53 38 14 48 18 17 42 35 25 45 46 37 7 19 4 31 10 18 25 26 23 22 16 36 35 13 5 27 26 11 36 13 44 8 49 37 20 11 21 20 14 14 37 31 32 20 46 38 34 45 3 39
36 17 18 33 44 38 47 27 14 36 33 3 7 31 31 39 15 47 0 26 36 9 51 11 10 15 19 27 39 38 27 17 17 47 1 40 22 14 41 37 40 16 29 28 9 9 37 52 1 8 8 46 9 43 36 15 34 22 33 18 21 48 29 44 18 41 42 29 21 24 35 43 14 17 46 44 23 21 35 23 44 2 40 9 17 43 41 37 31 38 40 35 37 18 36 15 33 13 10 48 18
30 21 10 45 41 12 39 35 34 49 40 23 31 21 39 27 35 44 26 0 10 21 43 15 18 11 35 22 23 14 2 32 21 43 25 28 39 22 36 51 47 11 10 23 32 23 11 44 25 34 25 34 18 30 42 11 49 29 7 8 39 40 34 40 30 44 30 39 29 26 22 31 30 32 34 39 17 21 34 8 33 25 36 19 34 28 33 23 24 42 44 50 17 14 24 11 9 20 34 44 37
26 25 18 49 37 3 35 38 41 53 42 33 41 18 42 23 42 40 36 10 0 31 39 25 26 21 40 22 17 4 10 38 26 39 35 23 45 27 32 55 49 21 8 22 40 30 5 40 35 44 32 29 28 24 43 21 53 32 5 18 44 36 36 36 35 41 24 42 33 28 18 26 36 38 30 35 18 23 31 13 29 35 32 29 40 22 29 19 21 42 43 54 9 19 20 21 3 27 42 40 43
40 21 16 42 48 33 51 36 23 45 42 10 10 33 40 41 24 51 9 21 31 0 55 6 13 11 28 30 39 34 22 26 22 52 8 42 31 20 45 46 49 10 26 31 18 16 32 56 8 15 17 48 3 45 45 11 43 30 28 13 30 52 37 49 27 48 44 38 29 29 36 45 23 26 48 48 25 25 40 20 47 11 44 2 26 44 45 38 34 46 48 44 34 19 38 10 28 18 19 52 27
15 34 39 39 11 42 4 30 47 42 28 48 57 23 31 16 46 9 51 43 39 55 0 48 42 44 43 24 22 35 45 42 33 7 50 16 45 36 11 44 31 50 33 23 49 41 44 1 50 57 42 10 50 15 26 44 44 32 44 47 46 3 26 8 38 19 15 34 33 28 21 13 43 42 9 8 29 29 17 36 10 48 11 51 44 17 10 20 20 23 23 46 30 34 19 48 37 38 51 6 46
33 17 9 39 43 27 44 32 24 43 38 10 16 26 36 34 24 46 11 15 25 6 48 0 9 5 26 23 32 27 16 23 18 45 10 35 30 16 38 43 45 5 20 24 20 13 26 49 10 19 14 41 3 38 41 5 41 26 22 7 30 45 33 42 24 44 37 34 25 25 29 38 20 23 41 41 18 20 35 14 40 12 37 4 24 37 38 31 27 42 44 42 28 13 31 4 22 14 21 45 27
27 8 8 30 35 28 38 23 17 34 29 7 16 21 27 29 17 38 10 18 26 13 42 9 0 7 18 17 29 28 20 16 9 39 9 30 23 7 32 36 36 13 19 18 14 5 28 43 9 18 7 36 10 33 32 7 33 17 25 12 22 39 24 36 15 35 32 25 16 16 25 33 13 16 36 35 13 13 27 13 35 9 31 11 17 33 32 27 22 33 35 35 27 8 26 12 23 5 16 39 20
29 14 5 37 39 23 40 29 24 41 35 12 20 22 33 30 24 42 15 11 21 11 44 5 7 0 25 19 28 23 13 23 15 41 14 31 30 13 34 43 42 7 15 20 21 12 22 45 14 23 14 37 8 34 38 0 40 23 18 5 29 41 30 38 22 41 33 31 22 22 25 34 20 23 37 37 14 17 31 9 36 14 33 9 24 33 34 27 23 39 41 42 23 9 27 5 18 12 23 41 27
30 15 25 14 33 44 39 13 5 17 18 18 24 30 14 37 4 36 19 35 40 28 43 26 18 25 0 24 39 41 37 2 15 37 20 38 5 13 32 18 22 31 32 25 10 13 44 43 20 20 11 41 25 41 20 25 15 12 41 30 4 40 17 35 6 27 40 11 11 17 34 40 5 2 40 35 23 19 26 28 39 17 31 26 2 42 35 36 29 23 24 17 39 21 35 29 37 14 11 38 3
9 10 15 27 19 25 20 16 26 31 19 24 33 6 20 13 26 22 27 22 22 30 24 23 17 19 24 0 15 21 24 22 9 22 26 14 28 12 15 33 26 26 13 1 26 17 26 25 26 33 18 19 26 17 21 19 32 12 24 24 28 21 14 19 18 22 16 21 13 7 10 17 21 22 19 18 5 5 12 14 18 24 14 27 24 18 14 12 5 21 23 34 17 10 11 24 18 14 28 22 27
12 24 23 40 21 20 18 29 41 44 31 36 45 9 32 6 41 23 39 23 17 39 22 32 29 28 39 15 0 13 25 37 24 22 38 6 43 27 16 46 37 32 13 14 41 31 22 23 38 47 33 12 35 7 31 28 45 27 22 29 43 19 26 19 33 28 7 34 28 22 5 9 36 37 13 18 16 20 18 19 12 38 17 36 39 5 12 3 10 29 30 47 8 21 4 31 15 27 43 23 42
23 26 20 48 34 7 31 37 42 52 40 35 43 16 41 19 43 36 38 14 4 34 35 27 28 23 41 21 13 0 14 39 26 35 37 19 46 28 28 54 47 25 9 21 42 32 9 36 37 46 34 25 30 20 41 23 53 33 9 22 45 32 35 32 36 39 20 42 33 28 15 22 37 39 26 31 19 24 29 15 25 37 29 31 41 18 25 15 19 40 41 55 5 20 16 24 5 28 44 36 44
32 23 12 47 43 11 41 37 36 51 42 25 32 23 41 29 37 46 27 2 10 22 45 16 20 13 37 24 25 14 0 34 23 45 26 29 41 24 38 53 49 12 12 25 34 25 10 46 26 35 27 35 19 32 44 13 51 31 6 9 41 42 36 42 32 46 31 41 31 28 24 32 32 34 36 41 19 23 36 10 35 27 38 20 36 30 35 25 26 44 46 52 18 16 26 12 10 22 36 46 39
28 13 22 16 32 42 38 13 5 19 18 16 22 28 15 35 4 35 17 32 38 26 42 23 16 23 2 22 37 39 34 0 13 36 18 36 7 11 31 20 23 28 30 23 8 11 42 42 18 18 9 39 23 39 21 23 17 10 39 28 6 39 17 34 4 28 38 12 9 15 32 38 3 0 38 34 21 17 25 26 37 15 30 24 2 40 33 34 27 24 25 19 37 19 33 27 35 12 10 37 5
18 1 12 24 26 29 29 14 17 28 20 15 24 15 18 22 17 29 17 21 26 22 33 18 9 15 15 9 24 26 23 13 0 30 17 23 20 3 24 30 27 22 17 10 17 8 30 34 17 24 9 28 19 26 23 15 28 8 26 20 19 30 15 27 10 26 25 18 8 7 19 26 12 13 28 27 8 4 18 13 27 15 23 20 15 27 23 21 14 24 26 30 24 7 20 20 22 5 19 31 18
13 31 37 32 4 42 6 24 41 35 21 45 54 22 24 16 40 2 47 43 39 52 7 45 39 41 37 22 22 35 45 36 30 0 47 16 39 33 7 37 24 48 33 20 44 38 44 6 47 54 39 12 48 16 19 41 37 26 44 45 39 5 20 3 32 12 16 27 27 24 21 14 37 36 11 4 26 26 12 35 11 45 7 49 38 18 10 20 19 16 16 39 30 31 19 45 37 35 46 1 40
35 16 17 34 43 37 46 28 15 37 34 2 7 30 32 38 16 46 1 25 35 8 50 10 9 14 20 26 38 37 26 18 17 47 0 39 23 13 40 38 41 15 28 27 10 8 36 51 0 9 9 45 8 42 37 14 35 22 32 17 22 47 29 44 19 41 41 30 21 23 34 42 15 18 45 43 22 21 35 22 44 3 39 8 18 42 40 36 31 38 40 36 36 17 35 14 32 12 11 47 19
8 24 26 37 16 26 12 27 40 41 27 38 47 9 29 1 40 17 40 28 23 42 16 35 30 31 38 14 6 19 29 36 23 16 39 0 42 26 11 43 33 36 17 13 40 31 28 17 39 47 32 6 38 3 27 31 42 26 28 33 42 13 23 13 32 23 2 32 27 21 6 3 35 36 7 12 17 19 14 22 6 38 11 39 38 4 6 4 9 25 26 44 14 22 4 34 21 28 42 17 41
34 20 29 12 35 49 42 15 8 14 18 22 27 34 15 41 7 37 22 39 45 31 45 30 23 30 5 28 43 46 41 7 20 39 23 42 0 18 35 15 22 35 37 29 13 18 49 45 23 23 16 45 30 45 21 30 12 16 46 35 1 42 19 37 10 28 44 12 15 21 38 44 10 7 44 37 28 23 29 33 43 20 34 30 6 46 39 40 33 24 25 13 44 26 39 34 42 19 14 40 4
21 3 12 24 29 30 32 16 14 28 22 11 20 18 20 25 14 32 14 22 27 20 36 16 7 13 13 12 27 28 24 11 3 33 13 26 18 0 27 30 29 20 19 13 14 5 31 37 13 21 6 31 17 29 25 13 27 10 27 18 17 33 17 30 9 29 28 18 9 10 22 29 9 11 31 30 11 7 21 14 30 12 26 18 13 30 26 24 17 26 28 29 27 8 23 18 24 2 16 34 16
6 24 30 30 5 35 7 20 36 33 19 38 47 15 22 10 35 8 41 36 32 45 11 38 32 34 32 15 16 28 38 31 24 7 40 11 35 27 0 35 23 41 26 14 38 32 37 10 40 48 33 10 41 12 17 34 35 21 37 39 36 8 16 4 27 12 12 25 22 17 14 10 32 31 9 3 20 20 6 28 8 39 1 42 33 14 5 13 12 15 16 37 23 25 12 39 30 28 40 8 35
35 30 41 6 33 58 42 17 23 2 16 36 42 38 14 42 22 35 37 51 55 46 44 43 36 43 18 33 46 54 53 20 30 37 38 43 15 30 35 0 13 48 46 33 28 31 59 43 38 38 29 45 43 46 18 43 3 22 56 48 16 42 20 36 21 25 45 12 22 26 41 44 23 20 44 37 36 31 29 43 43 35 34 44 20 47 39 43 36 21 21 2 50 37 41 47 51 31 29 38 19
25 28 38 10 20 52 29 13 27 11 7 39 45 31 9 32 26 22 40 47 49 49 31 45 36 42 22 26 37 47 49 23 27 24 41 33 22 29 23 13 0 49 39 26 31 33 52 30 41 41 32 33 46 35 6 42 13 19 50 47 23 29 12 23 22 12 34 11 20 20 33 33 26 23 32 24 29 25 19 38 31 38 22 47 24 36 27 33 28 8 8 15 42 33 32 47 44 31 33 25 25
35 21 11 43 45 23 46 36 29 47 42 15 20 27 40 35 29 48 16 11 21 10 50 5 13 7 31 26 32 25 12 28 22 48 15 36 35 20 41 48 49 0 19 27 25 18 22 51 15 23 19 42 7 39 45 7 45 30 18 3 34 47 37 45 28 48 38 38 29 29 30 39 25 28 42 44 21 24 38 14 41 17 40 8 29 37 40 32 30 46 48 47 27 16 32 2 20 18 26 48 32
20 17 11 40 31 12 29 29 33 44 32 26 35 11 33 17 33 34 29 10 8 26 33 20 19 15 32 13 13 9 12 30 17 33 28 17 37 19 26 46 39 19 0 14 33 23 13 34 28 37 25 23 23 20 34 15 44 24 11 16 36 30 27 30 27 34 19 34 24 20 12 20 28 30 24 29 10 15 24 6 23 28 26 24 32 18 23 13 14 34 36 46 8 11 14 18 5 19 35 34 35
8 11 16 27 18 26 19 16 27 31 19 25 34 5 20 12 27 21 28 23 22 31 23 24 18 20 25 1 14 21 25 23 10 20 27 13 29 13 14 33 26 27 14 0 27 18 27 24 26 34 19 18 27 16 21 20 32 13 25 25 29 20 14 17 19 21 15 21 14 8 9 16 22 23 18 17 6 6 11 15 17 25 13 28 25 17 13 11 4 20 22 34 17 11 10 25 19 15 29 21 28
34 17 22 24 40 42 45 21 5 27 26 10 14 32 23 39 6 43 9 32 40 18 49 20 14 21 10 26 41 42 34 8 17 44 10 40 13 14 38 28 31 25 33 27 0 10 42 48 10 10 8 45 18 43 29 21 25 18 39 26 12 46 25 42 12 36 42 20 17 21 36 43 7 8 44 41 25 21 33 27 43 8 38 18 8 44 39 38 31 32 33 26 41 22 37 24 37 14 2 45 9
26 8 13 26 34 33 37 20 12 30 26 6 15 23 24 30 12 37 9 23 30 16 41 13 5 12 13 17 31 32 25 11 8 38 8 31 18 5 32 31 33 18 23 18 10 0 33 42 8 16 2 36 13 34 29 12 28 14 29 17 17 38 21 35 11 33 33 22 13 15 27 34 8 11 36 35 15 12 26 17 35 7 31 14 12 35 31 29 22 30 32 30 31 12 28 16 27 4 12 39 15
31 29 20 53 42 2 40 42 44 57 45 34 42 23 46 28 45 45 37 11 5 32 44 26 28 22 44 26 22 9 10 42 30 44 36 28 49 31 37 59 52 22 13 27 42 33 0 45 36 45 35 34 29 29 47 22 57 37 4 19 48 41 40 41 39 46 29 47 37 33 23 31 40 42 35 40 23 28 36 16 34 36 37 30 44 27 34 24 26 47 48 59 14 22 25 22 8 30 44 45 47
16 35 40 38 10 43 5 30 47 41 27 49 58 24 30 17 46 8 52 44 40 56 1 49 43 45 43 25 23 36 46 42 34 6 51 17 45 37 10 43 30 51 34 24 48 42 45 0 50 58 43 11 51 16 25 44 43 31 45 48 45 4 25 8 37 18 16 33 32 27 22 14 42 41 10 7 30 30 16 37 11 49 11 52 43 18 11 21 21 22 22 45 31 35 20 49 38 38 50 5 45
35 16 17 34 43 37 46 28 15 37 34 2 7 30 32 38 16 46 1 25 35 8 50 10 9 14 20 26 38 37 26 18 17 47 0 39 23 13 40 38 41 15 28 26 10 8 36 50 0 9 9 44 8 42 37 14 35 22 32 17 22 46 29 43 19 41 41 30 21 23 34 42 15 18 44 43 22 20 34 22 43 3 39 8 18 42 39 36 30 38 40 36 36 17 35 14 32 12 11 47 19
42 24 26 34 50 46 53 31 15 37 36 11 5 39 33 46 16 53 8 34 44 15 57 19 18 23 20 33 47 46 35 18 24 54 9 47 23 21 48 38 41 23 37 34 10 16 45 58 9 0 15 52 16 50 39 23 35 28 41 26 22 54 35 51 22 46 49 30 27 31 43 50 17 18 52 51 31 28 42 31 51 9 47 16 18 51 47 45 38 42 43 36 45 26 44 23 41 20 9 55 19
27 9 15 25 35 35 38 19 10 28 25 7 15 24 23 31 10 38 8 25 32 17 42 14 7 14 11 18 33 34 27 9 9 39 9 32 16 6 33 29 32 19 25 19 8 2 35 43 9 15 0 37 14 35 28 14 26 14 31 19 15 39 21 36 10 33 34 21 13 16 28 35 6 9 37 36 17 13 27 19 36 6 32 15 10 36 32 30 23 30 32 28 33 14 29 18 29 6 10 40 13
11 29 32 40 14 32 6 30 43 43 29 43 52 15 32 7 43 14 46 34 29 48 10 41 36 37 41 19 12 25 35 39 28 12 45 6 45 31 10 45 33 42 23 18 45 36 34 11 44 52 37 0 44 5 27 37 45 29 34 39 45 7 26 11 35 22 5 35 30 24 12 3 39 39 1 9 23 24 16 28 2 43 11 45 41 7 6 10 15 25 25 47 20 28 10 40 27 33 47 12 44
35 18 12 39 45 30 46 33 22 42 39 8 13 29 37 37 23 48 9 18 28 3 50 3 10 8 25 26 35 30 19 23 19 48 8 38 30 17 41 43 46 7 23 27 18 13 29 51 8 16 14 44 0 41 42 8 40 27 25 10 29 47 34 44 24 45 40 35 26 26 32 41 20 23 44 44 21 22 37 17 43 10 40 1 24 40 40 34 30 43 45 42 31 16 34 7 25 15 19 48 26
11 27 29 40 17 27 11 30 43 44 30 41 50 12 32 4 43 18 43 30 24 45 15 38 33 34 41 17 7 20 32 39 26 16 42 3 45 29 12 46 35 39 20 16 43 34 29 16 42 50 35 5 41 0 29 34 45 29 29 36 45 12 26 14 35 24 1 35 30 24 9 2 38 39 6 13 20 22 17 25 5 41 12 42 41 2 7 7 12 26 27 47 15 25 7 37 22 31 45 17 44
19 24 34 13 15 46 24 9 26 16 3 35 43 25 6 26 24 17 36 42 43 45 26 41 32 38 20 21 31 41 44 21 23 19 37 27 21 25 17 18 6 45 34 21 29 29 47 25 37 39 28 27 42 29 0 38 18 15 45 43 21 24 8 18 19 7 28 9 16 16 27 27 24 21 26 19 25 21 13 34 25 34 16 43 22 30 21 27 22 3 4 20 36 29 26 43 39 27 31 20 23
29 14 5 37 39 23 40 29 24 41 35 12 20 22 33 30 24 42 15 11 21 11 44 5 7 0 25 19 28 23 13 23 15 41 14 31 30 13 34 43 42 7 15 20 21 12 22 44 14 23 14 37 8 34 38 0 40 23 18 5 29 40 30 37 22 41 33 31 22 22 25 34 20 23 37 37 14 17 31 9 36 14 33 9 24 33 33 27 23 39 41 42 23 9 27 5 18 12 23 41 27
34 28 39 5 33 57 42 16 20 2 16 33 39 37 13 41 19 35 34 49 53 43 44 41 33 40 15 32 45 53 51 17 28 37 35 42 12 27 35 3 13 45 44 32 25 28 57 43 35 35 26 45 40 45 18 40 0 20 54 45 13 42 19 36 18 25 44 11 20 25 40 44 20 17 44 37 34 29 29 41 43 32 34 41 17 46 39 42 35 21 21 2 49 35 40 44 49 28 26 38 16
18 9 20 16 22 36 28 6 14 20 12 20 29 18 10 25 14 25 22 29 32 30 32 26 17 23 12 12 27 33 31 10 8 26 22 26 16 10 21 22 19 30 24 13 18 14 37 31 22 28 14 29 27 29 15 23 20 0 34 28 16 28 7 24 6 19 28 10 1 5 22 28 11 10 28 24 14 9 15 21 27 20 20 28 12 30 23 24 17 16 18 22 29 15 23 28 29 12 20 27 15
31 26 17 50 42 5 40 40 41 54 43 30 38 22 44 28 41 45 33 7 5 28 44 22 25 18 41 24 22 9 6 39 26 44 32 28 46 27 37 56 50 18 11 25 39 29 4 45 32 41 31 34 25 29 45 18 54 34 0 15 44 41 38 41 36 45 29 44 34 31 23 31 36 38 35 40 21 26 35 13 34 32 37 26 40 27 34 24 25 45 47 56 14 19 25 18 7 27 41 45 43
33 19 9 42 43 20 44 34 29 46 40 17 23 24 38 32 29 46 18 8 18 13 47 7 12 5 30 24 29 22 9 28 20 45 17 33 35 18 39 48 47 3 16 25 26 17 19 48 17 26 19 39 10 36 43 5 45 28 15 0 34 44 35 42 27 46 35 36 27 27 27 36 25 28 39 42 19 22 36 11 38 19 38 11 29 34 37 29 27 44 46 47 24 14 29 3 17 17 28 46 32
34 19 29 13 36 48 43 16 7 15 19 21 26 34 15 41 6 37 21 39 44 30 46 30 22 29 4 28 43 45 41 6 19 39 22 42 1 17 36 16 23 34 36 29 12 17 48 45 22 22 15 45 29 45 21 29 13 16 44 34 0 43 20 38 10 28 44 12 15 21 38 44 9 6 44 38 27 23 30 31 43 19 35 29 5 46 39 40 33 24 25 14 43 25 39 33 41 18 13 40 3
12 31 36 37 9 39 1 27 43 40 26 45 54 20 29 13 43 7 48 40 36 52 3 45 39 41 40 21 19 32 42 39 30 5 47 13 42 33 8 42 29 47 30 20 46 38 41 4 46 54 39 7 47 12 24 40 42 28 41 44 43 0 23 6 34 17 12 32 29 25 18 10 39 38 6 5 26 26 13 33 7 45 8 48 40 14 7 17 17 21 21 44 27 31 16 45 34 35 48 5 43
15 16 26 14 16 39 23 4 21 18 5 27 36 19 6 22 20 19 29 34 36 37 26 33 24 30 17 14 26 35 36 17 15 20 29 23 19 17 16 20 12 37 27 14 25 21 40 25 29 35 21 26 34 26 8 30 19 7 38 35 20 23 0 18 13 12 25 9 8 8 21 25 18 17 25 18 17 13 10 26 24 27 15 35 18 27 20 22 16 9 11 21 30 21 21 35 32 19 27 21 20
10 28 34 31 3 39 6 22 38 34 20 42 51 19 23 13 38 4 44 40 36 49 8 42 36 38 35 19 19 32 42 34 27 3 44 13 37 30 4 36 23 45 30 17 42 35 41 8 43 51 36 11 44 14 18 37 36 24 41 42 38 6 18 0 30 11 14 26 25 21 18 12 35 34 9 1 23 23 9 32 9 42 4 45 36 16 7 17 16 15 15 38 27 28 16 42 34 32 44 4 38
24 10 20 15 28 39 34 10 8 19 16 17 24 24 13 31 8 31 18 30 35 27 38 24 15 22 6 18 33 36 32 4 10 32 19 32 10 9 27 21 22 28 27 19 12 11 39 37 19 22 10 35 24 35 19 22 18 6 36 27 10 34 13 30 0 25 34 11 5 11 28 34 5 4 34 30 18 13 21 23 33 16 26 25 6 36 29 30 23 21 23 20 34 17 29 26 32 10 14 33 9
16 27 37 20 8 45 17 15 32 23 10 39 48 23 13 22 31 10 41 44 41 48 19 44 35 41 27 22 28 39 46 28 26 12 41 23 28 29 12 25 12 48 34 21 36 33 46 18 41 46 33 22 45 24 7 41 25 19 45 46 28 17 12 11 25 0 24 16 20 19 24 22 30 28 20 12 27 24 10 36 20 39 12 46 29 26 17 24 20 4 4 27 34 32 23 46 38 31 38 13 30
10 26 28 39 17 27 11 29 42 43 29 40 49 11 31 3 42 18 42 30 24 44 15 37 32 33 40 16 7 20 31 38 25 16 41 2 44 28 12 45 34 38 19 15 42 33 29 16 41 49 34 5 40 1 28 33 44 28 29 35 44 12 25 14 34 24 0 34 29 23 8 2 37 38 6 13 19 21 16 24 5 40 12 41 40 2 7 6 11 26 27 46 15 24 6 36 22 30 44 17 43
24 18 29 6 23 46 32 5 16 10 6 28 34 26 3 31 15 25 29 39 42 38 34 34 25 31 11 21 34 42 41 12 18 27 30 32 12 18 25 12 11 38 34 21 20 22 47 33 30 30 21 35 35 35 9 31 11 10 44 36 12 32 9 26 11 16 34 0 10 14 29 34 15 12 34 27 24 19 19 31 33 27 24 36 13 36 29 31 24 12 13 13 38 25 30 36 39 20 22 28 14
19 8 19 16 23 37 29 7 13 20 13 19 28 19 11 26 13 26 21 29 33 29 33 25 16 22 11 13 28 33 31 9 8 27 21 27 15 9 22 22 20 29 24 14 17 13 37 32 21 27 13 30 26 30 16 22 20 1 34 27 15 29 8 25 5 20 29 10 0 6 23 29 10 9 29 25 14 9 16 21 28 19 21 27 11 31 24 25 18 17 19 22 30 15 24 27 29 11 19 28 14
13 8 18 20 20 32 24 9 19 24 13 21 30 13 13 20 19 23 24 26 28 29 28 25 16 22 17 7 22 28 28 15 7 24 23 21 21 10 17 26 20 29 20 8 21 15 33 27 23 31 16 24 26 24 16 22 25 5 31 27 21 25 8 21 11 19 23 14 6 0 17 23 15 15 23 20 10 5 12 18 22 22 17 27 17 25 18 19 12 17 19 27 24 13 18 27 25 12 23 25 20
8 19 20 35 19 21 17 24 36 39 26 32 41 4 27 5 36 22 35 22 18 36 21 29 25 25 34 10 5 15 24 32 19 21 34 6 38 22 14 41 33 30 12 9 36 27 23 22 34 43 28 12 32 9 27 25 40 22 23 27 38 18 21 18 28 24 8 29 23 17 0 9 31 32 12 17 12 15 14 16 11 34 14 33 34 8 11 2 5 25 26 42 10 17 2 28 16 23 38 22 37
10 27 29 39 15 29 9 29 42 42 28 41 50 12 31 4 42 16 43 31 26 45 13 38 33 34 40 17 9 22 32 38 26 14 42 3 44 29 10 44 33 39 20 16 43 34 31 14 42 50 35 3 41 2 27 34 44 28 31 36 44 10 25 12 34 22 2 34 29 23 9 0 38 38 4 11 20 22 15 25 3 41 10 42 40 4 5 7 12 24 25 46 17 25 7 37 24 31 45 15 43
28 12 20 19 33 39 39 15 5 22 21 13 19 27 18 34 5 36 14 30 36 23 43 20 13 20 5 21 36 37 32 3 12 37 15 35 10 9 32 23 26 25 28 22 7 8 40 42 15 17 6 39 20 38 24 20 20 11 36 25 9 39 18 35 5 30 37 15 10 15 31 38 0 3 38 35 20 16 26 23 37 12 31 21 4 39 33 33 26 26 28 22 36 17 32 24 33 10 9 38 7
28 13 22 16 32 41 38 13 5 19 18 16 22 28 15 35 4 35 17 32 38 26 42 23 16 23 2 22 37 39 34 0 13 36 18 36 7 11 31 20 23 28 30 23 8 11 42 41 18 18 9 39 23 39 21 23 17 10 38 28 6 38 17 34 4 28 38 12 9 15 32 38 3 0 38 34 21 17 25 25 37 15 30 24 2 40 33 34 27 24 25 19 37 19 33 27 35 12 10 37 5
10 29 32 39 12 33 5 29 42 42 28 43 52 15 31 7 42 13 46 34 30 48 9 41 36 37 40 19 13 26 36 38 28 11 45 7 44 31 9 44 32 42 24 18 44 36 35 10 44 52 37 1 44 6 26 37 44 28 35 39 44 6 25 9 34 20 6 34 29 23 12 4 38 38 0 8 23 24 15 28 1 43 10 45 40 8 5 11 14 24 24 46 21 28 10 40 28 33 46 11 43
9 27 33 32 4 38 5 22 38 35 21 41 50 18 24 12 38 5 44 39 35 48 8 41 35 37 35 18 18 31 41 34 27 4 43 12 37 30 3 37 24 44 29 17 41 35 40 7 43 51 36 9 44 13 19 37 37 24 40 42 38 5 18 1 30 12 13 27 25 20 17 11 35 34 8 0 23 23 9 31 8 42 4 45 36 15 6 16 15 16 16 39 26 28 15 42 33 31 43 5 38
14 8 10 30 24 22 25 19 25 34 22 20 29 8 23 16 25 27 23 17 18 25 29 18 13 14 23 5 16 19 19 21 8 26 22 17 28 11 20 36 29 21 10 6 25 15 23 30 22 31 17 23 21 20 25 14 34 14 21 19 27 26 17 23 18 27 19 24 14 10 12 20 20 21 23 23 0 5 17 9 22 22 19 22 23 20 19 14 9 25 27 36 16 5 13 19 15 11 27 27 26
14 5 13 25 23 27 25 14 21 29 18 19 28 11 18 18 21 26 21 21 23 25 29 20 13 17 19 5 20 24 23 17 4 26 21 19 23 7 20 31 25 24 15 6 21 12 28 30 20 28 13 24 22 22 21 17 29 9 26 22 23 26 13 23 13 24 21 19 9 5 15 22 16 17 24 23 5 0 15 13 23 19 19 23 19 23 19 17 10 22 24 31 21 8 16 22 20 9 23 27 22
6 19 27 24 8 34 13 14 29 27 13 33 42 13 16 13 29 11 35 34 31 40 17 35 27 31 26 12 18 29 36 25 18 12 35 14 29 21 6 29 19 38 24 11 33 26 36 16 34 42 27 16 37 17 13 31 29 15 35 36 30 13 10 9 21 10 16 19 16 12 14 15 26 25 15 9 17 15 0 26 14 33 5 38 27 18 10 14 10 11 12 31 24 22 13 36 28 23 35 13 29
22 13 5 37 33 16 32 27 28 41 31 20 29 13 31 21 29 36 23 8 13 20 36 14 13 9 28 14 19 15 10 26 13 35 22 22 33 14 28 43 38 14 6 15 27 17 16 37 22 31 19 28 17 25 34 9 41 21 13 11 31 33 26 32 23 36 24 31 21 18 16 25 23 25 28 31 9 13 26 0 27 22 28 18 27 24 26 18 16 34 36 43 14 6 18 12 10 14 29 36 30
9 28 31 38 12 32 6 28 41 41 27 42 51 14 30 6 41 13 44 33 29 47 10 40 35 36 39 18 12 25 35 37 27 11 44 6 43 30 8 43 31 41 23 17 43 35 34 11 43 51 36 2 43 5 25 36 43 27 34 38 43 7 24 9 33 20 5 33 28 22 11 3 37 37 1 8 22 23 14 27 0 42 9 44 39 7 4 10 13 23 24 45 20 27 9 39 27 32 45 12 42
33 15 17 31 41 37 44 25 13 34 31 2 9 30 29 37 13 44 2 25 35 11 48 12 9 14 17 24 38 37 27 15 15 45 3 38 20 12 39 35 38 17 28 25 8 7 36 49 3 9 6 43 10 41 34 14 32 20 32 19 19 45 27 42 16 39 40 27 19 22 34 41 12 15 43 42 22 19 33 22 42 0 38 10 15 42 38 36 29 36 38 33 36 17 35 16 32 11 9 46 16
6 24 29 29 5 35 8 19 34 32 18 37 46 15 21 11 34 8 40 36 32 44 11 37 31 33 31 14 17 29 38 30 23 7 39 11 34 26 1 34 22 40 26 13 38 31 37 11 39 47 32 11 40 12 16 33 34 20 37 38 35 8 15 4 26 12 12 24 21 17 14 10 31 30 10 4 19 19 5 28 9 38 0 41 32 14 5 14 12 14 15 36 24 24 13 38 30 28 40 8 34
36 19 13 40 46 31 47 34 22 43 40 8 12 30 38 38 23 49 9 19 29 2 51 4 11 9 26 27 36 31 20 24 20 49 8 39 30 18 42 44 47 8 24 28 18 14 30 52 8 16 15 45 1 42 43 9 41 28 26 11 29 48 35 45 25 46 41 36 27 27 33 42 21 24 45 45 22 23 38 18 44 10 41 0 24 41 41 35 31 44 46 42 32 17 35 8 26 16 19 49 26
30 15 24 16 34 43 40 14 3 19 19 16 22 30 16 37 2 37 17 34 40 26 44 24 17 24 2 24 39 41 36 2 15 38 18 38 6 13 33 20 24 29 32 25 8 12 44 43 18 18 10 41 24 41 22 24 17 12 40 29 5 40 18 36 6 29 40 13 11 17 34 40 4 2 40 36 23 19 27 27 39 15 32 24 0 42 35 36 29 25 26 18 39 21 35 28 37 14 9 39 3
12 27 28 41 19 25 13 31 44 45 31 40 49 12 33 5 44 20 43 28 22 44 17 37 33 33 42 18 5 18 30 40 27 18 42 4 46 30 14 47 36 37 18 17 44 35 27 18 42 51 36 7 40 2 30 33 46 30 27 34 46 14 27 16 36 26 2 36 31 25 8 4 39 40 8 15 20 23 18 24 7 42 14 41 42 0 9 6 13 28 29 48 13 25 7 36 20 31 46 19 45
5 24 29 34 10 32 6 24 37 37 23 38 47 13 26 6 37 11 41 33 29 45 10 38 32 34 35 14 12 25 35 33 23 10 40 6 39 26 5 39 27 40 23 13 39 31 34 11 39 47 32 6 40 7 21 33 39 23 34 37 39 7 20 7 29 17 7 29 24 18 11 5 33 33 5 6 19 19 10 26 4 38 5 41 35 9 0 10 10 19 20 41 20 24 9 38 27 28 41 11 38
8 21 22 37 18 22 16 26 38 41 27 34 43 6 29 4 38 21 37 23 19 38 20 31 27 27 36 12 3 15 25 34 21 20 36 4 40 24 13 43 33 32 13 11 38 29 24 21 36 45 30 10 34 7 27 27 42 24 24 29 40 17 22 17 30 24 6 31 25 19 2 7 33 34 11 16 14 17 14 18 10 36 14 35 36 6 10 0 7 25 26 43 10 19 1 30 17 25 40 21 39
6 15 19 30 17 24 16 19 31 34 21 29 38 3 22 8 31 20 31 24 21 34 20 27 22 23 29 5 10 19 26 27 14 19 31 9 33 17 12 36 28 30 14 4 31 22 26 21 30 38 23 15 30 12 22 23 35 17 25 27 33 17 16 16 23 20 11 24 18 12 5 12 26 27 14 15 9 10 10 16 13 29 12 31 29 13 10 7 0 21 22 37 14 14 6 28 18 19 33 20 32
17 25 35 16 12 45 21 11 28 19 6 36 45 24 9 24 27 14 38 42 42 46 23 42 33 39 23 21 29 40 44 24 24 16 38 25 24 26 15 21 8 46 34 20 32 30 47 22 38 42 30 25 43 26 3 39 21 16 45 44 24 21 9 15 21 4 26 12 17 17 25 24 26 24 24 16 25 22 11 34 23 36 14 44 25 28 19 25 21 0 2 23 35 30 24 44 39 28 34 17 26
18 27 37 17 12 46 21 13 30 19 7 38 47 25 10 25 28 14 40 44 43 48 23 44 35 41 24 23 30 41 46 25 26 16 40 26 25 28 16 21 8 48 36 22 33 32 48 22 40 43 32 25 45 27 4 41 21 18 47 46 25 21 11 15 23 4 27 13 19 19 26 25 28 25 24 16 27 24 12 36 24 38 15 46 26 29 20 26 22 2 0 23 36 32 25 46 40 30 35 17 27
36 30 40 7 35 58 44 18 21 4 18 34 40 39 15 43 20 37 35 50 54 44 46 42 35 42 17 34 47 55 52 19 30 39 36 44 13 29 37 2 15 47 46 34 26 30 59 45 36 36 28 47 42 47 20 42 2 22 56 47 14 44 21 38 20 27 46 13 22 27 42 46 22 19 46 39 36 31 31 43 45 33 36 42 18 48 41 43 37 23 23 0 51 37 42 46 51 30 27 40 17
18 24 19 44 28 12 26 33 41 48 35 34 43 12 36 14 41 31 37 17 9 34 30 28 27 23 39 17 8 5 18 37 24 30 36 14 44 27 23 50 42 27 8 17 41 31 14 31 36 45 33 20 31 15 36 23 49 29 14 24 43 27 30 27 34 34 15 38 30 24 10 17 36 37 21 26 16 21 24 14 20 36 24 32 39 13 20 10 14 35 36 51 0 19 11 26 8 27 43 31 42
19 7 5 31 29 22 30 21 22 35 26 15 24 13 25 21 22 32 18 14 19 19 34 13 8 9 21 10 21 20 16 19 7 31 17 22 26 8 25 37 33 16 11 11 22 12 22 35 17 26 14 28 16 25 29 9 35 15 19 14 25 31 21 28 17 32 24 25 15 13 17 25 17 19 28 28 5 8 22 6 27 17 24 17 21 25 24 19 14 30 32 37 19 0 18 14 16 8 24 32 24
7 20 22 35 17 23 15 25 37 39 26 33 42 5 27 3 37 20 36 24 20 38 19 31 26 27 35 11 4 16 26 33 20 19 35 4 39 23 12 41 32 32 14 10 37 28 25 20 35 44 29 10 34 7 26 27 40 23 25 29 39 16 21 16 29 23 6 30 24 18 2 7 32 33 10 15 13 16 13 18 9 35 13 35 35 7 9 1 6 24 25 42 11 18 0 30 18 24 39 20 38
33 19 9 42 43 23 44 34 28 46 40 14 20 25 38 33 28 46 15 11 21 10 48 4 12 5 29 24 31 24 12 27 20 45 14 34 34 18 39 47 47 2 18 25 24 16 22 49 14 23 18 40 7 37 43 5 44 28 18 3 33 45 35 42 26 46 36 36 27 27 28 37 24 27 40 42 19 22 36 12 39 16 38 8 28 36 38 30 28 44 46 46 26 14 30 0 19 16 25 46 31
24 22 15 45 35 6 33 34 38 49 37 30 38 15 38 21 38 38 33 9 3 28 37 22 23 18 37 18 15 5 10 35 22 37 32 21 42 24 30 51 44 20 5 19 37 27 8 38 32 41 29 27 25 22 39 18 49 29 7 17 41 34 32 34 32 38 22 39 29 25 16 24 33 35 28 33 15 20 28 10 27 32 30 26 37 20 27 17 18 39 40 51 8 16 18 19 0 24 39 38 40
23 4 10 25 31 30 34 18 14 29 24 10 19 19 22 27 15 34 13 20 27 18 38 14 5 12 14 14 27 28 22 12 5 35 12 28 19 2 28 31 31 18 19 15 14 4 30 38 12 20 6 33 15 31 27 12 28 12 27 17 18 35 19 32 10 31 30 20 11 12 23 31 10 12 33 31 11 9 23 14 32 11 28 16 14 31 28 25 19 28 30 30 27 8 24 16 24 0 16 36 17
36 19 24 25 42 44 47 23 6 28 28 11 13 34 25 41 7 45 10 34 42 19 51 21 16 23 11 28 43 44 36 10 19 46 11 42 14 16 40 29 33 26 35 29 2 12 44 50 11 9 10 47 19 45 31 23 26 20 41 28 13 48 27 44 14 38 44 22 19 23 38 45 9 10 46 43 27 23 35 29 45 9 40 19 9 46 41 40 33 34 35 27 43 24 39 25 39 16 0 47 10
14 32 37 33 5 43 6 25 42 36 22 45 54 23 25 17 41 3 48 44 40 52 6 45 39 41 38 22 23 36 46 37 31 1 47 17 40 34 8 38 25 48 34 21 45 39 45 5 47 55 40 12 48 17 20 41 38 27 45 46 40 5 21 4 33 13 17 28 28 25 22 15 38 37 11 5 27 27 13 36 12 46 8 49 39 19 11 21 20 17 17 40 31 32 20 46 38 36 47 0 41
33 18 27 15 36 46 42 16 4 18 20 18 23 33 17 40 3 39 18 37 43 27 46 27 20 27 3 27 42 44 39 5 18 40 19 41 4 16 35 19 25 32 35 28 9 15 47 45 19 19 13 44 26 44 23 27 16 15 43 32 3 43 20 38 9 30 43 14 14 20 37 43 7 5 43 38 26 22 29 30 42 16 34 26 3 45 38 39 32 26 27 17 42 24 38 31 40 17 10 41 0
0         978      
200       322      
126       248      
552       674      
16        133      
90        224      
16        146      
581       717      
388       542      
558       680      
579       731      
362       513      
477       619      
0         85       
574       711      
0         84       
457       571      
18        156      
186       310      
275       421      
80        210      
150       303      
6         161      
153       297      
239       399      
118       255      
411       558      
835       959      
48        189      
70        203      
93        228      
470       589      
245       378      
4         148      
155       318      
0         125      
441       594      
206       344      
0         146      
729       886      
610       752      
127       299      
316       427      
0         107      
382       534      
196       346      
92        224      
686       820      
177       304      
470       621      
379       516      
0         119      
374       522      
0         112      
587       743      
254       395      
558       675      
214       350      
96        261      
144       272      
402       544      
18        154      
585       719      
0         156      
436       593      
601       763      
695       806      
533       667      
209       342      
232       382      
0         80       
0         128      
428       585      
437       566      
47        173      
24        165      
333       468      
231       381      
645       762      
109       250      
0         116      
150       323      
655       783      
131       294      
418       557      
29        161      
0         82       
0         109      
0         86       
591       752      
596       734      
536       710      
64        193      
303       464      
0         75       
123       276      
76        206      
179       352      
462       623      
645       802      
393       561      
