101
0 12 28 37 25 29 4 18 36 20 8 29 38 33 25 29 21 37 36 27 43 17 32 45 1 19 13 22 46 29 15 23 49 34 28 45 20 4 34 34 25 3 34 3 24 15 11 26 15 17 11 9 28 8 27 27 5 11 40 42 26 39 36 42 19 11 16 41 29 34 17 36 33 38 45 17 19 20 39 18 37 25 46 37 15 29 42 18 39 20 33 20 16 19 12 31 36 41 36 41 30
12 0 40 46 21 29 11 16 43 31 13 37 38 41 32 39 33 46 47 38 44 26 41 55 12 31 25 34 55 28 20 35 57 45 29 55 21 14 46 33 37 15 34 9 35 3 21 24 27 28 23 13 26 4 36 35 13 20 49 49 27 40 37 51 30 10 8 48 40 43 24 47 43 49 54 18 24 32 45 25 38 32 55 47 9 38 43 26 39 32 43 29 25 20 22 32 45 51 45 42 33
28 40 0 30 47 47 30 42 39 14 30 27 53 32 30 19 8 31 21 9 55 24 27 33 28 10 15 6 37 48 30 7 43 11 43 32 37 26 6 52 3 25 50 31 14 43 21 48 13 13 17 31 49 36 26 30 28 25 35 43 44 51 51 38 14 36 44 42 10 25 27 22 24 24 36 36 29 8 39 28 45 31 37 23 42 26 50 26 55 8 23 23 22 35 18 44 31 27 30 52 37
37 46 30 0 40 35 35 38 14 20 33 9 36 9 15 11 35 1 11 21 34 19 5 9 36 37 32 32 9 37 26 35 13 21 30 10 28 32 33 39 31 35 35 37 17 48 26 40 29 24 34 32 40 42 9 12 33 25 5 15 33 31 34 8 21 36 44 14 20 5 22 10 6 10 8 30 22 27 12 21 23 15 9 9 42 7 27 19 39 28 7 16 21 28 26 30 2 9 0 31 20
25 21 47 40 0 9 20 6 30 34 18 32 17 32 25 39 43 40 47 42 23 25 36 49 23 43 35 43 49 7 17 45 47 49 12 50 12 23 53 12 45 26 13 21 38 21 26 3 35 34 34 16 5 22 32 28 21 22 41 36 9 20 16 42 33 13 14 35 44 40 21 47 40 49 47 11 19 39 33 21 23 25 47 47 12 34 25 23 18 39 41 28 25 12 28 14 39 49 40 21 22
29 29 47 35 9 0 25 13 22 33 21 27 9 26 20 34 45 34 42 40 15 22 31 44 28 45 36 43 42 2 16 45 39 46 5 45 9 26 52 5 44 30 5 26 35 29 25 7 34 33 36 20 5 29 27 23 24 21 35 27 2 12 8 34 32 19 22 27 41 35 18 42 35 44 41 11 15 38 25 17 14 20 41 42 20 29 17 19 10 38 36 24 22 10 27 5 33 44 35 13 15
4 11 30 35 20 25 0 14 33 20 4 26 34 31 22 28 23 35 36 28 39 15 30 44 3 22 15 24 44 25 11 25 47 35 24 44 16 4 36 30 27 6 30 2 24 13 10 22 17 18 14 5 24 7 25 25 2 9 38 39 22 35 32 40 19 7 14 38 30 32 14 36 32 38 43 13 15 22 36 15 33 22 44 36 12 27 38 16 35 22 32 18 14 15 12 27 34 40 34 37 26
18 16 42 38 6 13 14 0 30 30 11 28 22 30 21 35 37 36 43 38 28 21 32 46 17 36 28 37 46 12 13 38 46 45 14 46 9 16 48 17 39 20 18 15 34 16 21 8 29 29 27 10 10 16 28 24 14 17 39 36 11 24 21 40 29 7 9 35 40 36 17 43 36 45 44 7 15 33 33 17 25 22 45 43 7 30 28 19 23 33 37 24 21 8 23 16 35 45 36 26 21
36 43 39 14 30 22 33 30 0 26 30 12 23 6 12 20 41 13 24 30 20 20 12 22 35 43 37 38 20 24 22 41 16 33 18 23 21 32 43 26 39 36 22 35 25 44 28 29 35 30 39 29 27 40 13 10 31 25 13 6 21 17 21 12 26 32 39 5 30 16 19 23 17 24 19 24 18 33 3 18 10 11 19 23 36 12 13 18 26 34 18 18 22 22 29 17 12 23 14 18 9
20 31 14 20 34 33 20 30 26 0 20 15 39 21 16 10 15 21 17 8 41 10 17 26 19 17 11 12 29 34 17 15 33 15 29 26 23 16 20 38 13 17 36 21 5 33 10 35 9 4 13 21 36 26 14 17 18 13 25 32 30 37 37 28 1 26 34 31 10 16 14 17 15 19 27 23 16 7 28 14 31 17 28 18 32 15 36 12 41 8 14 10 9 22 8 30 21 22 20 38 23
8 13 30 33 18 21 4 11 30 20 0 24 30 27 19 26 25 33 34 28 35 13 28 42 7 25 17 25 42 21 7 27 43 35 20 42 12 5 36 26 27 8 26 6 24 15 10 19 18 18 16 1 21 10 23 22 3 7 36 36 18 31 28 37 19 6 14 35 30 30 11 34 30 36 41 9 11 22 32 12 29 19 42 34 12 25 34 13 31 22 30 16 12 11 12 23 32 38 32 33 22
29 37 27 9 32 27 26 28 12 15 24 0 30 6 7 9 30 9 15 18 29 11 4 18 28 32 26 27 18 29 17 30 20 22 22 18 20 24 31 31 27 27 27 28 13 39 18 32 24 19 28 24 32 33 1 4 24 17 12 17 25 26 28 14 15 27 35 16 19 8 13 15 8 17 17 22 14 22 13 13 19 7 18 15 33 2 24 11 33 23 9 8 13 20 18 22 8 17 9 27 12
38 38 53 36 17 9 34 22 23 39 30 30 0 27 24 38 52 35 45 46 7 28 33 45 37 53 44 50 43 10 24 53 39 51 10 46 18 35 58 5 51 38 4 35 41 38 33 14 42 40 44 29 12 38 30 25 33 29 36 26 11 6 2 35 38 28 31 26 47 37 25 44 37 46 42 20 22 45 26 24 13 23 42 44 29 31 11 26 3 45 38 30 29 19 35 8 34 45 36 6 17
33 41 32 9 32 26 31 30 6 21 27 6 27 0 8 13 36 8 18 23 25 15 6 18 32 38 32 33 16 28 20 36 16 26 21 19 21 28 36 30 32 32 26 33 18 42 23 31 30 25 34 27 31 37 7 5 29 21 9 11 24 22 25 10 21 30 38 10 23 10 16 17 11 19 15 23 15 28 7 15 15 8 15 17 35 6 19 14 30 29 12 13 17 21 24 21 7 18 9 23 11
25 32 30 15 25 20 22 21 12 16 19 7 24 8 0 14 30 15 22 22 24 8 11 24 24 31 25 28 24 22 11 31 24 27 15 25 13 20 35 24 29 24 21 24 17 33 16 25 23 18 27 18 25 29 7 3 20 13 17 18 18 20 22 18 15 21 29 17 23 15 8 22 15 24 23 15 7 22 14 7 14 1 23 22 27 9 19 6 27 23 16 6 10 13 17 16 14 24 15 22 7
29 39 19 11 39 34 28 35 20 10 26 9 38 13 14 0 24 12 8 10 38 14 8 16 28 26 21 21 19 36 22 24 24 13 29 16 27 25 23 38 20 26 35 30 6 41 18 39 19 14 23 27 39 35 8 12 26 19 16 24 32 34 36 19 10 31 39 23 10 6 18 8 5 10 17 28 20 16 20 18 27 15 18 8 37 7 32 16 41 17 4 11 14 27 17 30 12 12 11 35 20
21 33 8 35 43 45 23 37 41 15 25 30 52 36 30 24 0 36 27 14 54 24 32 39 21 2 8 3 42 46 27 2 48 18 41 38 34 20 13 50 5 18 48 24 18 36 17 44 8 12 10 26 46 29 29 31 22 21 40 47 41 50 49 43 15 30 37 46 16 30 26 27 29 29 41 32 28 8 43 27 44 31 42 28 35 30 49 26 54 7 28 24 22 33 15 43 36 32 35 52 37
37 46 31 1 40 34 35 36 13 21 33 9 35 8 15 12 36 0 12 22 32 19 5 10 36 38 32 33 9 36 26 36 12 22 29 11 28 32 34 38 32 36 34 37 18 48 26 39 30 25 34 32 39 42 9 12 33 25 4 14 32 29 33 7 21 36 44 13 21 6 22 11 7 11 8 30 22 28 11 21 22 15 9 10 42 7 26 19 38 29 8 16 21 28 26 29 1 10 1 30 19
36 47 21 11 47 42 36 43 24 17 34 15 45 18 22 8 27 12 0 13 43 22 12 12 36 29 27 24 16 44 30 26 22 11 37 11 35 33 23 46 22 34 42 38 12 49 26 47 25 21 29 35 47 43 15 19 34 27 15 26 40 40 43 18 17 39 47 25 11 8 26 1 7 3 15 36 28 21 23 26 33 22 16 2 45 13 37 24 48 21 6 19 22 35 24 37 13 6 11 41 27
27 38 9 21 42 40 28 38 30 8 28 18 46 23 22 10 14 22 13 0 46 18 18 24 26 16 15 11 28 42 25 14 34 7 36 23 31 24 13 45 10 24 43 29 5 41 18 43 13 10 17 29 44 34 17 21 26 21 26 34 38 42 44 29 9 34 42 33 2 16 22 13 15 15 27 31 24 8 30 22 36 22 28 14 40 17 41 20 49 9 14 16 17 30 16 38 22 18 21 44 29
43 44 55 34 23 15 39 28 20 41 35 29 7 25 24 38 54 32 43 46 0 31 31 41 42 55 48 52 39 16 29 55 35 51 15 42 23 39 59 12 53 43 10 41 41 44 38 21 47 42 49 34 19 44 29 25 38 34 32 22 17 4 7 31 39 34 37 22 47 35 28 42 36 43 38 26 25 46 22 27 10 24 38 42 35 30 7 28 8 47 37 30 32 24 38 12 31 42 33 2 17
17 26 24 19 25 22 15 21 20 10 13 11 28 15 8 14 24 19 22 18 31 0 14 28 16 24 17 21 28 23 8 24 31 24 18 28 13 13 30 27 22 17 25 17 13 28 8 25 16 12 19 13 25 22 10 10 13 6 22 26 19 26 26 25 10 18 26 25 19 16 4 22 16 24 27 14 6 17 22 4 21 9 28 22 24 12 26 2 31 17 16 3 2 13 9 20 18 24 19 28 14
32 41 27 5 36 31 30 32 12 17 28 4 33 6 11 8 32 5 12 18 31 14 0 14 30 34 28 29 14 33 21 32 16 21 26 14 24 27 31 35 28 31 31 31 14 42 21 36 26 21 30 27 36 36 4 8 27 20 8 16 29 28 31 11 17 31 39 15 18 4 17 11 5 13 13 26 17 24 12 16 21 11 14 11 37 2 25 14 36 25 6 11 16 24 21 26 4 13 5 29 16
45 55 33 9 49 44 44 46 22 26 42 18 45 18 24 16 39 10 12 24 41 28 14 0 44 40 37 35 4 46 35 38 11 23 39 1 37 41 35 48 34 42 44 45 22 56 34 49 35 30 39 41 49 50 18 21 41 34 9 20 42 39 43 11 26 45 53 20 23 12 31 11 12 9 4 39 31 32 19 30 32 24 5 10 51 16 34 28 48 33 12 25 30 37 33 39 11 6 9 40 29
1 12 28 36 23 28 3 17 35 19 7 28 37 32 24 28 21 36 36 26 42 16 30 44 0 19 13 22 44 28 14 23 46 33 27 44 19 3 34 33 25 3 33 3 24 15 10 25 15 16 11 8 27 8 26 26 4 10 38 41 25 38 35 41 18 10 16 40 28 32 16 36 32 38 43 16 18 20 38 17 36 24 44 36 15 28 41 17 38 20 32 19 15 18 11 30 34 40 35 40 29
19 31 10 37 43 45 22 36 43 17 25 32 53 38 31 26 2 38 29 16 55 24 34 40 19 0 8 5 44 45 27 4 50 20 41 39 34 19 15 50 7 16 48 22 20 34 17 44 8 13 8 26 46 27 31 33 21 21 42 49 41 50 49 45 17 29 35 48 18 32 26 29 31 31 43 32 28 10 45 27 45 32 44 30 34 32 50 26 54 9 30 25 22 33 15 43 38 34 37 52 38
13 25 15 32 35 36 15 28 37 11 17 26 44 32 25 21 8 32 27 15 48 17 28 37 13 8 0 9 40 37 19 10 44 22 33 37 26 12 21 41 12 10 40 16 15 28 10 36 2 7 2 18 38 21 25 27 14 14 36 43 33 43 41 39 11 22 29 42 17 27 19 27 26 29 38 25 21 7 39 20 38 26 39 28 27 26 43 19 46 7 25 19 15 25 8 36 32 32 31 45 31
22 34 6 32 43 43 24 37 38 12 25 27 50 33 28 21 3 33 24 11 52 21 29 35 22 5 9 0 39 44 26 3 45 16 39 34 33 20 12 48 3 19 46 25 15 37 16 44 7 9 11 26 45 30 26 29 22 20 37 44 40 47 47 40 12 30 38 43 13 27 24 24 26 26 38 31 26 5 40 25 42 29 39 25 36 27 47 23 52 4 25 21 19 32 14 41 33 29 32 49 35
46 55 37 9 49 42 44 46 20 29 42 18 43 16 24 19 42 9 16 28 39 28 14 4 44 44 40 39 0 44 35 42 7 27 37 5 37 41 39 46 38 44 42 45 25 56 35 47 38 33 42 41 47 50 18 21 41 34 7 17 40 37 41 8 29 45 53 17 27 13 31 15 14 13 1 39 31 35 17 30 30 24 1 14 51 16 32 28 46 36 14 25 30 37 35 37 10 10 9 38 27
29 28 48 37 7 2 25 12 24 34 21 29 10 28 22 36 46 36 44 42 16 23 33 46 28 45 37 44 44 0 18 47 40 47 7 47 11 26 53 5 45 29 6 26 36 28 27 5 36 35 37 20 3 28 29 25 24 23 37 29 4 13 9 36 33 18 21 29 42 37 19 44 37 46 43 12 17 39 27 19 16 22 43 44 19 31 18 21 11 40 38 26 24 12 29 7 35 46 37 14 17
15 20 30 26 17 16 11 13 22 17 7 17 24 20 11 22 27 26 30 25 29 8 21 35 14 27 19 26 35 18 0 28 35 32 14 35 7 11 36 21 28 15 21 13 21 22 9 18 18 17 20 7 19 17 16 14 10 5 28 28 14 25 22 29 16 10 18 27 27 24 4 30 24 32 34 6 4 22 25 5 22 12 34 30 16 18 27 6 26 22 24 11 8 6 11 17 25 32 25 27 15
23 35 7 35 45 45 25 38 41 15 27 30 53 36 31 24 2 36 26 14 55 24 32 38 23 4 10 3 42 47 28 0 48 17 42 37 35 22 11 49 4 20 49 26 18 38 19 46 10 12 12 28 47 31 29 32 24 23 40 47 42 50 50 43 15 32 39 46 15 30 27 27 29 29 41 34 29 8 43 28 45 32 42 28 37 30 50 26 54 7 28 24 22 34 17 44 36 32 35 52 38
49 57 43 13 47 39 47 46 16 33 43 20 39 16 24 24 48 12 22 34 35 31 16 11 46 50 44 45 7 40 35 48 0 33 34 12 37 43 45 42 44 47 38 47 30 57 37 45 42 37 46 42 43 52 20 21 43 36 8 13 37 33 37 6 33 45 53 13 33 18 32 21 19 19 7 39 31 40 13 31 26 24 6 20 51 18 28 30 42 41 20 27 32 37 37 33 12 16 13 34 25
34 45 11 21 49 46 35 45 33 15 35 22 51 26 27 13 18 22 11 7 51 24 21 23 33 20 22 16 27 47 32 17 33 0 42 22 37 31 12 51 13 31 48 36 11 48 25 49 19 17 24 36 49 41 21 25 33 28 26 36 43 47 49 29 16 41 49 35 5 17 28 12 16 14 26 38 30 14 33 28 40 28 27 13 47 20 45 26 54 15 15 22 24 37 23 43 23 17 21 48 33
28 29 43 30 12 5 24 14 18 29 20 22 10 21 15 29 41 29 37 36 15 18 26 39 27 41 33 39 37 7 14 42 34 42 0 40 8 25 48 9 40 28 7 26 31 30 23 10 32 30 34 19 10 29 22 18 23 19 30 24 3 11 8 30 28 19 23 23 37 30 14 37 30 39 36 11 12 34 21 14 11 15 36 37 21 24 14 16 13 35 31 20 19 9 25 3 28 39 30 13 10
45 55 32 10 50 45 44 46 23 26 42 18 46 19 25 16 38 11 11 23 42 28 14 1 44 39 37 34 5 47 35 37 12 22 40 0 38 41 34 49 33 42 45 45 22 56 34 50 35 30 39 41 50 50 18 22 41 34 10 21 43 40 44 12 26 45 53 21 22 12 31 10 12 8 5 40 31 31 20 30 33 25 6 9 51 16 35 28 49 32 12 25 30 38 33 40 12 5 10 41 30
20 21 37 28 12 9 16 9 21 23 12 20 18 21 13 27 34 28 35 31 23 13 24 37 19 34 26 33 37 11 7 35 37 37 8 38 0 17 43 14 35 20 14 18 26 23 16 12 25 24 27 11 13 21 20 16 15 12 30 27 7 19 16 31 22 11 17 26 32 28 9 35 28 37 36 3 7 29 24 9 17 13 36 35 15 22 22 11 19 29 29 16 14 1 18 11 27 37 28 21 12
4 14 26 32 23 26 4 16 32 16 5 24 35 28 20 25 20 32 33 24 39 13 27 41 3 19 12 20 41 26 11 22 43 31 25 41 17 0 32 31 23 4 31 5 21 17 7 24 13 14 11 6 26 10 23 23 2 7 35 38 23 35 33 38 15 10 18 37 26 29 13 33 29 35 40 14 15 18 34 14 33 21 41 33 16 25 38 14 36 18 29 16 12 16 8 28 31 37 32 37 26
34 46 6 33 53 52 36 48 43 20 36 31 58 36 35 23 13 34 23 13 59 30 31 35 34 15 21 12 39 53 36 11 45 12 48 34 43 32 0 57 9 31 55 37 18 49 27 54 19 19 23 37 55 42 30 34 34 31 38 47 49 55 56 41 20 42 50 46 13 28 33 24 27 26 38 42 35 14 43 34 49 35 39 25 48 30 54 32 61 14 26 29 28 41 24 50 34 29 33 57 42
34 33 52 39 12 5 30 17 26 38 26 31 5 30 24 38 50 38 46 45 12 27 35 48 33 50 41 48 46 5 21 49 42 51 9 49 14 31 57 0 49 34 4 31 40 33 30 9 39 38 41 25 7 33 31 27 29 26 39 29 7 11 6 38 36 23 26 29 46 39 23 46 39 48 45 16 20 43 29 22 16 24 45 46 24 33 16 24 6 43 40 29 27 15 32 9 37 48 39 11 19
25 37 3 31 45 44 27 39 39 13 27 27 51 32 29 20 5 32 22 10 53 22 28 34 25 7 12 3 38 45 28 4 44 13 40 33 35 23 9 49 0 22 47 28 14 40 18 46 10 10 14 28 47 33 26 29 25 22 36 43 41 48 48 39 13 33 41 42 11 26 25 23 25 25 37 33 27 6 39 26 43 30 38 24 39 26 48 24 53 5 24 22 20 33 16 42 32 28 31 50 36
3 15 25 35 26 30 6 20 36 17 8 27 38 32 24 26 18 36 34 24 43 17 31 42 3 16 10 19 44 29 15 20 47 31 28 42 20 4 31 34 22 0 34 6 22 18 9 27 12 14 8 9 29 11 26 27 5 11 39 42 26 39 36 41 16 13 19 41 26 31 17 34 31 36 43 17 19 17 38 18 37 25 44 34 18 28 42 18 39 17 30 19 15 19 9 31 35 38 35 41 30
34 34 50 35 13 5 30 18 22 36 26 27 4 26 21 35 48 34 42 43 10 25 31 44 33 48 40 46 42 6 21 49 38 48 7 45 14 31 55 4 47 34 0 31 38 34 30 11 39 37 41 25 9 34 28 23 29 26 35 25 7 7 3 34 35 24 27 25 44 35 21 42 35 44 41 16 19 41 25 21 12 21 41 42 25 29 12 23 6 42 36 27 26 15 32 5 33 44 35 8 15
3 9 31 37 21 26 2 15 35 21 6 28 35 33 24 30 24 37 38 29 41 17 31 45 3 22 16 25 45 26 13 26 47 36 26 45 18 5 37 31 28 6 31 0 26 12 12 23 18 19 14 7 25 5 27 27 4 11 39 41 24 37 34 42 20 8 13 40 31 33 16 38 33 40 44 15 17 23 38 17 35 24 45 38 12 29 40 18 36 23 33 20 16 17 13 29 35 41 36 39 28
24 35 14 17 38 35 24 34 25 5 24 13 41 18 17 6 18 18 12 5 41 13 14 22 24 20 15 15 25 36 21 18 30 11 31 22 26 21 18 40 14 22 38 26 0 37 14 38 13 9 17 25 38 31 12 16 22 17 22 29 32 37 38 25 5 30 38 28 6 12 17 12 11 14 23 27 19 10 25 17 31 17 24 13 36 12 36 15 43 11 10 11 13 26 12 33 18 17 17 39 24
15 3 43 48 21 29 13 16 44 33 15 39 38 42 33 41 36 48 49 41 44 28 42 56 15 34 28 37 56 28 22 38 57 48 30 56 23 17 49 33 40 18 34 12 37 0 23 24 30 31 26 15 26 7 38 36 15 22 50 50 27 40 37 51 32 12 7 49 43 44 26 49 44 51 55 20 26 35 47 27 40 34 56 49 9 40 44 28 39 35 44 31 27 22 25 32 46 52 47 42 35
11 21 21 26 26 25 10 21 28 10 10 18 33 23 16 18 17 26 26 18 38 8 21 34 10 17 10 16 35 27 9 19 37 25 23 34 16 7 27 30 18 9 30 12 14 23 0 27 9 8 11 11 28 17 17 18 8 4 29 34 23 33 31 32 9 16 24 33 20 23 9 26 22 28 34 15 11 12 30 10 29 17 35 26 22 19 34 10 35 13 22 10 6 15 2 26 25 30 26 35 22
26 24 48 40 3 7 22 8 29 35 19 32 14 31 25 39 44 39 47 43 21 25 36 49 25 44 36 44 47 5 18 46 45 49 10 50 12 24 54 9 46 27 11 23 38 24 27 0 36 35 35 18 2 24 32 28 22 23 40 34 7 18 14 40 34 15 17 33 44 40 21 47 40 49 46 12 19 39 31 21 21 25 46 47 15 34 23 23 15 40 41 28 25 12 29 12 38 49 40 19 20
15 27 13 29 35 34 17 29 35 9 18 24 42 30 23 19 8 30 25 13 47 16 26 35 15 8 2 7 38 36 18 10 42 19 32 35 25 13 19 39 10 12 39 18 13 30 9 36 0 5 4 19 37 23 23 25 15 13 34 41 32 42 40 37 9 23 31 40 15 25 18 25 24 27 36 24 20 5 37 19 37 24 37 26 29 24 42 18 44 5 23 17 14 24 7 35 30 30 29 44 30
17 28 13 24 34 33 18 29 30 4 18 19 40 25 18 14 12 25 21 10 42 12 21 30 16 13 7 9 33 35 17 12 37 17 30 30 24 14 19 38 10 14 37 19 9 31 8 35 5 0 9 19 36 24 18 20 16 12 29 36 31 38 38 32 4 24 32 35 12 20 15 21 19 23 31 23 17 5 32 15 32 19 32 22 30 19 37 14 43 5 18 12 10 23 6 32 25 26 24 40 25
11 23 17 34 34 36 14 27 39 13 16 28 44 34 27 23 10 34 29 17 49 19 30 39 11 8 2 11 42 37 20 12 46 24 34 39 27 11 23 41 14 8 41 14 17 26 11 35 4 9 0 17 37 19 27 29 13 15 38 45 34 44 42 41 13 21 27 44 19 29 20 29 28 31 40 25 22 9 41 21 40 28 41 30 26 28 45 21 46 9 27 21 17 26 10 37 34 34 33 46 33
9 13 31 32 16 20 5 10 29 21 1 24 29 27 18 27 26 32 35 29 34 13 27 41 8 26 18 26 41 20 7 28 42 36 19 41 11 6 37 25 28 9 25 7 25 15 11 18 19 19 17 0 20 11 23 21 4 8 35 35 17 30 27 36 20 5 13 34 31 29 11 35 29 37 40 8 11 23 32 12 28 19 41 35 11 25 33 13 30 23 29 16 13 10 13 22 31 37 32 32 22
28 26 49 40 5 5 24 10 27 36 21 32 12 31 25 39 46 39 47 44 19 25 36 49 27 46 38 45 47 3 19 47 43 49 10 50 13 26 55 7 47 29 9 25 38 26 28 2 37 36 37 20 0 26 32 28 24 24 40 32 7 16 12 39 35 17 19 32 44 40 21 47 40 49 46 13 19 40 30 21 19 25 46 47 17 34 21 23 13 41 41 28 26 13 30 10 38 49 40 17 20
8 4 36 42 22 29 7 16 40 26 10 33 38 37 29 35 29 42 43 34 44 22 36 50 8 27 21 30 50 28 17 31 52 41 29 50 21 10 42 33 33 11 34 5 31 7 17 24 23 24 19 11 26 0 32 31 9 16 44 45 27 40 37 46 25 10 10 44 36 38 21 43 38 45 49 18 21 28 42 22 38 29 50 43 10 34 43 23 39 28 38 25 21 20 18 32 40 46 41 42 32
27 36 26 9 32 27 25 28 13 14 23 1 30 7 7 8 29 9 15 17 29 10 4 18 26 31 25 26 18 29 16 29 20 21 22 18 20 23 30 31 26 26 28 27 12 38 17 32 23 18 27 23 32 32 0 4 23 16 12 18 25 26 28 15 14 26 34 17 18 8 12 15 8 17 17 21 13 21 14 12 19 7 18 15 32 2 24 10 33 22 9 7 12 20 18 22 8 17 9 27 12
27 35 30 12 28 23 25 24 10 17 22 4 25 5 3 12 31 12 19 21 25 10 8 21 26 33 27 29 21 25 14 32 21 25 18 22 16 23 34 27 29 27 23 27 16 36 18 28 25 20 29 21 28 31 4 0 23 16 14 16 21 21 23 15 16 24 32 15 22 12 11 19 12 21 20 18 10 23 12 10 15 3 20 19 30 6 20 9 28 24 13 8 12 16 19 18 11 21 12 23 8
5 13 28 33 21 24 2 14 31 18 3 24 33 29 20 26 22 33 34 26 38 13 27 41 4 21 14 22 41 24 10 24 43 33 23 41 15 2 34 29 25 5 29 4 22 15 8 22 15 16 13 4 24 9 23 23 0 7 35 37 21 34 31 38 17 8 16 36 28 29 13 34 29 36 40 12 14 20 34 13 32 21 41 34 14 25 37 14 34 20 29 16 12 14 10 26 31 37 32 36 25
11 20 25 25 22 21 9 17 25 13 7 17 29 21 13 19 21 25 27 21 34 6 20 34 10 21 14 20 34 23 5 23 36 28 19 34 12 7 31 26 22 11 26 11 17 22 4 23 13 12 15 8 24 16 16 16 7 0 28 31 19 29 27 31 12 13 21 30 23 22 6 27 22 29 33 11 8 16 27 7 26 14 34 27 19 18 31 7 31 17 22 9 5 11 6 22 24 30 25 31 19
40 49 35 5 41 35 38 39 13 25 36 12 36 9 17 16 40 4 15 26 32 22 8 9 38 42 36 37 7 37 28 40 8 26 30 10 30 35 38 39 36 39 35 39 22 50 29 40 34 29 38 35 40 44 12 14 35 28 0 12 33 30 34 3 25 38 46 11 25 10 24 14 11 14 6 32 24 32 10 24 23 17 6 13 44 10 25 22 39 33 12 19 24 30 29 30 4 12 5 31 20
42 49 43 15 36 27 39 36 6 32 36 17 26 11 18 24 47 14 26 34 22 26 16 20 41 49 43 44 17 29 28 47 13 36 24 21 27 38 47 29 43 42 25 41 29 50 34 34 41 36 45 35 32 45 18 16 37 31 12 0 27 20 24 9 32 38 44 1 34 19 25 25 20 25 16 30 24 39 4 24 13 17 16 24 42 17 15 24 29 40 21 24 28 28 35 22 13 23 15 21 15
26 27 44 33 9 2 22 11 21 30 18 25 11 24 18 32 41 32 40 38 17 19 29 42 25 41 33 40 40 4 14 42 37 43 3 43 7 23 49 7 41 26 7 24 32 27 23 7 32 31 34 17 7 27 25 21 21 19 33 27 0 13 10 33 29 17 20 26 38 33 15 40 33 42 39 9 13 35 24 15 14 18 39 40 18 27 17 17 12 36 34 22 20 8 25 5 31 42 33 15 13
39 40 51 31 20 12 35 24 17 37 31 26 6 22 20 34 50 29 40 42 4 26 28 39 38 50 43 47 37 13 25 50 33 47 11 40 19 35 55 11 48 39 7 37 37 40 33 18 42 38 44 30 16 40 26 21 34 29 30 20 13 0 5 29 35 30 33 20 43 32 23 39 33 40 36 22 21 42 20 23 7 20 36 39 31 27 5 24 9 43 34 26 28 20 34 8 28 39 30 2 13
36 37 51 34 16 8 32 21 21 37 28 28 2 25 22 36 49 33 43 44 7 26 31 43 35 49 41 47 41 9 22 50 37 49 8 44 16 33 56 6 48 36 3 34 38 37 31 14 40 38 42 27 12 37 28 23 31 27 34 24 10 5 0 33 36 27 30 24 44 35 22 42 35 44 40 19 20 42 24 22 11 21 40 42 28 29 10 24 5 43 36 28 27 17 33 6 32 43 34 5 15
42 51 38 8 42 34 40 40 12 28 37 14 35 10 18 19 43 7 18 29 31 25 11 11 41 45 39 40 8 36 29 43 6 29 30 12 31 38 41 38 39 41 34 42 25 51 32 40 37 32 41 36 39 46 15 15 38 31 3 9 33 29 33 0 28 39 47 9 28 13 26 17 14 17 7 33 25 35 9 25 22 18 7 16 45 13 24 24 38 36 15 22 27 31 32 29 7 14 8 30 20
19 30 14 21 33 32 19 29 26 1 19 15 38 21 15 10 15 21 17 9 39 10 17 26 18 17 11 12 29 33 16 15 33 16 28 26 22 15 20 36 13 16 35 20 5 32 9 34 9 4 13 20 35 25 14 16 17 12 25 32 29 35 36 28 0 25 33 31 11 16 13 17 15 19 27 22 15 7 28 13 29 16 28 18 31 15 34 12 41 8 14 9 8 21 7 30 21 22 21 37 22
11 10 36 36 13 19 7 7 32 26 6 27 28 30 21 31 30 36 39 34 34 18 31 45 10 29 22 30 45 18 10 32 45 41 19 45 11 10 42 23 33 13 24 8 30 12 16 15 23 24 21 5 17 10 26 24 8 13 38 38 17 30 27 39 25 0 8 37 36 34 14 39 34 41 43 8 14 28 35 15 28 22 44 39 6 28 33 16 29 28 34 21 17 10 18 22 34 42 35 32 23
16 8 44 44 14 22 14 9 39 34 14 35 31 38 29 39 37 44 47 42 37 26 39 53 16 35 29 38 53 21 18 39 53 49 23 53 17 18 50 26 41 19 27 13 38 7 24 17 31 32 27 13 19 10 34 32 16 21 46 44 20 33 30 47 33 8 0 43 44 42 22 47 42 49 51 14 22 36 41 23 34 30 52 47 2 36 37 24 32 36 42 29 25 16 26 25 42 50 43 35 29
41 48 42 14 35 27 38 35 5 31 35 16 26 10 17 23 46 13 25 33 22 25 15 20 40 48 42 43 17 29 27 46 13 35 23 21 26 37 46 29 42 41 25 40 28 49 33 33 40 35 44 34 32 44 17 15 36 30 11 1 26 20 24 9 31 37 43 0 33 18 24 24 19 24 16 29 23 38 3 23 13 16 16 23 41 16 15 23 29 39 20 23 27 27 34 22 12 23 14 21 14
29 40 10 20 44 41 30 40 30 10 30 19 47 23 23 10 16 21 11 2 47 19 18 23 28 18 17 13 27 42 27 15 33 5 37 22 32 26 13 46 11 26 44 31 6 43 20 44 15 12 19 31 44 36 18 22 28 23 25 34 38 43 44 28 11 36 44 33 0 15 23 12 14 14 26 33 25 10 30 23 37 23 27 13 42 17 42 21 49 11 13 17 19 32 18 39 21 17 20 45 30
34 43 25 5 40 35 32 36 16 16 30 8 37 10 15 6 30 6 8 16 35 16 4 12 32 32 27 27 13 37 24 30 18 17 30 12 28 29 28 39 26 31 35 33 12 44 23 40 25 20 29 29 40 38 8 12 29 22 10 19 33 32 35 13 16 34 42 18 15 0 20 7 1 9 12 29 21 22 16 20 25 15 13 7 40 6 29 18 40 23 2 13 18 28 22 30 6 9 5 33 20
17 24 27 22 21 18 14 17 19 14 11 13 25 16 8 18 26 22 26 22 28 4 17 31 16 26 19 24 31 19 4 27 32 28 14 31 9 13 33 23 25 17 21 16 17 26 9 21 18 15 20 11 21 21 12 11 13 6 24 25 15 23 22 26 13 14 22 24 23 20 0 26 20 28 29 10 2 20 21 1 20 8 30 26 20 14 25 2 27 20 20 7 5 9 11 17 20 28 21 25 13
36 47 22 10 47 42 36 43 23 17 34 15 44 17 22 8 27 11 1 13 42 22 11 11 36 29 27 24 15 44 30 27 21 12 37 10 35 33 24 46 23 34 42 38 12 49 26 47 25 21 29 35 47 43 15 19 34 27 14 25 40 39 42 17 17 39 47 24 12 7 26 0 7 2 14 36 28 21 22 26 32 22 15 1 45 13 36 24 47 22 6 19 22 35 24 37 12 5 10 40 27
33 43 24 6 40 35 32 36 17 15 30 8 37 11 15 5 29 7 7 15 36 16 5 12 32 31 26 26 14 37 24 29 19 16 30 12 28 29 27 39 25 31 35 33 11 44 22 40 24 19 28 29 40 38 8 12 29 22 11 20 33 33 35 14 15 34 42 19 14 1 20 7 0 9 13 29 21 21 17 19 26 15 14 7 40 6 30 18 40 22 1 13 18 28 22 30 7 9 6 34 20
38 49 24 10 49 44 38 45 24 19 36 17 46 19 24 10 29 11 3 15 43 24 13 9 38 31 29 26 13 46 32 29 19 14 39 8 37 35 26 48 25 36 44 40 14 51 28 49 27 23 31 37 49 45 17 21 36 29 14 25 42 40 44 17 19 41 49 24 14 9 28 2 9 0 12 38 30 23 22 28 33 24 13 2 47 15 37 26 49 24 8 21 24 37 26 39 12 3 10 41 29
45 54 36 8 47 41 43 44 19 27 41 17 42 15 23 17 41 8 15 27 38 27 13 4 43 43 38 38 1 43 34 41 7 26 36 5 36 40 38 45 37 43 41 44 23 55 34 46 36 31 40 40 46 49 17 20 40 33 6 16 39 36 40 7 27 43 51 16 26 12 29 14 13 12 0 38 30 33 16 29 29 23 1 13 49 15 31 27 45 34 13 24 29 36 34 36 9 9 8 37 26
17 18 36 30 11 11 13 7 24 23 9 22 20 23 15 28 32 30 36 31 26 14 26 39 16 32 25 31 39 12 6 34 39 38 11 40 3 14 42 16 33 17 16 15 27 20 15 12 24 23 25 8 13 18 21 18 12 11 32 30 9 22 19 33 22 8 14 29 33 29 10 36 29 38 38 0 8 27 27 10 20 16 38 36 12 23 25 12 21 28 30 17 14 2 17 14 29 38 30 24 15
19 24 29 22 19 15 15 15 18 16 11 14 22 15 7 20 28 22 28 24 25 6 17 31 18 28 21 26 31 17 4 29 31 30 12 31 7 15 35 20 27 19 19 17 19 26 11 19 20 17 22 11 19 21 13 10 14 8 24 24 13 21 20 25 15 14 22 23 25 21 2 28 21 30 30 8 0 22 21 2 18 8 30 28 20 15 23 4 25 22 22 9 7 7 13 15 21 30 22 23 11
20 32 8 27 39 38 22 33 33 7 22 22 45 28 22 16 8 28 21 8 46 17 24 32 20 10 7 5 35 39 22 8 40 14 34 31 29 18 14 43 6 17 41 23 10 35 12 39 5 5 9 23 40 28 21 23 20 16 32 39 35 42 42 35 7 28 36 38 10 22 20 21 21 23 33 27 22 0 35 20 36 23 34 22 34 22 41 19 47 1 20 16 15 27 10 37 28 26 27 44 29
39 45 39 12 33 25 36 33 3 28 32 13 26 7 14 20 43 11 23 30 22 22 12 19 38 45 39 40 17 27 25 43 13 33 21 20 24 34 43 29 39 38 25 38 25 47 30 31 37 32 41 32 30 42 14 12 34 27 10 4 24 20 24 9 28 35 41 3 30 16 21 22 17 22 16 27 21 35 0 21 13 13 16 21 39 13 15 20 29 36 18 20 24 25 31 20 10 21 12 21 12
18 25 28 21 21 17 15 17 18 14 12 13 24 15 7 18 27 21 26 22 27 4 16 30 17 27 20 25 30 19 5 28 31 28 14 30 9 14 34 22 26 18 21 17 17 27 10 21 19 15 21 12 21 22 12 10 13 7 24 24 15 23 22 25 13 15 23 23 23 20 1 26 19 28 29 10 2 20 21 0 19 8 30 26 21 14 24 2 27 20 20 7 5 9 12 17 20 28 21 25 12
37 38 45 23 23 14 33 25 10 31 29 19 13 15 14 27 44 22 33 36 10 21 21 32 36 45 38 42 30 16 22 45 26 40 11 33 17 33 49 16 43 37 12 35 31 40 29 21 37 32 40 28 19 38 19 15 32 26 23 13 14 7 11 22 29 28 34 13 37 25 20 32 26 33 29 20 18 36 13 19 0 14 29 32 32 20 5 19 16 37 27 20 23 18 30 9 21 32 23 8 7
25 32 31 15 25 20 22 22 11 17 19 7 23 8 1 15 31 15 22 22 24 9 11 24 24 32 26 29 24 22 12 32 24 28 15 25 13 21 35 24 30 25 21 24 17 34 17 25 24 19 28 19 25 29 7 3 21 14 17 17 18 20 21 18 16 22 30 16 23 15 8 22 15 24 23 16 8 23 13 8 14 0 23 22 28 9 19 7 26 24 16 7 11 14 18 16 14 24 15 22 7
46 55 37 9 47 41 44 45 19 28 42 18 42 15 23 18 42 9 16 28 38 28 14 5 44 44 39 39 1 43 34 42 6 27 36 6 36 41 39 45 38 44 41 45 24 56 35 46 37 32 41 41 46 50 18 20 41 34 6 16 39 36 40 7 28 44 52 16 27 13 30 15 14 13 1 38 30 34 16 30 29 23 0 14 50 16 31 28 45 35 14 25 30 36 35 36 10 10 9 37 26
37 47 23 9 47 42 36 43 23 18 34 15 44 17 22 8 28 10 2 14 42 22 11 10 36 30 28 25 14 44 30 28 20 13 37 9 35 33 25 46 24 34 42 38 13 49 26 47 26 22 30 35 47 43 15 19 34 27 13 24 40 39 42 16 18 39 47 23 13 7 26 1 7 2 13 36 28 22 21 26 32 22 14 0 45 13 36 24 47 23 6 19 22 35 25 37 11 4 9 40 27
15 9 42 42 12 20 12 7 36 32 12 33 29 35 27 37 35 42 45 40 35 24 37 51 15 34 27 36 51 19 16 37 51 47 21 51 15 16 48 24 39 18 25 12 36 9 22 15 29 30 26 11 17 10 32 30 14 19 44 42 18 31 28 45 31 6 2 41 42 40 20 45 40 47 49 12 20 34 39 21 32 28 50 45 0 34 35 22 30 34 40 27 23 14 24 23 40 48 41 33 27
29 38 26 7 34 29 27 30 12 15 25 2 31 6 9 7 30 7 13 17 30 12 2 16 28 32 26 27 16 31 18 30 18 20 24 16 22 25 30 33 26 28 29 29 12 40 19 34 24 19 28 25 34 34 2 6 25 18 10 17 27 27 29 13 15 28 36 16 17 6 14 13 6 15 15 23 15 22 13 14 20 9 16 13 34 0 25 12 34 23 7 9 14 22 19 24 6 15 7 28 14
42 43 50 27 25 17 38 28 13 36 34 24 11 19 19 32 49 26 37 41 7 26 25 34 41 50 43 47 32 18 27 50 28 45 14 35 22 38 54 16 48 42 12 40 36 44 34 23 42 37 45 33 21 43 24 20 37 31 25 15 17 5 10 24 34 33 37 15 42 29 25 36 30 37 31 25 23 41 15 24 5 19 31 36 35 25 0 24 14 42 31 25 28 23 35 12 25 36 27 6 12
18 26 26 19 23 19 16 19 18 12 13 11 26 14 6 16 26 19 24 20 28 2 14 28 17 26 19 23 28 21 6 26 30 26 16 28 11 14 32 24 24 18 23 18 15 28 10 23 18 14 21 13 23 23 10 9 14 7 22 24 17 24 24 24 12 16 24 23 21 18 2 24 18 26 27 12 4 19 20 2 19 7 28 24 22 12 24 0 29 19 18 5 4 11 11 18 18 26 19 26 12
39 39 55 39 18 10 35 23 26 41 31 33 3 30 27 41 54 38 48 49 8 31 36 48 38 54 46 52 46 11 26 54 42 54 13 49 19 36 61 6 53 39 6 36 43 39 35 15 44 43 46 30 13 39 33 28 34 31 39 29 12 9 5 38 41 29 32 29 49 40 27 47 40 49 45 21 25 47 29 27 16 26 45 47 30 34 14 29 0 47 41 33 32 20 37 11 37 48 39 8 20
20 32 8 28 39 38 22 33 34 8 22 23 45 29 23 17 7 29 21 9 47 17 25 33 20 9 7 4 36 40 22 7 41 15 35 32 29 18 14 43 5 17 42 23 11 35 13 40 5 5 9 23 41 28 22 24 20 17 33 40 36 43 43 36 8 28 36 39 11 23 20 22 22 24 34 28 22 1 36 20 37 24 35 23 34 23 42 19 47 0 21 17 15 28 11 37 29 27 28 45 30
33 43 23 7 41 36 32 37 18 14 30 9 38 12 16 4 28 8 6 14 37 16 6 12 32 30 25 25 14 38 24 28 20 15 31 12 29 29 26 40 24 30 36 33 10 44 22 41 23 18 27 29 41 38 9 13 29 22 12 21 34 34 36 15 14 34 42 20 13 2 20 6 1 8 13 30 22 20 18 20 27 16 14 6 40 7 31 18 41 21 0 13 18 29 21 31 8 8 7 35 21
20 29 23 16 28 24 18 24 18 10 16 8 30 13 6 11 24 16 19 16 30 3 11 25 19 25 19 21 25 26 11 24 27 22 20 25 16 16 29 29 22 19 27 20 11 31 10 28 17 12 21 16 28 25 7 8 16 9 19 24 22 26 28 22 9 21 29 23 17 13 7 19 13 21 24 17 9 16 20 7 20 7 25 19 27 9 25 5 33 17 13 0 5 16 11 22 15 21 16 28 13
16 25 22 21 25 22 14 21 22 9 12 13 29 17 10 14 22 21 22 17 32 2 16 30 15 22 15 19 30 24 8 22 32 24 19 30 14 12 28 27 20 15 26 16 13 27 6 25 14 10 17 13 26 21 12 12 12 5 24 28 20 28 27 27 8 17 25 27 19 18 5 22 18 24 29 14 7 15 24 5 23 11 30 22 23 14 28 4 32 15 18 5 0 13 7 22 20 26 21 30 16
19 20 35 28 12 10 15 8 22 22 11 20 19 21 13 27 33 28 35 30 24 13 24 37 18 33 25 32 37 12 6 34 37 37 9 38 1 16 41 15 33 19 15 17 26 22 15 12 24 23 26 10 13 20 20 16 14 11 30 28 8 20 17 31 21 10 16 27 32 28 9 35 28 37 36 2 7 27 25 9 18 14 36 35 14 22 23 11 20 28 29 16 13 0 17 12 27 37 28 22 13
12 22 18 26 28 27 12 23 29 8 12 18 35 24 17 17 15 26 24 16 38 9 21 33 11 15 8 14 35 29 11 17 37 23 25 33 18 8 24 32 16 9 32 13 12 25 2 29 7 6 10 13 30 18 18 19 10 6 29 35 25 34 33 32 7 18 26 34 18 22 11 24 22 26 34 17 13 10 31 12 30 18 35 25 24 19 35 11 37 11 21 11 7 17 0 28 25 29 26 36 23
31 32 44 30 14 5 27 16 17 30 23 22 8 21 16 30 43 29 37 38 12 20 26 39 30 43 36 41 37 7 17 44 33 43 3 40 11 28 50 9 42 31 5 29 33 32 26 12 35 32 37 22 10 32 22 18 26 22 30 22 5 8 6 29 30 22 25 22 39 30 17 37 30 39 36 14 15 37 20 17 9 16 36 37 23 24 12 18 11 37 31 22 22 12 28 0 28 39 30 10 10
36 45 31 2 39 33 34 35 12 21 32 8 34 7 14 12 36 1 13 22 31 18 4 11 34 38 32 33 10 35 25 36 12 23 28 12 27 31 34 37 32 35 33 35 18 46 25 38 30 25 34 31 38 40 8 11 31 24 4 13 31 28 32 7 21 34 42 12 21 6 20 12 7 12 9 29 21 28 10 20 21 14 10 11 40 6 25 18 37 29 8 15 20 27 25 28 0 11 2 29 18
41 51 27 9 49 44 40 45 23 22 38 17 45 18 24 12 32 10 6 18 42 24 13 6 40 34 32 29 10 46 32 32 16 17 39 5 37 37 29 48 28 38 44 41 17 52 30 49 30 26 34 37 49 46 17 21 37 30 12 23 42 39 43 14 22 42 50 23 17 9 28 5 9 3 9 38 30 26 21 28 32 24 10 4 48 15 36 26 48 27 8 21 26 37 29 39 11 0 9 40 29
36 45 30 0 40 35 34 36 14 20 32 9 36 9 15 11 35 1 11 21 33 19 5 9 35 37 31 32 9 37 25 35 13 21 30 10 28 32 33 39 31 35 35 36 17 47 26 40 29 24 33 32 40 41 9 12 32 25 5 15 33 30 34 8 21 35 43 14 20 5 21 10 6 10 8 30 22 27 12 21 23 15 9 9 41 7 27 19 39 28 7 16 21 28 26 30 2 9 0 31 20
41 42 52 31 21 13 37 26 18 38 33 27 6 23 22 35 52 30 41 44 2 28 29 40 40 52 45 49 38 14 27 52 34 48 13 41 21 37 57 11 50 41 8 39 39 42 35 19 44 40 46 32 17 42 27 23 36 31 31 21 15 2 5 30 37 32 35 21 45 33 25 40 34 41 37 24 23 44 21 25 8 22 37 40 33 28 6 26 8 45 35 28 30 22 36 10 29 40 31 0 15
30 33 37 20 22 15 26 21 9 23 22 12 17 11 7 20 37 19 27 29 17 14 16 29 29 38 31 35 27 17 15 38 25 33 10 30 12 26 42 19 36 30 15 28 24 35 22 20 30 25 33 22 20 32 12 8 25 19 20 15 13 13 15 20 22 23 29 14 30 20 13 27 20 29 26 15 11 29 12 12 7 7 26 27 27 14 12 12 20 30 21 13 16 13 23 10 18 29 20 15 0
0         1031     
500       618      
698       821      
234       356      
50        160      
65        173      
20        140      
28        154      
252       366      
559       688      
10        142      
126       242      
307       444      
241       356      
119       230      
130       256      
625       742      
159       270      
209       345      
722       828      
301       411      
0         107      
121       237      
175       307      
2         133      
646       749      
639       760      
636       752      
179       292      
61        168      
0         94       
705       820      
187       317      
859       978      
73        191      
216       328      
453       578      
0         73       
755       875      
330       446      
620       750      
0         53       
321       430      
511       626      
597       734      
500       607      
0         80       
462       588      
652       767      
666       789      
650       776      
78        211      
56        159      
504       615      
125       229      
113       227      
9         131      
0         73       
157       278      
264       388      
56        176      
295       418      
308       431      
158       290      
568       695      
20        137      
487       601      
390       509      
613       730      
140       261      
0         106      
223       341      
587       714      
210       337      
182       290      
84        193      
0         84       
660       777      
245       376      
0         85       
281       409      
375       489      
179       306      
736       849      
38        141      
117       243      
283       420      
0         97       
331       441      
677       802      
136       264      
0         105      
0         76       
81        188      
675       793      
428       540      
152       280      
227       348      
146       282      
291       408      
361       489      
