101
0 25 3 25 25 32 13 12 19 35 34 38 39 27 14 6 5 32 39 4 18 44 17 35 41 15 30 21 10 33 10 25 30 32 16 30 5 16 6 40 10 11 24 31 21 22 12 19 1 14 29 21 32 39 12 8 18 18 24 23 23 24 34 38 14 30 23 21 5 16 17 3 30 22 31 25 10 33 23 24 26 21 10 21 30 26 23 36 15 10 14 26 37 17 24 37 24 30 31 19 39
25 0 24 40 17 12 38 36 36 41 50 40 45 28 37 22 21 46 41 22 7 38 41 50 57 39 45 23 15 41 35 28 40 21 11 21 30 39 24 35 15 20 36 14 6 44 37 15 26 36 41 6 35 44 33 31 41 8 23 45 45 3 37 53 24 44 5 31 20 9 25 28 24 35 6 32 15 32 45 12 36 30 16 43 43 38 45 33 11 29 16 28 44 40 37 47 9 49 6 42 57
3 24 0 22 23 31 14 15 16 31 31 35 35 24 13 9 7 29 36 2 18 41 17 32 39 14 27 19 9 30 12 22 27 30 17 28 7 15 9 38 9 9 21 30 20 21 13 17 2 13 26 21 29 36 14 7 17 17 22 22 22 23 31 35 11 27 23 18 4 15 14 4 28 19 30 22 9 30 22 23 23 18 11 20 27 23 22 34 16 13 12 23 34 16 21 34 23 29 30 18 38
25 40 22 0 29 40 20 33 6 15 9 22 18 21 13 31 29 7 22 23 37 34 16 10 17 18 5 19 27 11 29 18 7 33 37 31 28 15 31 33 26 21 6 37 34 10 24 26 24 13 5 40 20 20 35 19 18 36 22 13 10 37 19 13 16 5 42 11 25 32 15 23 29 5 46 13 26 25 12 32 8 11 32 11 5 4 11 29 36 35 24 20 15 18 4 12 33 10 44 19 17
25 17 23 29 0 11 36 37 26 24 38 23 28 11 32 26 24 33 24 21 18 21 37 38 45 36 34 10 16 26 35 12 26 7 22 5 30 35 27 18 15 14 23 8 12 36 36 5 25 32 27 21 18 27 36 29 39 18 7 39 37 14 21 41 16 31 22 18 20 14 14 27 7 24 21 17 15 15 39 5 22 18 21 36 30 25 37 16 21 33 10 12 28 38 25 32 8 39 18 40 44
32 12 31 40 11 0 45 44 37 35 49 32 38 22 41 30 29 44 33 29 17 28 46 49 56 45 45 21 22 37 42 23 37 11 22 11 37 44 32 25 22 23 34 3 12 46 44 14 33 41 38 18 28 36 41 38 48 18 18 49 47 10 31 52 25 42 17 29 27 17 25 35 14 35 13 28 22 22 48 8 33 29 25 45 41 36 47 23 21 38 19 23 39 47 36 43 8 50 10 49 55
13 38 14 20 36 45 0 14 16 35 27 41 38 34 7 19 18 27 42 16 31 49 6 28 33 3 24 29 23 31 10 31 27 43 29 41 12 6 18 47 23 22 22 44 34 14 5 31 12 7 25 34 36 40 16 7 5 31 33 12 15 37 36 31 21 25 36 25 18 29 24 10 39 20 44 29 23 39 13 37 24 25 23 12 25 23 14 43 28 18 26 33 35 4 21 32 37 22 44 6 31
12 36 15 33 37 44 14 0 27 46 41 50 49 39 20 14 15 40 51 16 29 56 20 42 47 17 38 33 22 43 4 37 39 44 25 42 7 20 12 52 22 23 33 43 32 28 9 31 12 20 37 31 44 51 3 14 18 28 36 26 29 35 46 45 26 38 33 33 17 27 29 12 42 31 42 37 22 45 27 36 35 33 20 26 38 34 28 48 25 7 26 38 46 18 32 45 36 36 42 19 45
19 36 16 6 26 37 16 27 0 19 15 24 22 20 9 25 23 13 25 17 32 35 13 16 23 14 11 17 22 15 23 17 11 32 32 30 22 11 25 33 21 16 6 34 30 10 20 22 18 9 10 35 20 24 29 13 15 31 21 13 11 33 20 19 11 11 37 10 19 27 12 17 28 4 42 13 21 25 13 28 8 10 26 10 11 7 11 29 31 29 19 19 19 14 5 18 29 14 40 16 22
35 41 31 15 24 35 35 46 19 0 20 7 4 13 28 40 38 14 7 31 40 20 31 20 26 33 17 17 33 5 42 12 8 25 43 24 38 30 40 19 32 26 12 32 35 25 38 25 33 28 10 43 7 5 45 31 33 40 17 28 25 37 4 22 21 14 44 13 33 35 18 34 20 14 45 9 32 12 27 29 10 13 39 26 14 12 26 15 42 44 27 12 4 33 14 11 32 24 42 34 27
34 50 31 9 38 49 27 41 15 20 0 27 20 28 21 40 38 6 27 32 46 40 21 1 8 24 4 28 36 15 37 25 12 41 46 39 36 21 39 39 35 30 14 46 43 13 32 35 33 21 10 49 26 24 43 27 23 45 30 15 12 46 24 4 25 6 51 19 34 41 24 31 36 14 55 19 35 31 14 41 14 19 41 15 6 11 13 35 45 43 33 26 17 23 13 9 42 6 53 22 8
38 40 35 22 23 32 41 50 24 7 27 0 7 13 33 42 40 21 1 34 41 13 37 27 33 38 24 18 34 12 46 13 15 21 44 20 42 35 43 13 33 27 17 28 35 32 43 26 37 33 17 44 6 4 49 36 39 41 17 35 32 37 4 29 23 21 45 16 35 36 20 37 16 19 43 12 33 8 34 28 15 16 40 32 21 19 33 10 43 48 28 12 10 38 19 18 31 31 40 39 34
39 45 35 18 28 38 38 49 22 4 20 7 0 17 31 44 42 15 7 35 44 20 34 20 26 36 18 21 37 7 45 16 11 28 47 27 42 33 44 20 36 30 15 35 39 28 41 29 37 31 13 47 10 4 49 34 36 44 21 31 28 41 7 22 25 16 48 17 37 39 22 37 23 17 49 13 36 15 30 33 13 17 43 29 16 15 29 17 46 48 31 16 3 36 17 11 36 25 46 37 27
27 28 24 21 11 22 34 39 20 13 28 13 17 0 27 30 28 22 14 22 28 16 32 28 35 32 24 5 21 15 36 3 16 13 31 11 31 30 31 14 20 15 15 19 22 30 35 13 26 27 17 31 7 16 38 27 34 28 4 33 31 24 10 31 13 21 32 10 23 23 10 27 8 17 32 8 20 6 33 16 13 10 27 30 21 17 31 10 30 36 15 1 17 33 17 22 19 31 29 35 35
14 37 13 13 32 41 7 20 9 28 21 33 31 27 0 20 19 20 34 15 31 43 5 22 27 5 18 23 21 24 16 25 20 38 30 36 15 3 19 41 21 18 15 40 32 8 11 27 13 0 18 34 29 33 22 6 7 30 27 9 9 35 29 25 16 18 36 18 17 27 18 11 34 13 43 22 21 33 9 33 17 18 24 7 18 16 9 37 29 22 22 27 28 6 14 25 33 16 42 8 25
6 22 9 31 26 30 19 14 25 40 40 42 44 30 20 0 2 38 43 9 15 46 23 41 47 21 36 25 9 39 13 29 36 33 11 31 8 22 2 43 10 15 30 30 18 28 16 20 7 20 35 17 36 44 11 14 24 14 27 29 29 21 38 44 19 36 19 27 7 13 22 9 32 28 28 31 10 36 29 24 32 27 6 27 36 32 29 39 11 8 15 31 43 23 30 43 22 36 28 25 45
5 21 7 29 24 29 18 15 23 38 38 40 42 28 19 2 0 36 41 7 14 44 22 39 46 20 34 23 7 37 14 27 34 31 11 29 9 21 3 41 8 13 28 29 17 27 16 18 6 19 33 16 34 42 12 13 23 13 25 28 28 20 36 42 17 34 18 25 5 12 20 8 30 26 27 29 8 34 28 22 30 25 5 26 34 30 28 37 10 9 13 29 41 22 28 41 21 35 27 24 44
32 46 29 7 33 44 27 40 13 14 6 21 15 22 20 38 36 0 21 29 42 34 22 6 13 24 3 23 33 9 36 19 6 35 43 33 35 21 38 33 32 26 9 41 39 14 31 30 31 20 5 45 20 18 42 26 24 42 24 17 14 42 18 9 21 2 47 14 31 37 19 30 30 10 51 14 32 25 16 36 10 14 38 16 2 7 15 29 42 42 28 21 12 24 8 5 37 10 48 23 13
39 41 36 22 24 33 42 51 25 7 27 1 7 14 34 43 41 21 0 35 42 13 38 27 33 39 24 19 35 12 47 14 15 22 45 21 43 36 44 13 34 28 18 29 36 32 44 27 38 34 17 45 7 3 50 37 40 42 18 35 32 38 5 29 24 21 46 17 36 37 21 38 17 20 44 13 34 9 34 29 16 17 41 33 21 19 33 11 44 49 29 13 10 39 20 18 32 31 41 40 34
4 22 2 23 21 29 16 16 17 31 32 34 35 22 15 9 7 29 35 0 16 38 19 33 40 16 28 17 7 30 14 21 27 28 15 26 9 17 9 36 7 7 21 28 18 23 15 15 4 15 26 19 28 35 16 9 19 15 20 24 24 21 30 36 10 27 21 18 2 13 13 6 26 19 28 22 7 28 24 21 23 18 9 21 27 23 23 32 14 14 10 22 34 18 21 34 21 30 28 20 39
18 7 18 37 18 17 31 29 32 40 46 41 44 28 31 15 14 42 42 16 0 39 35 47 54 32 42 23 10 40 28 28 38 23 5 23 23 33 17 36 11 16 33 18 6 39 30 15 19 31 38 3 35 44 26 25 35 1 24 40 40 7 38 50 21 41 5 28 14 5 22 21 25 32 13 31 11 33 40 13 33 27 9 37 40 35 39 34 4 22 13 29 43 34 34 44 11 46 13 36 54
44 38 41 34 21 28 49 56 35 20 40 13 20 16 43 46 44 34 13 38 39 0 47 40 46 48 37 21 37 25 52 18 28 17 43 17 47 45 47 3 36 31 28 25 33 43 51 26 42 43 30 42 14 16 54 43 49 39 19 46 44 35 16 42 29 34 43 25 39 35 25 43 14 30 41 22 36 10 46 26 26 25 42 43 34 30 44 7 42 52 30 16 23 48 30 31 29 44 38 50 47
17 41 17 16 37 46 6 20 13 31 21 37 34 32 5 23 22 22 38 19 35 47 0 22 27 3 19 28 26 27 16 29 23 43 33 41 17 2 22 45 26 23 19 45 37 8 11 32 16 5 21 38 33 36 22 10 2 34 32 6 9 40 33 25 21 20 40 22 21 32 23 14 39 17 47 26 26 37 7 38 21 22 27 6 20 19 8 41 32 24 27 31 31 2 18 27 38 16 47 3 25
35 50 32 10 38 49 28 42 16 20 1 27 20 28 22 41 39 6 27 33 47 40 22 0 7 25 5 28 37 15 38 25 12 41 47 39 37 22 40 39 36 31 14 46 44 14 33 35 34 22 11 50 26 24 44 28 24 46 30 16 13 47 24 3 26 7 52 19 35 42 24 32 36 15 56 20 36 31 15 41 15 19 42 16 7 12 14 35 46 44 33 27 17 24 14 9 42 7 53 23 7
41 57 39 17 45 56 33 47 23 26 8 33 26 35 27 47 46 13 33 40 54 46 27 7 0 30 12 35 44 21 43 32 19 48 54 46 42 27 46 45 43 38 21 53 51 19 38 42 40 27 18 57 32 30 49 33 29 53 37 21 18 54 30 4 33 14 59 26 42 49 31 38 43 22 63 27 43 37 20 48 22 26 49 21 14 19 19 41 53 49 40 34 23 29 21 15 49 11 60 28 2
15 39 14 18 36 45 3 17 14 33 24 38 36 32 5 21 20 24 39 16 32 48 3 25 30 0 21 28 23 29 13 29 25 42 31 40 14 3 20 46 23 22 20 44 34 11 8 31 14 5 23 35 34 38 19 7 3 31 32 9 12 37 34 28 20 22 37 23 18 29 23 12 38 18 44 27 23 37 10 37 22 23 25 9 22 21 11 41 30 21 26 31 33 2 19 29 37 19 44 4 28
30 45 27 5 34 45 24 38 11 17 4 24 18 24 18 36 34 3 24 28 42 37 19 5 12 21 0 23 32 12 34 21 9 37 42 35 33 18 36 36 31 26 10 42 39 11 29 31 29 18 7 45 23 21 40 24 21 41 26 14 11 42 21 8 21 3 47 15 30 37 20 28 32 10 51 16 31 28 13 37 11 15 37 13 3 8 12 32 41 40 29 23 15 21 9 8 38 7 49 20 12
21 23 19 19 10 21 29 33 17 17 28 18 21 5 23 25 23 23 19 17 23 21 28 28 35 28 23 0 16 17 31 5 17 15 26 13 26 26 26 19 15 10 13 18 17 27 29 8 21 23 18 26 12 21 33 22 30 23 4 30 28 20 15 31 8 21 27 8 18 18 5 22 11 14 29 9 15 11 30 14 13 8 22 27 21 15 28 15 25 31 10 6 21 29 15 24 15 29 26 31 35
10 15 9 27 16 22 23 22 22 33 36 34 37 21 21 9 7 33 35 7 10 37 26 37 44 23 32 16 0 32 20 21 29 23 10 21 15 24 10 34 1 7 24 22 11 29 22 11 11 21 29 13 28 37 19 16 26 9 18 30 30 14 31 40 12 31 15 20 5 6 15 13 22 23 21 24 1 27 30 15 25 20 6 28 31 26 30 30 9 16 6 22 36 25 25 36 14 36 21 27 44
33 41 30 11 26 37 31 43 15 5 15 12 7 15 24 39 37 9 12 30 40 25 27 15 21 29 12 17 32 0 38 13 4 28 42 26 36 26 39 24 31 25 9 34 34 21 35 25 32 24 6 43 11 10 43 28 29 40 18 24 21 37 9 17 20 9 44 12 32 34 17 31 23 11 46 8 31 16 23 30 7 12 38 22 9 8 22 20 41 43 26 14 4 29 10 7 32 19 43 30 22
10 35 12 29 35 42 10 4 23 42 37 46 45 36 16 13 14 36 47 14 28 52 16 38 43 13 34 31 20 38 0 34 34 42 24 40 5 16 11 50 20 21 29 41 31 24 5 29 10 16 33 30 41 47 6 10 14 27 34 22 25 34 42 41 23 34 32 29 15 26 26 9 40 27 41 33 20 42 23 34 31 29 19 22 34 30 24 46 24 8 24 35 42 14 28 41 34 32 41 15 41
25 28 22 18 12 23 31 37 17 12 25 13 16 3 25 29 27 19 14 21 28 18 29 25 32 29 21 5 21 13 34 0 13 16 31 14 29 27 30 16 20 14 12 20 22 27 32 13 24 25 14 31 7 16 36 25 31 28 5 30 28 25 10 28 10 18 32 7 22 23 7 24 11 14 33 5 20 8 30 17 10 7 27 27 18 14 28 12 30 35 15 2 16 30 14 20 20 28 30 32 32
30 40 27 7 26 37 27 39 11 8 12 15 11 16 20 36 34 6 15 27 38 28 23 12 19 25 9 17 29 4 34 13 0 29 39 27 33 22 36 27 28 22 6 33 34 17 31 25 29 20 2 41 14 13 40 24 25 38 18 20 17 37 12 15 17 6 43 9 29 32 14 28 24 8 46 8 28 19 19 30 4 9 35 18 6 4 18 23 38 40 23 15 8 25 6 7 32 16 43 26 19
32 21 30 33 7 11 43 44 32 25 41 21 28 13 38 33 31 35 22 28 23 17 43 41 48 42 37 15 23 28 42 16 29 0 28 2 37 41 33 14 22 21 27 8 17 42 43 12 32 38 30 26 18 25 42 36 45 24 11 45 43 18 21 44 22 34 26 22 27 21 20 34 5 29 24 21 22 13 45 10 26 22 28 42 34 29 43 12 27 39 17 14 29 44 29 35 13 43 21 46 48
16 11 17 37 22 22 29 25 32 43 46 44 47 31 30 11 11 43 45 15 5 43 33 47 54 31 42 26 10 42 24 31 39 28 0 27 19 32 13 40 11 17 34 23 11 38 27 18 17 30 39 6 38 47 22 24 34 4 27 39 39 12 41 50 22 41 8 30 13 8 25 19 29 33 17 34 11 36 39 18 35 30 6 36 41 36 38 38 1 18 16 32 46 33 35 46 16 45 17 35 54
30 21 28 31 5 11 41 42 30 24 39 20 27 11 36 31 29 33 21 26 23 17 41 39 46 40 35 13 21 26 40 14 27 2 27 0 35 39 31 14 20 19 25 8 16 40 41 10 30 36 28 25 16 24 40 34 43 23 9 43 41 18 19 42 20 32 26 20 25 19 18 32 3 27 24 19 20 11 43 9 24 20 26 40 32 27 41 12 26 37 15 12 27 42 27 33 12 41 21 44 46
5 30 7 28 30 37 12 7 22 38 36 42 42 31 15 8 9 35 43 9 23 47 17 37 42 14 33 26 15 36 5 29 33 37 19 35 0 16 6 45 15 16 27 36 26 23 8 24 5 15 32 25 36 43 7 9 17 22 29 23 24 29 38 40 18 33 27 25 10 21 21 5 35 25 36 29 15 37 24 29 29 25 14 22 33 29 24 41 19 7 19 30 40 16 27 40 29 31 36 18 40
16 39 15 15 35 44 6 20 11 30 21 35 33 30 3 22 21 21 36 17 33 45 2 22 27 3 18 26 24 26 16 27 22 41 32 39 16 0 21 43 24 21 17 43 35 8 11 30 15 3 20 36 31 35 22 8 4 32 30 7 9 38 31 25 19 19 38 21 19 30 21 13 37 15 45 24 24 35 8 36 19 21 26 6 19 18 8 39 31 23 25 29 30 3 16 26 36 16 45 5 25
6 24 9 31 27 32 18 12 25 40 39 43 44 31 19 2 3 38 44 9 17 47 22 40 46 20 36 26 10 39 11 30 36 33 13 31 6 21 0 44 11 16 30 32 20 27 14 21 7 19 35 19 37 44 9 13 23 16 28 28 28 23 39 43 19 36 21 27 8 15 22 8 32 28 30 31 11 37 28 25 32 27 8 26 36 32 28 40 13 6 16 31 43 22 30 43 24 35 30 24 44
40 35 38 33 18 25 47 52 33 19 39 13 20 14 41 43 41 33 13 36 36 3 45 39 45 46 36 19 34 24 50 16 27 14 40 14 45 43 44 0 33 29 27 22 30 42 48 23 40 41 29 39 13 16 52 41 47 36 16 45 43 32 15 41 26 33 40 23 37 32 23 40 11 29 38 20 33 8 45 23 25 23 39 42 33 29 43 4 39 50 27 14 23 46 29 30 26 43 35 48 46
10 15 9 26 15 22 23 22 21 32 35 33 36 20 21 10 8 32 34 7 11 36 26 36 43 23 31 15 1 31 20 20 28 22 11 20 15 24 11 33 0 6 23 21 11 29 22 10 11 21 28 14 27 36 20 16 26 10 17 30 30 14 30 39 11 30 16 19 5 6 14 13 21 22 21 23 0 26 30 14 24 19 7 28 30 25 30 29 10 17 5 21 35 25 24 35 14 35 21 27 43
11 20 9 21 14 23 22 23 16 26 30 27 30 15 18 15 13 26 28 7 16 31 23 31 38 22 26 10 7 25 21 14 22 21 17 19 16 21 16 29 6 0 17 22 14 25 22 9 11 18 22 19 21 30 23 15 25 16 13 26 26 17 24 34 5 24 21 13 8 11 8 13 19 16 26 17 6 21 27 15 18 13 13 24 24 19 25 25 16 21 4 16 29 24 18 29 15 30 24 26 38
24 36 21 6 23 34 22 33 6 12 14 17 15 15 15 30 28 9 18 21 33 28 19 14 21 20 10 13 24 9 29 12 6 27 34 25 27 17 30 27 23 17 0 31 30 15 26 21 23 15 5 36 14 17 34 19 21 33 16 18 16 33 13 17 12 7 38 5 23 28 10 22 23 2 42 7 23 19 18 27 2 5 29 15 7 2 16 23 33 34 19 14 13 20 2 13 28 16 39 22 21
31 14 30 37 8 3 44 43 34 32 46 28 35 19 40 30 29 41 29 28 18 25 45 46 53 44 42 18 22 34 41 20 33 8 23 8 36 43 32 22 21 22 31 0 12 44 43 13 32 40 34 20 24 32 41 37 47 19 15 47 45 12 27 48 24 38 19 26 26 17 22 34 11 32 16 25 21 19 47 7 30 26 25 44 38 33 45 20 22 38 18 20 35 46 33 40 8 47 13 48 52
21 6 20 34 12 12 34 32 30 35 43 35 39 22 32 18 17 39 36 18 6 33 37 44 51 34 39 17 11 34 31 22 34 17 11 16 26 35 20 30 11 14 30 12 0 39 33 9 22 32 35 9 29 38 29 27 37 7 18 40 40 3 32 47 18 37 10 25 16 5 19 24 19 29 12 26 11 27 41 7 30 24 13 38 37 32 39 28 10 26 10 23 38 36 31 41 5 43 10 38 51
22 44 21 10 36 46 14 28 10 25 13 32 28 30 8 28 27 14 32 23 39 43 8 14 19 11 11 27 29 21 24 27 17 42 38 40 23 8 27 42 29 25 15 44 39 0 19 32 21 8 15 42 29 30 30 14 10 38 31 3 1 42 28 17 21 13 44 20 25 35 22 19 38 13 50 22 29 34 3 38 17 20 32 2 13 14 1 38 37 30 29 29 25 10 13 19 39 8 49 9 17
12 37 13 24 36 44 5 9 20 38 32 43 41 35 11 16 16 31 44 15 30 51 11 33 38 8 29 29 22 35 5 32 31 43 27 41 8 11 14 48 22 22 26 43 33 19 0 30 11 11 29 32 38 43 11 7 9 29 33 17 20 36 39 36 21 29 34 26 17 28 24 9 39 24 43 30 22 40 18 36 28 26 21 17 29 27 19 44 26 13 25 33 39 9 25 36 36 27 43 10 36
19 15 17 26 5 14 31 31 22 25 35 26 29 13 27 20 18 30 27 15 15 26 32 35 42 31 31 8 11 25 29 13 25 12 18 10 24 30 21 23 10 9 21 13 9 32 30 0 19 27 26 18 20 29 30 24 34 15 9 34 33 12 23 38 11 28 19 16 15 10 11 21 12 21 20 17 10 18 34 6 21 16 16 31 28 23 33 20 17 27 5 14 29 33 23 32 7 36 18 35 42
1 26 2 24 25 33 12 12 18 33 33 37 37 26 13 7 6 31 38 4 19 42 16 34 40 14 29 21 11 32 10 24 29 32 17 30 5 15 7 40 11 11 23 32 22 21 11 19 0 13 28 22 31 38 12 7 17 19 24 22 22 25 33 37 13 29 24 20 6 17 16 2 30 21 32 24 11 32 22 25 25 20 11 20 29 25 22 36 16 11 14 25 36 16 23 36 25 29 32 18 38
14 36 13 13 32 41 7 20 9 28 21 33 31 27 0 20 19 20 34 15 31 43 5 22 27 5 18 23 21 24 16 25 20 38 30 36 15 3 19 41 21 18 15 40 32 8 11 27 13 0 18 34 29 32 22 6 7 30 27 9 9 35 28 25 16 18 36 18 17 27 18 11 34 13 42 22 21 33 9 33 17 18 24 7 18 16 9 37 29 22 22 27 28 6 14 25 33 16 42 8 25
29 41 26 5 27 38 25 37 10 10 10 17 13 17 18 35 33 5 17 26 38 30 21 11 18 23 7 18 29 6 33 14 2 30 39 28 32 20 35 29 28 22 5 34 35 15 29 26 28 18 0 41 16 15 39 23 23 38 19 18 15 38 14 14 17 4 43 10 28 33 15 27 25 7 46 9 28 21 17 31 5 10 34 16 4 3 16 25 38 39 24 16 10 23 5 8 33 14 44 24 18
21 6 21 40 21 18 34 31 35 43 49 44 47 31 34 17 16 45 45 19 3 42 38 50 57 35 45 26 13 43 30 31 41 26 6 25 25 36 19 39 14 19 36 20 9 42 32 18 22 34 41 0 38 47 28 28 38 4 27 43 43 8 41 53 24 43 2 31 17 8 25 24 28 35 11 34 14 36 43 16 36 30 11 40 43 38 42 37 6 24 16 32 46 37 37 47 13 49 11 39 57
32 35 29 20 18 28 36 44 20 7 26 6 10 7 29 36 34 20 7 28 35 14 33 26 32 34 23 12 28 11 41 7 14 18 38 16 36 31 37 13 27 21 14 24 29 29 38 20 31 29 16 38 0 9 43 31 35 35 11 32 30 31 3 28 17 20 39 12 29 30 14 31 13 16 39 8 27 5 32 23 12 12 34 29 20 16 30 9 37 42 22 6 11 34 16 18 26 30 36 36 33
39 44 36 20 27 36 40 51 24 5 24 4 4 16 33 44 42 18 3 35 44 16 36 24 30 38 21 21 37 10 47 16 13 25 47 24 43 35 44 16 36 30 17 32 38 30 43 29 38 32 15 47 9 0 50 36 38 44 20 33 30 40 6 26 25 19 48 17 37 39 22 38 20 19 47 13 36 12 32 32 15 17 43 31 19 17 31 14 46 49 31 15 7 37 19 15 35 28 44 39 31
12 33 14 35 36 41 16 3 29 45 43 49 49 38 22 11 12 42 50 16 26 54 22 44 49 19 40 33 19 43 6 36 40 42 22 40 7 22 9 52 20 23 34 41 29 30 11 30 12 22 39 28 43 50 0 16 20 25 36 28 31 32 45 47 25 40 30 32 17 24 28 12 41 32 39 36 20 44 29 34 36 32 17 28 40 36 30 48 22 4 25 37 47 20 34 47 33 38 39 21 47
8 31 7 19 29 38 7 14 13 31 27 36 34 27 6 14 13 26 37 9 25 43 10 28 33 7 24 22 16 28 10 25 24 36 24 34 9 8 13 41 16 15 19 37 27 14 7 24 7 6 23 28 31 36 16 0 10 24 26 15 15 30 32 31 14 24 30 19 11 22 17 5 32 17 37 23 16 33 15 30 21 19 18 13 24 20 15 37 23 16 19 26 32 9 18 31 30 22 37 11 31
18 41 17 18 39 48 5 18 15 33 23 39 36 34 7 24 23 24 40 19 35 49 2 24 29 3 21 30 26 29 14 31 25 45 34 43 17 4 23 47 26 25 21 47 37 10 9 34 17 7 23 38 35 38 20 10 0 34 34 8 11 40 34 27 23 22 40 24 21 32 25 15 41 19 47 28 26 39 9 40 23 24 28 8 22 21 10 43 33 22 29 33 33 1 20 29 40 18 47 1 27
18 8 17 36 18 18 31 28 31 40 45 41 44 28 30 14 13 42 42 15 1 39 34 46 53 31 41 23 9 40 27 28 38 24 4 23 22 32 16 36 10 16 33 19 7 38 29 15 19 30 38 4 35 44 25 24 34 0 24 39 39 8 38 49 21 40 6 28 13 5 22 21 25 32 14 31 10 33 39 14 33 27 8 36 40 35 38 34 3 21 13 29 43 33 34 44 12 45 14 35 53
24 23 22 22 7 18 33 36 21 17 30 17 21 4 27 27 25 24 18 20 24 19 32 30 37 32 26 4 18 18 34 5 18 11 27 9 29 30 28 16 17 13 16 15 18 31 33 9 24 27 19 27 11 20 36 26 34 24 0 34 32 20 14 33 12 23 28 11 21 19 9 26 7 18 28 10 17 9 34 12 15 11 24 31 23 18 32 12 26 34 12 5 21 33 18 25 15 32 25 35 37
23 45 22 13 39 49 12 26 13 28 15 35 31 33 9 29 28 17 35 24 40 46 6 16 21 9 14 30 30 24 22 30 20 45 39 43 23 7 28 45 30 26 18 47 40 3 17 34 22 9 18 43 32 33 28 15 8 39 34 0 3 43 31 19 23 16 45 23 26 36 25 20 41 16 51 25 30 37 1 40 20 23 33 3 16 17 2 41 38 30 30 32 28 8 16 22 41 10 50 7 19
23 45 22 10 37 47 15 29 11 25 12 32 28 31 9 29 28 14 32 24 40 44 9 13 18 12 11 28 30 21 25 28 17 43 39 41 24 9 28 43 30 26 16 45 40 1 20 33 22 9 15 43 30 30 31 15 11 39 32 3 0 43 29 16 22 13 45 21 26 36 23 20 39 14 51 23 30 35 2 39 18 21 33 3 13 14 1 39 38 31 30 30 25 11 14 19 40 7 50 10 16
24 3 23 37 14 10 37 35 33 37 46 37 41 24 35 21 20 42 38 21 7 35 40 47 54 37 42 20 14 37 34 25 37 18 12 18 29 38 23 32 14 17 33 12 3 42 36 12 25 35 38 8 31 40 32 30 40 8 20 43 43 0 34 50 21 40 8 28 19 8 22 27 21 32 9 29 14 29 44 9 33 27 15 41 40 35 42 30 11 28 13 25 41 39 34 44 6 46 7 41 54
34 37 31 19 21 31 36 46 20 4 24 4 7 10 29 38 36 18 5 30 38 16 33 24 30 34 21 15 31 9 42 10 12 21 41 19 38 31 39 15 30 24 13 27 32 28 39 23 33 28 14 41 3 6 45 32 34 38 14 31 29 34 0 26 19 18 42 12 31 33 16 33 16 15 42 8 30 8 31 26 11 12 37 28 18 15 29 11 40 44 25 9 8 33 15 15 29 28 39 35 31
38 53 35 13 41 52 31 45 19 22 4 29 22 31 25 44 42 9 29 36 50 42 25 3 4 28 8 31 40 17 41 28 15 44 50 42 40 25 43 41 39 34 17 48 47 17 36 38 37 25 14 53 28 26 47 31 27 49 33 19 16 50 26 0 29 10 55 22 38 45 27 35 39 18 58 23 39 33 18 44 18 22 45 19 10 15 17 37 49 47 36 30 19 27 17 11 45 9 56 26 5
14 24 11 16 16 25 21 26 11 21 25 23 25 13 16 19 17 21 24 10 21 29 21 26 33 20 21 8 12 20 23 10 17 22 22 20 18 19 19 26 11 5 12 24 18 21 21 11 13 16 17 24 17 25 25 14 23 21 12 23 22 21 19 29 0 19 26 8 12 16 3 14 18 11 30 12 11 18 23 17 13 8 18 20 19 14 22 22 21 24 8 12 24 22 13 24 18 25 28 24 33
30 44 27 5 31 42 25 38 11 14 6 21 16 21 18 36 34 2 21 27 41 34 20 7 14 22 3 21 31 9 34 18 6 34 41 32 33 19 36 33 30 24 7 38 37 13 29 28 29 18 4 43 20 19 40 24 22 40 23 16 13 40 18 10 19 0 45 12 29 35 17 28 29 8 48 13 30 25 15 34 8 12 36 15 0 5 14 29 40 40 26 20 13 22 7 7 35 10 46 22 14
23 5 23 42 22 17 36 33 37 44 51 45 48 32 36 19 18 47 46 21 5 43 40 52 59 37 47 27 15 44 32 32 43 26 8 26 27 38 21 40 16 21 38 19 10 44 34 19 24 36 43 2 39 48 30 30 40 6 28 45 45 8 42 55 26 45 0 33 19 10 27 26 29 37 9 36 16 37 45 17 38 32 13 42 45 40 44 38 8 26 18 33 48 39 39 49 14 51 10 41 59
21 31 18 11 18 29 25 33 10 13 19 16 17 10 18 27 25 14 17 18 28 25 22 19 26 23 15 8 20 12 29 7 9 22 30 20 25 21 27 23 19 13 5 26 25 20 26 16 20 18 10 31 12 17 32 19 24 28 11 23 21 28 12 22 8 12 33 0 20 23 5 21 18 7 36 4 19 15 23 22 5 0 26 20 12 7 21 19 29 31 14 9 16 24 7 16 23 21 34 25 26
5 20 4 25 20 27 18 17 19 33 34 35 37 23 17 7 5 31 36 2 14 39 21 35 42 18 30 18 5 32 15 22 29 27 13 25 10 19 8 37 5 8 23 26 16 25 17 15 6 17 28 17 29 37 17 11 21 13 21 26 26 19 31 38 12 29 19 20 0 11 15 8 26 21 26 24 5 29 26 19 25 20 7 23 29 25 25 33 12 14 10 24 36 20 23 36 19 32 26 22 41
16 9 15 32 14 17 29 27 27 35 41 36 39 23 27 13 12 37 37 13 5 35 32 42 49 29 37 18 6 34 26 23 32 21 8 19 21 30 15 32 6 11 28 17 5 35 28 10 17 27 33 8 30 39 24 22 32 5 19 36 36 8 33 45 16 35 10 23 11 0 17 19 21 27 15 26 6 28 36 11 28 22 8 34 35 30 36 30 7 21 8 24 38 31 29 39 9 41 15 33 49
17 25 14 15 14 25 24 29 12 18 24 20 22 10 18 22 20 19 21 13 22 25 23 24 31 23 20 5 15 17 26 7 14 20 25 18 21 21 22 23 14 8 10 22 19 22 24 11 16 18 15 25 14 22 28 17 25 22 9 25 23 22 16 27 3 17 27 5 15 17 0 17 16 10 31 9 14 15 25 17 10 5 21 22 17 12 23 19 24 27 9 9 21 24 12 21 18 25 29 26 31
3 28 4 23 27 35 10 12 17 34 31 37 37 27 11 9 8 30 38 6 21 43 14 32 38 12 28 22 13 31 9 24 28 34 19 32 5 13 8 40 13 13 22 34 24 19 9 21 2 11 27 24 31 38 12 5 15 21 26 20 20 27 33 35 14 28 26 21 8 19 17 0 32 20 34 25 13 32 20 27 24 21 13 18 28 24 20 36 18 12 16 26 35 14 22 35 27 27 34 16 36
30 24 28 29 7 14 39 42 28 20 36 16 23 8 34 32 30 30 17 26 25 14 39 36 43 38 32 11 22 23 40 11 24 5 29 3 35 37 32 11 21 19 23 11 19 38 39 12 30 34 25 28 13 20 41 32 41 25 7 41 39 21 16 39 18 29 29 18 26 21 16 32 0 25 27 16 21 8 41 12 21 18 28 38 29 25 39 9 28 38 16 9 24 40 25 30 15 39 24 42 43
22 35 19 5 24 35 20 31 4 14 14 19 17 17 13 28 26 10 20 19 32 30 17 15 22 18 10 14 23 11 27 14 8 29 33 27 25 15 28 29 22 16 2 32 29 13 24 21 21 13 7 35 16 19 32 17 19 32 18 16 14 32 15 18 11 8 37 7 21 27 10 20 25 0 41 9 22 21 16 27 4 7 28 13 8 4 14 25 32 32 19 16 15 18 2 15 28 15 39 20 22
31 6 30 46 21 13 44 42 42 45 55 43 49 32 43 28 27 51 44 28 13 41 47 56 63 44 51 29 21 46 41 33 46 24 17 24 36 45 30 38 21 26 42 16 12 50 43 20 32 42 46 11 39 47 39 37 47 14 28 51 51 9 42 58 30 48 9 36 26 15 31 34 27 41 0 37 21 35 51 16 41 36 22 49 48 43 51 36 17 35 22 33 49 46 43 52 13 55 3 48 62
25 32 22 13 17 28 29 37 13 9 19 12 13 8 22 31 29 14 13 22 31 22 26 20 27 27 16 9 24 8 33 5 8 21 34 19 29 24 31 20 23 17 7 25 26 22 30 17 24 22 9 34 8 13 36 23 28 31 10 25 23 29 8 23 12 13 36 4 24 26 9 25 16 9 37 0 23 12 25 22 5 4 30 22 13 9 23 16 33 35 18 7 12 27 9 15 24 23 35 29 27
10 15 9 26 15 22 23 22 21 32 35 33 36 20 21 10 8 32 34 7 11 36 26 36 43 23 31 15 1 31 20 20 28 22 11 20 15 24 11 33 0 6 23 21 11 29 22 10 11 21 28 14 27 36 20 16 26 10 17 30 30 14 30 39 11 30 16 19 5 6 14 13 21 22 21 23 0 26 30 14 24 19 7 28 30 25 30 29 10 17 5 21 35 25 24 35 14 35 21 27 43
33 32 30 25 15 22 39 45 25 12 31 8 15 6 33 36 34 25 9 28 33 10 37 31 37 37 28 11 27 16 42 8 19 13 36 11 37 35 37 8 26 21 19 19 27 34 40 18 32 33 21 36 5 12 44 33 39 33 9 37 35 29 8 33 18 25 37 15 29 28 15 32 8 21 35 12 26 0 37 20 17 15 33 34 25 21 35 4 35 42 21 6 16 38 21 23 23 35 32 40 38
23 45 22 12 39 48 13 27 13 27 14 34 30 33 9 29 28 16 34 24 40 46 7 15 20 10 13 30 30 23 23 30 19 45 39 43 24 8 28 45 30 27 18 47 41 3 18 34 22 9 17 43 32 32 29 15 9 39 34 1 2 44 31 18 23 15 45 23 26 36 25 20 41 16 51 25 30 37 0 40 20 23 33 3 15 16 2 41 38 31 31 32 27 9 16 21 41 9 51 8 18
24 12 23 32 5 8 37 36 28 29 41 28 33 16 33 24 22 36 29 21 13 26 38 41 48 37 37 14 15 30 34 17 30 10 18 9 29 36 25 23 14 15 27 7 7 38 36 6 25 33 31 16 23 32 34 30 40 14 12 40 39 9 26 44 17 34 17 22 19 11 17 27 12 27 16 22 14 20 40 0 27 22 19 37 34 29 39 21 17 31 11 17 33 39 29 37 3 42 13 41 48
26 36 23 8 22 33 24 35 8 10 14 15 13 13 17 32 30 10 16 23 33 26 21 15 22 22 11 13 25 7 31 10 4 26 35 24 29 19 32 25 24 18 2 30 30 17 28 21 25 17 5 36 12 15 36 21 23 33 15 20 18 33 11 18 13 8 38 5 25 28 10 24 21 4 41 5 24 17 20 27 0 5 31 17 8 4 18 21 34 36 19 12 11 22 4 11 28 18 39 24 22
21 30 18 11 18 29 25 33 10 13 19 16 17 10 18 27 25 14 17 18 27 25 22 19 26 23 15 8 20 12 29 7 9 22 30 20 25 21 27 23 19 13 5 26 24 20 26 16 20 18 10 30 12 17 32 19 24 27 11 23 21 27 12 22 8 12 32 0 20 22 5 21 18 7 36 4 19 15 23 22 5 0 26 20 12 7 21 19 29 31 14 9 16 24 7 16 23 21 34 25 26
10 16 11 32 21 25 23 20 26 39 41 40 43 27 24 6 5 38 41 9 9 42 27 42 49 25 37 22 6 38 19 27 35 28 6 26 14 26 8 39 7 13 29 25 13 32 21 16 11 24 34 11 34 43 17 18 28 8 24 33 33 15 37 45 18 36 13 26 7 8 21 13 28 28 22 30 7 33 33 19 31 26 0 30 36 31 32 36 5 13 12 28 42 27 30 42 17 39 22 29 48
21 43 20 11 36 45 12 26 10 26 15 32 29 30 7 27 26 16 33 21 37 43 6 16 21 9 13 27 28 22 22 27 18 42 36 40 22 6 26 42 28 24 15 44 38 2 17 31 20 7 16 40 29 31 28 13 8 36 31 3 3 41 28 19 20 15 42 20 23 34 22 18 38 13 49 22 28 34 3 37 17 20 30 0 15 15 2 38 35 29 28 29 26 8 14 21 38 10 48 8 19
30 43 27 5 30 41 25 38 11 14 6 21 16 21 18 36 34 2 21 27 40 34 20 7 14 22 3 21 31 9 34 18 6 34 41 32 33 19 36 33 30 24 7 38 37 13 29 28 29 18 4 43 20 19 40 24 22 40 23 16 13 40 18 10 19 0 45 12 29 35 17 28 29 8 48 13 30 25 15 34 8 12 36 15 0 5 14 29 40 40 26 20 13 22 7 7 35 10 46 22 14
26 38 23 4 25 36 23 34 7 12 11 19 15 17 16 32 30 7 19 23 35 30 19 12 19 21 8 15 26 8 30 14 4 29 36 27 29 18 32 29 25 19 2 33 32 14 27 23 25 16 3 38 16 17 36 20 21 35 18 17 14 35 15 15 14 5 40 7 25 30 12 24 25 4 43 9 25 21 16 29 4 7 31 15 5 0 15 25 35 36 21 16 12 21 2 11 30 14 41 22 19
23 45 22 11 37 47 14 28 11 26 13 33 29 31 9 29 28 15 33 23 39 44 8 14 19 11 12 28 30 22 24 28 18 43 38 41 24 8 28 43 30 25 16 45 39 1 19 33 22 9 16 42 30 31 30 15 10 38 32 2 1 42 29 17 22 14 44 21 25 36 23 20 39 14 51 23 30 35 2 39 18 21 32 2 14 15 0 39 37 31 29 30 26 10 14 20 40 8 49 9 17
36 33 34 29 16 23 43 48 29 15 35 10 17 10 37 39 37 29 11 32 34 7 41 35 41 41 32 15 30 20 46 12 23 12 38 12 41 39 40 4 29 25 23 20 28 38 44 20 36 37 25 37 9 14 48 37 43 34 12 41 39 30 11 37 22 29 38 19 33 30 19 36 9 25 36 16 29 4 41 21 21 19 36 38 29 25 39 0 37 46 24 10 19 42 25 26 24 39 33 44 42
15 11 16 36 21 21 28 25 31 42 45 43 46 30 29 11 10 42 44 14 4 42 32 46 53 30 41 25 9 41 24 30 38 27 1 26 19 31 13 39 10 16 33 22 10 37 26 17 16 29 38 6 37 46 22 23 33 3 26 38 38 11 40 49 21 40 8 29 12 7 24 18 28 32 17 33 10 35 38 17 34 29 5 35 40 35 37 37 0 18 15 31 45 32 34 45 15 44 17 34 53
10 29 13 35 33 38 18 7 29 44 43 48 48 36 22 8 9 42 49 14 22 52 24 44 49 21 40 31 16 43 8 35 40 39 18 37 7 23 6 50 17 21 34 38 26 30 13 27 11 22 39 24 42 49 4 16 22 21 34 30 31 28 44 47 24 40 26 31 14 21 27 12 38 32 35 35 17 42 31 31 36 31 13 29 40 36 31 46 18 0 22 36 47 22 34 47 30 38 35 23 47
14 16 12 24 10 19 26 26 19 27 33 28 31 15 22 15 13 28 29 10 13 30 27 33 40 26 29 10 6 26 24 15 23 17 16 15 19 25 16 27 5 4 19 18 10 29 25 5 14 22 24 16 22 31 25 19 29 13 12 30 30 13 25 36 8 26 18 14 10 8 9 16 16 19 22 18 5 21 31 11 19 14 12 28 26 21 29 24 15 22 0 16 30 28 21 30 11 33 20 30 40
26 28 23 20 12 23 33 38 19 12 26 12 16 1 27 31 29 21 13 22 29 16 31 27 34 31 23 6 22 14 35 2 15 14 32 12 30 29 31 14 21 16 14 20 23 29 33 14 25 27 16 32 6 15 37 26 33 29 5 32 30 25 9 30 12 20 33 9 24 24 9 26 9 16 33 7 21 6 32 17 12 9 28 29 20 16 30 10 31 36 16 0 16 32 16 21 20 30 30 34 34
37 44 34 15 28 39 35 46 19 4 17 10 3 17 28 43 41 12 10 34 43 23 31 17 23 33 15 21 36 4 42 16 8 29 46 27 40 30 43 23 35 29 13 35 38 25 39 29 36 28 10 46 11 7 47 32 33 43 21 28 25 41 8 19 24 13 48 16 36 38 21 35 24 15 49 12 35 16 27 33 11 16 42 26 13 12 26 19 45 47 30 16 0 33 14 8 36 22 46 34 24
17 40 16 18 38 47 4 18 14 33 23 38 36 33 6 23 22 24 39 18 34 48 2 24 29 2 21 29 25 29 14 30 25 44 33 42 16 3 22 46 25 24 20 46 36 10 9 33 16 6 23 37 34 37 20 9 1 33 33 8 11 39 33 27 22 22 39 24 20 31 24 14 40 18 46 27 25 38 9 39 22 24 27 8 22 21 10 42 32 22 28 32 33 0 19 29 39 18 46 2 27
24 37 21 4 25 36 21 32 5 14 13 19 17 17 14 30 28 8 20 21 34 30 18 14 21 19 9 15 25 10 28 14 6 29 35 27 27 16 30 29 24 18 2 33 31 13 25 23 23 14 5 37 16 19 34 18 20 34 18 16 14 34 15 17 13 7 39 7 23 29 12 22 25 2 43 9 24 21 16 29 4 7 30 14 7 2 14 25 34 34 21 16 14 19 0 13 30 14 41 21 21
37 47 34 12 32 43 32 45 18 11 9 18 11 22 25 43 41 5 18 34 44 31 27 9 15 29 8 24 36 7 41 20 7 35 46 33 40 26 43 30 35 29 13 40 41 19 36 32 36 25 8 47 18 15 47 31 29 44 25 22 19 44 15 11 24 7 49 16 36 39 21 35 30 15 52 15 35 23 21 37 11 16 42 21 7 11 20 26 45 47 30 21 8 29 13 0 39 15 50 28 16
24 9 23 33 8 8 37 36 29 32 42 31 36 19 33 22 21 37 32 21 11 29 38 42 49 37 38 15 14 32 34 20 32 13 16 12 29 36 24 26 14 15 28 8 5 39 36 7 25 33 33 13 26 35 33 30 40 12 15 41 40 6 29 45 18 35 14 23 19 9 18 27 15 28 13 24 14 23 41 3 28 23 17 38 35 30 40 24 15 30 11 20 36 39 30 39 0 43 11 41 49
30 49 29 10 39 50 22 36 14 24 6 31 25 31 16 36 35 10 31 30 46 44 16 7 11 19 7 29 36 19 32 28 16 43 45 41 31 16 35 43 35 30 16 47 43 8 27 36 29 16 14 49 30 28 38 22 18 45 32 10 7 46 28 9 25 10 51 21 32 41 25 27 39 15 55 23 35 35 9 42 18 21 39 10 10 14 8 39 44 38 33 30 22 18 14 15 43 0 53 17 9
31 6 30 44 18 10 44 42 40 42 53 40 46 29 42 28 27 48 41 28 13 38 47 53 60 44 49 26 21 43 41 30 43 21 17 21 36 45 30 35 21 24 39 13 10 49 43 18 32 42 44 11 36 44 39 37 47 14 25 50 50 7 39 56 28 46 10 34 26 15 29 34 24 39 3 35 21 32 51 13 39 34 22 48 46 41 49 33 17 35 20 30 46 46 41 50 11 53 0 48 60
19 42 18 19 40 49 6 19 16 34 22 39 37 35 8 25 24 23 40 20 36 50 3 23 28 4 20 31 27 30 15 32 26 46 35 44 18 5 24 48 27 26 22 48 38 9 10 35 18 8 24 39 36 39 21 11 1 35 35 7 10 41 35 26 24 22 41 25 22 33 26 16 42 20 48 29 27 40 8 41 24 25 29 8 22 22 9 44 34 23 30 34 34 2 21 28 41 17 48 0 26
39 57 38 17 44 55 31 45 22 27 8 34 27 35 25 45 44 13 34 39 54 47 25 7 2 28 12 35 44 22 41 32 19 48 54 46 40 25 44 46 43 38 21 52 51 17 36 42 38 25 18 57 33 31 47 31 27 53 37 19 16 54 31 5 33 14 59 26 41 49 31 36 43 22 62 27 43 38 18 48 22 26 48 19 14 19 17 42 53 47 40 34 24 27 21 16 49 9 60 26 0
0         1038     
246       374      
0         58       
102       219      
554       670      
733       854      
0         85       
441       569      
346       466      
659       779      
101       211      
172       289      
141       268      
596       720      
0         100      
430       558      
282       405      
610       748      
149       282      
0         65       
255       379      
854       964      
0         106      
65        182      
81        198      
0         82       
621       745      
203       320      
391       505      
139       251      
303       429      
214       322      
118       251      
550       669      
428       537      
570       698      
435       566      
0         113      
296       412      
701       833      
495       619      
385       503      
128       232      
539       662      
232       359      
8         134      
463       573      
218       344      
0         56       
10        113      
627       749      
263       371      
197       311      
144       279      
784       909      
0         90       
317       447      
262       396      
220       334      
28        139      
40        155      
245       366      
177       283      
73        178      
372       492      
622       741      
252       371      
358       462      
488       606      
421       539      
371       490      
0         68       
549       678      
617       719      
755       880      
359       472      
377       512      
718       825      
30        140      
238       346      
124       234      
363       472      
279       393      
11        128      
681       793      
114       234      
10        125      
194       297      
275       400      
298       405      
382       493      
201       318      
154       263      
0         103      
121       224      
639       771      
246       347      
88        204      
882       1007     
0         105      
54        188      
