101
0 7 36 23 37 19 23 6 13 27 31 20 39 37 34 19 9 20 38 16 12 20 35 9 15 8 22 14 5 13 8 11 17 26 18 40 21 33 15 35 3 26 37 37 17 17 19 25 15 12 39 20 23 8 16 34 22 32 23 26 14 31 35 32 2 11 18 13 20 24 28 27 33 35 6 33 27 22 7 25 24 22 4 20 17 25 23 23 22 17 32 33 16 14 16 25 34 11 14 34 33
7 0 42 29 41 25 30 9 20 24 37 16 43 43 40 26 3 26 41 19 19 24 38 15 20 14 29 8 12 8 10 17 13 29 13 44 16 36 11 38 10 33 40 44 24 20 25 21 22 9 42 27 29 13 22 40 28 37 30 32 15 37 42 35 9 16 22 16 16 28 29 33 39 39 4 40 31 24 12 31 27 23 11 22 23 21 29 30 29 23 39 39 17 8 12 31 41 7 16 38 36
36 42 0 16 26 17 14 34 27 46 5 48 22 3 11 23 45 16 32 30 25 38 32 27 25 34 14 46 31 45 33 25 45 31 47 25 52 28 42 34 33 15 33 9 20 43 19 45 26 48 31 16 14 29 20 5 32 18 21 11 46 6 7 35 34 27 26 41 46 25 39 10 5 26 42 7 27 48 30 11 29 39 34 34 19 46 13 23 19 21 12 8 48 47 45 16 4 40 30 28 35
23 29 16 0 18 8 12 20 19 30 11 32 17 15 11 19 32 4 22 14 15 32 22 14 9 23 11 31 18 30 19 12 29 17 32 19 36 18 26 24 20 18 23 21 13 35 4 29 20 35 23 9 2 16 7 12 29 10 21 5 35 10 19 23 21 13 10 31 31 11 24 6 11 17 29 18 15 40 17 6 14 23 21 18 9 30 6 23 18 6 21 10 37 33 29 2 16 26 14 18 24
37 41 26 18 0 26 29 31 37 30 25 38 5 23 15 37 43 22 6 21 33 50 8 29 22 39 28 41 34 40 30 27 37 13 40 4 44 5 35 10 35 34 7 35 31 51 20 31 38 48 5 27 20 28 25 21 47 8 39 21 50 22 33 12 35 25 18 47 37 12 19 21 22 1 41 33 10 56 29 22 14 24 37 22 27 32 24 41 35 21 37 18 52 43 38 16 30 36 23 3 12
19 25 17 8 26 0 5 18 12 34 12 33 25 18 17 11 28 4 30 18 8 25 29 10 12 17 4 30 14 29 19 10 30 24 32 27 37 26 28 31 16 11 31 19 5 28 8 33 12 31 31 2 6 15 5 15 21 18 14 7 29 12 17 30 17 13 15 24 32 18 30 8 14 25 25 15 22 33 15 6 21 27 17 23 2 33 4 16 11 9 16 14 31 31 30 10 16 25 17 26 31
23 30 14 12 29 5 0 23 13 39 9 38 27 15 17 10 32 9 34 23 11 25 34 15 17 20 1 35 18 34 24 15 35 29 37 30 42 30 33 36 20 6 35 14 6 29 13 38 12 34 34 3 10 20 10 13 20 21 10 7 32 10 13 35 21 18 20 27 37 23 35 8 12 28 28 11 27 34 20 6 26 32 20 28 6 38 6 12 7 14 11 14 34 36 35 14 12 30 22 30 36
6 9 34 20 31 18 23 0 17 21 29 15 34 34 31 23 12 17 32 10 15 26 29 8 11 14 22 12 9 11 2 8 12 20 14 35 19 27 10 29 8 28 31 37 19 23 16 19 19 16 33 20 20 4 13 31 28 28 27 23 20 28 35 26 7 7 13 19 15 19 22 24 30 30 10 33 22 28 3 22 18 16 10 14 16 19 20 27 25 14 34 30 22 13 12 22 33 7 8 29 27
13 20 27 19 37 12 13 17 0 38 22 32 36 28 28 6 22 15 40 24 4 13 39 11 18 7 13 27 8 26 19 13 29 32 31 38 34 36 27 40 10 14 41 26 7 16 17 36 2 21 42 12 17 16 12 26 11 29 10 18 19 23 25 38 11 17 22 14 32 27 37 19 25 36 17 23 31 21 15 17 28 33 9 29 10 36 16 10 9 17 20 25 21 27 29 21 25 24 22 37 38
27 24 46 30 30 34 39 21 38 0 41 9 35 45 37 42 25 31 27 16 34 47 24 27 22 35 38 17 30 17 19 26 11 18 12 34 15 25 12 23 29 45 27 51 37 43 27 2 40 32 31 36 32 22 29 41 49 31 46 35 39 40 49 19 28 22 20 39 9 22 11 36 41 29 27 48 21 47 23 36 18 7 31 11 33 2 35 47 43 25 50 38 41 18 12 30 46 16 17 27 20
31 37 5 11 25 12 9 29 22 41 0 43 21 6 10 19 40 11 31 25 20 34 31 22 20 29 9 41 26 40 28 20 40 27 42 24 47 27 37 33 28 12 32 10 15 38 15 40 21 43 30 11 10 24 15 4 28 17 18 6 41 3 8 33 29 22 21 36 41 21 35 5 3 25 37 8 25 43 25 6 25 34 29 29 14 41 8 20 15 16 12 7 43 42 40 12 5 35 25 27 33
20 16 48 32 38 33 38 15 32 9 43 0 42 47 41 38 16 31 35 18 30 40 32 23 22 28 37 8 24 8 14 23 3 25 3 42 6 33 5 31 22 43 35 52 34 36 27 8 34 23 39 35 32 18 28 43 42 36 42 36 31 40 50 27 21 20 22 32 1 27 19 37 42 37 20 48 28 40 18 36 24 14 24 16 31 7 35 42 40 25 49 41 33 9 4 32 48 9 17 35 28
39 43 22 17 5 25 27 34 36 35 21 42 0 19 11 36 46 21 11 25 32 49 13 31 24 40 26 45 35 44 33 28 41 17 44 3 48 10 39 15 36 32 12 31 30 52 20 35 37 50 9 26 19 31 24 17 46 7 37 20 51 18 29 17 37 28 21 48 41 15 24 19 18 6 44 29 14 57 32 21 18 28 38 26 26 36 22 39 34 22 33 14 53 47 42 15 26 40 27 8 17
37 43 3 15 23 18 15 34 28 45 6 47 19 0 8 25 46 17 29 29 26 40 30 28 24 35 15 46 32 45 34 26 44 29 47 22 51 26 41 32 34 17 30 12 21 44 19 44 27 49 28 17 14 30 21 3 34 15 23 11 47 6 10 32 35 27 25 42 46 23 37 10 4 23 43 10 25 49 31 12 27 37 35 33 20 45 14 25 21 21 15 6 49 47 44 14 7 40 29 25 32
34 40 11 11 15 17 17 31 28 37 10 41 11 8 0 26 43 14 21 23 24 41 21 25 20 33 16 42 29 41 30 23 39 20 42 14 46 17 37 23 31 21 22 20 21 44 15 37 28 46 20 16 11 27 18 6 36 7 27 10 45 7 18 24 32 24 19 40 40 15 28 9 7 15 40 18 17 49 28 11 19 30 32 26 18 38 13 29 24 17 22 3 47 44 40 9 15 37 25 17 24
19 26 23 19 37 11 10 23 6 42 19 38 36 25 26 0 28 15 41 28 8 15 40 15 22 13 10 33 14 32 24 17 35 35 37 38 40 37 33 42 16 9 42 21 6 21 19 40 4 27 42 10 17 20 15 23 10 29 4 17 24 20 20 41 17 21 26 19 38 29 41 17 22 36 23 18 33 25 20 15 32 37 15 33 11 40 14 5 4 20 15 23 26 33 35 21 20 30 26 37 42
9 3 45 32 43 28 32 12 22 25 40 16 46 46 43 28 0 29 43 22 21 24 41 18 23 16 31 8 14 8 13 20 13 32 13 47 16 39 13 41 12 35 43 46 26 20 28 23 24 7 45 29 32 16 25 43 30 40 32 35 15 40 44 37 11 19 25 16 16 31 31 36 42 42 5 42 34 24 15 34 30 25 13 24 26 22 32 32 31 26 41 42 17 7 12 34 43 9 19 41 38
20 26 16 4 22 4 9 17 15 31 11 31 21 17 14 15 29 0 26 14 11 28 25 11 8 19 8 29 15 28 17 9 28 20 31 23 35 22 25 27 17 15 27 21 9 31 4 29 16 32 27 6 3 13 4 14 25 14 18 6 31 11 19 26 18 11 11 27 30 14 26 7 13 21 26 18 18 36 14 5 17 23 18 19 5 30 4 20 15 5 20 13 33 30 28 6 16 24 13 22 27
38 41 32 22 6 30 34 32 40 27 31 35 11 29 21 41 43 26 0 21 36 53 3 31 23 41 33 39 36 38 30 28 34 11 37 9 41 4 33 4 36 40 1 41 35 53 23 28 42 48 4 31 24 29 28 27 51 14 43 27 51 28 39 8 36 26 18 48 34 13 16 27 28 6 42 39 9 58 30 28 13 21 38 20 31 29 28 45 40 23 43 24 53 41 35 20 36 35 23 4 7
16 19 30 14 21 18 23 10 24 16 25 18 25 29 23 28 22 14 21 0 20 34 18 13 6 22 22 20 16 19 8 11 16 10 19 25 23 17 14 19 16 29 21 35 22 33 11 15 26 26 23 20 16 8 13 26 35 19 31 19 30 24 33 16 15 7 4 28 17 10 13 20 25 20 20 32 12 38 9 19 8 9 17 5 17 16 18 33 28 9 34 23 32 22 17 14 30 15 2 19 17
12 19 25 15 33 8 11 15 4 34 20 30 32 26 24 8 21 11 36 20 0 17 35 7 14 9 11 26 7 25 16 9 27 27 29 34 33 32 25 36 9 14 37 25 5 20 13 32 6 23 38 9 13 12 8 23 15 25 12 15 21 20 23 33 10 13 18 16 30 23 33 16 22 32 17 21 27 25 12 14 24 29 9 25 6 32 12 13 10 13 20 22 23 26 27 17 23 22 18 33 34
20 24 38 32 50 25 25 26 13 47 34 40 49 40 41 15 24 28 53 34 17 0 52 22 30 12 25 32 17 32 28 24 37 44 37 51 40 49 35 53 18 24 54 36 20 7 30 45 13 19 55 25 30 25 25 38 7 42 18 31 12 35 35 50 19 27 34 8 40 40 47 32 37 49 20 33 43 10 24 30 40 42 16 38 23 45 29 16 19 30 30 38 12 31 36 34 35 31 31 50 50
35 38 32 22 8 29 34 29 39 24 31 32 13 30 21 40 41 25 3 18 35 52 0 30 21 40 33 36 34 35 26 26 31 8 34 12 38 4 30 2 34 40 3 41 34 51 22 25 41 44 7 31 24 26 27 27 50 14 43 27 48 28 39 5 33 24 17 46 31 12 13 27 28 7 38 39 8 56 27 28 11 18 35 17 30 26 28 45 40 22 43 24 50 38 32 20 36 32 20 5 4
9 15 27 14 29 10 15 8 11 27 22 23 31 28 25 15 18 11 31 13 7 22 30 0 7 10 14 20 5 19 9 2 20 21 22 32 27 26 18 30 6 20 31 29 11 22 10 25 13 21 32 11 14 5 7 25 22 23 19 17 21 22 27 27 7 6 11 18 23 17 26 18 24 28 15 25 20 27 5 16 17 22 8 18 8 25 14 20 17 8 26 24 23 21 20 16 25 15 11 27 27
15 20 25 9 22 12 17 11 18 22 20 22 24 24 20 22 23 8 23 6 14 30 21 7 0 17 16 22 12 21 10 5 19 13 22 25 26 19 17 22 13 23 24 29 16 29 5 21 20 27 25 14 10 7 7 21 29 17 25 14 28 18 27 19 14 4 4 25 21 10 19 15 20 21 20 26 13 34 8 13 10 15 15 11 11 21 12 27 22 3 28 19 30 24 20 11 24 17 5 20 20
8 14 34 23 39 17 20 14 7 35 29 28 40 35 33 13 16 19 41 22 9 12 40 10 17 0 20 22 5 21 16 12 25 30 26 42 29 36 23 39 6 21 41 33 14 12 20 33 9 14 42 18 22 13 16 32 14 33 17 24 12 29 32 36 7 15 21 8 28 27 35 25 31 38 11 30 30 17 12 23 27 30 4 26 15 33 21 17 16 18 27 31 14 22 24 25 32 19 19 37 37
22 29 14 11 28 4 1 22 13 38 9 37 26 15 16 10 31 8 33 22 11 25 33 14 16 20 0 34 17 33 23 14 34 28 36 29 41 29 32 35 19 7 34 14 6 29 12 37 13 34 33 2 9 19 9 13 20 20 11 6 32 10 13 34 20 17 19 27 36 22 34 7 12 27 28 11 26 34 19 5 25 31 20 27 5 37 5 13 8 13 12 13 34 35 34 13 12 29 21 29 35
14 8 46 31 41 30 35 12 27 17 41 8 45 46 42 33 8 29 39 20 26 32 36 20 22 22 34 0 19 1 12 20 6 28 5 45 8 36 6 36 17 40 39 48 31 28 27 15 29 15 42 31 31 16 25 42 36 39 37 35 23 39 47 32 16 18 24 24 8 30 25 36 41 40 12 45 31 32 15 34 27 19 18 19 28 15 32 37 36 25 46 41 25 2 5 33 45 5 18 38 33
5 12 31 18 34 14 18 9 8 30 26 24 35 32 29 14 14 15 36 16 7 17 34 5 12 5 17 19 0 18 11 7 21 25 23 37 26 31 19 34 2 21 36 31 12 17 15 28 10 17 37 15 18 8 11 29 19 28 18 21 16 26 30 31 3 10 16 13 24 22 29 22 28 33 11 28 25 22 7 20 22 25 3 21 12 28 18 18 17 13 27 28 18 19 21 20 29 16 14 32 32
13 8 45 30 40 29 34 11 26 17 40 8 44 45 41 32 8 28 38 19 25 32 35 19 21 21 33 1 18 0 11 19 5 27 5 44 8 35 5 35 16 39 38 47 30 28 26 15 28 15 41 30 31 15 24 42 35 38 36 34 23 39 46 31 15 17 23 24 8 29 24 35 41 39 12 44 30 32 14 33 26 18 17 18 27 14 31 36 35 24 45 40 25 3 4 32 44 4 17 37 32
8 10 33 19 30 19 24 2 19 19 28 14 33 34 30 24 13 17 30 8 16 28 26 9 10 16 23 12 11 11 0 9 11 18 14 33 18 25 9 27 10 29 29 37 20 25 15 17 21 18 31 20 19 4 14 30 30 27 28 23 22 27 36 24 9 6 12 21 14 18 20 24 29 28 12 34 20 30 4 22 16 14 12 12 17 17 21 29 26 13 35 29 24 14 12 21 33 7 6 27 25
11 17 25 12 27 10 15 8 13 26 20 23 28 26 23 17 20 9 28 11 9 24 26 2 5 12 14 20 7 19 9 0 20 18 22 29 27 24 18 27 8 20 29 28 12 24 8 24 15 23 30 11 12 5 5 23 24 21 20 15 23 20 27 24 9 4 9 20 23 15 24 16 22 26 17 25 18 29 5 14 15 20 10 16 8 25 12 22 18 6 26 22 25 21 20 14 25 15 9 25 25
17 13 45 29 37 30 35 12 29 11 40 3 41 44 39 35 13 28 34 16 27 37 31 20 19 25 34 6 21 5 11 20 0 24 3 41 7 32 2 30 19 40 34 48 31 33 24 10 31 20 38 31 29 15 25 40 39 35 39 33 28 37 46 26 18 17 20 29 3 26 19 34 39 36 17 45 27 37 15 32 23 13 21 15 28 9 31 39 37 22 46 38 30 8 1 30 43 6 14 34 27
26 29 31 17 13 24 29 20 32 18 27 25 17 29 20 35 32 20 11 10 27 44 8 21 13 30 28 28 25 27 18 18 24 0 27 17 31 8 22 9 26 35 11 37 29 42 16 18 33 36 14 26 19 18 20 25 42 13 38 22 40 25 35 6 25 16 9 38 24 6 8 22 26 12 30 35 3 47 19 23 3 11 27 9 24 19 23 40 35 15 38 22 42 30 25 15 32 24 12 10 7
18 13 47 32 40 32 37 14 31 12 42 3 44 47 42 37 13 31 37 19 29 37 34 22 22 26 36 5 23 5 14 22 3 27 0 44 5 35 5 33 21 42 37 50 33 33 27 11 33 20 41 33 32 18 27 43 40 38 41 36 28 40 49 29 20 20 23 29 4 29 22 37 42 39 17 47 30 37 17 35 26 16 22 18 30 10 34 41 39 25 48 41 30 6 2 33 46 7 17 37 30
40 44 25 19 4 27 30 35 38 34 24 42 3 22 14 38 47 23 9 25 34 51 12 32 25 42 29 45 37 44 33 29 41 17 44 0 48 9 39 13 37 35 10 34 32 53 22 35 39 51 6 28 21 32 26 20 48 9 40 22 52 21 32 16 38 29 21 49 41 15 23 22 21 5 45 32 14 58 33 23 18 28 39 26 28 36 25 42 36 23 36 17 54 47 42 17 29 40 27 7 16
21 16 52 36 44 37 42 19 34 15 47 6 48 51 46 40 16 35 41 23 33 40 38 27 26 29 41 8 26 8 18 27 7 31 5 48 0 39 9 37 24 47 41 55 38 36 31 13 36 23 45 38 36 22 32 47 43 42 44 40 31 44 53 33 23 24 27 32 7 33 25 41 46 43 20 52 34 40 22 39 30 20 25 22 35 13 38 44 43 29 53 45 33 9 7 37 50 12 21 41 34
33 36 28 18 5 26 30 27 36 25 27 33 10 26 17 37 39 22 4 17 32 49 4 26 19 36 29 36 31 35 25 24 32 8 35 9 39 0 30 6 32 36 5 37 31 48 19 26 38 43 6 27 20 25 24 23 47 10 39 23 47 24 35 7 32 22 14 44 32 9 14 23 24 4 37 35 5 53 26 24 9 19 34 17 27 27 24 41 36 19 39 20 49 38 33 16 32 31 19 2 7
15 11 42 26 35 28 33 10 27 12 37 5 39 41 37 33 13 25 33 14 25 35 30 18 17 23 32 6 19 5 9 18 2 22 5 39 9 30 0 30 17 38 33 46 29 31 22 10 29 20 36 29 27 13 23 38 37 33 37 31 26 35 44 26 16 15 18 27 5 24 19 32 37 34 15 43 25 35 13 30 21 13 19 13 26 10 29 37 35 20 44 36 28 8 3 28 41 4 12 32 27
35 38 34 24 10 31 36 29 40 23 33 31 15 32 23 42 41 27 4 19 36 53 2 30 22 39 35 36 34 35 27 27 30 9 33 13 37 6 30 0 35 42 4 43 36 51 23 24 42 45 8 33 26 27 28 29 51 16 45 29 49 30 41 4 34 25 18 47 30 13 12 29 30 9 39 41 9 56 28 30 12 17 36 17 31 25 30 47 42 23 45 26 51 38 31 22 38 32 21 7 3
3 10 33 20 35 16 20 8 10 29 28 22 36 34 31 16 12 17 36 16 9 18 34 6 13 6 19 17 2 16 10 8 19 26 21 37 24 32 17 35 0 23 37 33 14 16 16 27 12 15 38 17 20 7 13 31 20 29 20 23 15 28 32 32 1 10 17 12 22 23 29 24 30 34 9 30 26 21 6 22 23 24 2 20 14 27 20 20 19 14 29 30 17 17 19 22 31 14 13 33 33
26 33 15 18 34 11 6 28 14 45 12 43 32 17 21 9 35 15 40 29 14 24 40 20 23 21 7 40 21 39 29 20 40 35 42 35 47 36 38 42 23 0 41 12 9 30 19 44 13 35 39 9 16 25 16 16 17 26 6 13 33 14 11 41 24 24 26 28 43 29 41 13 15 34 31 9 33 34 25 12 32 38 23 34 12 44 12 8 5 20 6 18 35 40 40 20 11 35 28 36 42
37 40 33 23 7 31 35 31 41 27 32 35 12 30 22 42 43 27 1 21 37 54 3 31 24 41 34 39 36 38 29 29 34 11 37 10 41 5 33 4 37 41 0 42 36 53 24 28 43 47 4 32 25 29 29 28 52 15 44 28 51 29 40 8 36 27 19 49 34 14 16 28 29 7 41 40 10 58 30 29 14 21 38 20 32 29 29 46 41 24 44 25 53 41 35 21 37 35 23 5 7
37 44 9 21 35 19 14 37 26 51 10 52 31 12 20 21 46 21 41 35 25 36 41 29 29 33 14 48 31 47 37 28 48 37 50 34 55 37 46 43 33 12 42 0 19 42 25 50 25 47 40 16 20 33 23 14 29 27 18 16 45 13 2 43 34 31 31 40 50 31 45 15 13 35 42 3 35 46 33 16 35 44 33 39 19 50 17 20 17 26 6 17 47 49 48 22 5 43 34 37 43
17 24 20 13 31 5 6 19 7 37 15 34 30 21 21 6 26 9 35 22 5 20 34 11 16 14 6 31 12 30 20 12 31 29 33 32 38 31 29 36 14 9 36 19 0 23 13 36 7 28 36 5 11 16 9 19 16 23 9 11 26 16 18 35 15 16 20 21 34 23 35 12 18 30 22 16 27 28 16 10 26 31 14 27 5 36 9 11 6 14 15 18 28 31 31 15 18 26 20 31 36
17 20 43 35 51 28 29 23 16 43 38 36 52 44 44 21 20 31 53 33 20 7 51 22 29 12 29 28 17 28 25 24 33 42 33 53 36 48 31 51 16 30 53 42 23 0 32 41 17 13 54 28 33 23 28 42 14 45 24 34 5 39 41 48 17 26 33 4 36 39 45 35 41 50 16 39 42 5 22 33 39 39 14 36 26 41 32 22 25 30 36 41 5 27 32 37 41 27 29 49 49
19 25 19 4 20 8 13 16 17 27 15 27 20 19 15 19 28 4 23 11 13 30 22 10 5 20 12 27 15 26 15 8 24 16 27 22 31 19 22 23 16 19 24 25 13 32 0 26 19 31 24 10 5 12 5 16 28 13 22 9 31 13 23 22 17 9 7 28 26 10 22 10 15 19 25 22 14 37 13 9 13 20 18 15 8 26 8 24 19 2 24 14 33 29 25 6 20 22 10 20 23
25 21 45 29 31 33 38 19 36 2 40 8 35 44 37 40 23 29 28 15 32 45 25 25 21 33 37 15 28 15 17 24 10 18 11 35 13 26 10 24 27 44 28 50 36 41 26 0 38 30 32 35 31 20 28 41 47 31 44 34 36 39 48 20 26 20 19 37 7 22 12 35 40 30 25 47 21 45 21 34 18 7 29 11 32 1 33 45 42 24 49 38 38 17 11 29 45 14 16 28 21
15 22 26 20 38 12 12 19 2 40 21 34 37 27 28 4 24 16 42 26 6 13 41 13 20 9 13 29 10 28 21 15 31 33 33 39 36 38 29 42 12 13 43 25 7 17 19 38 0 23 43 12 18 18 14 25 9 30 8 18 20 22 24 39 13 19 24 15 34 29 39 19 24 37 19 22 33 22 17 17 30 35 11 31 11 38 16 8 8 19 19 25 22 29 31 22 24 26 24 38 40
12 9 48 35 48 31 34 16 21 32 43 23 50 49 46 27 7 32 48 26 23 19 44 21 27 14 34 15 17 15 18 23 20 36 20 51 23 43 20 45 15 35 47 47 28 13 31 30 23 0 49 32 35 19 28 46 25 43 31 38 8 43 46 42 14 22 29 11 23 35 38 39 45 46 6 44 38 17 18 37 34 32 14 30 29 29 35 31 30 29 41 45 10 14 19 37 46 16 24 45 43
39 42 31 23 5 31 34 33 42 31 30 39 9 28 20 42 45 27 4 23 38 55 7 32 25 42 33 42 37 41 31 30 38 14 41 6 45 6 36 8 38 39 4 40 36 54 24 32 43 49 0 32 25 31 29 26 52 13 44 26 53 27 38 12 38 28 20 50 38 15 20 26 27 5 43 38 11 59 32 27 15 25 40 23 32 33 28 46 40 25 42 23 55 44 39 20 35 37 25 5 11
20 27 16 9 27 2 3 20 12 36 11 35 26 17 16 10 29 6 31 20 9 25 31 11 14 18 2 31 15 30 20 11 31 26 33 28 38 27 29 33 17 9 32 16 5 28 10 35 12 32 32 0 7 16 7 14 20 19 12 6 30 11 15 32 18 15 17 25 34 20 32 7 13 26 26 13 24 33 16 5 23 29 18 25 3 35 4 14 9 11 14 13 32 32 31 11 14 26 19 27 33
23 29 14 2 20 6 10 20 17 32 10 32 19 14 11 17 32 3 24 16 13 30 24 14 10 22 9 31 18 31 19 12 29 19 32 21 36 20 27 26 20 16 25 20 11 33 5 31 18 35 25 7 0 16 7 11 27 12 19 4 34 8 18 25 21 13 12 29 31 13 26 5 10 19 29 17 17 38 17 4 16 24 21 20 7 31 4 21 16 7 19 10 36 33 30 4 15 26 15 20 26
8 13 29 16 28 15 20 4 16 22 24 18 31 30 27 20 16 13 29 8 12 25 26 5 7 13 19 16 8 15 4 5 15 18 18 32 22 25 13 27 7 25 29 33 16 23 12 20 18 19 31 16 16 0 10 27 27 24 24 19 22 24 31 24 7 3 10 19 18 16 21 20 26 27 13 29 19 28 1 18 16 17 9 13 13 20 17 25 22 10 30 26 24 17 16 18 29 11 6 26 25
16 22 20 7 25 5 10 13 12 29 15 28 24 21 18 15 25 4 28 13 8 25 27 7 7 16 9 25 11 24 14 5 25 20 27 26 32 24 23 28 13 16 29 23 9 28 5 28 14 28 29 7 7 10 0 18 23 17 18 10 27 15 22 26 14 8 11 24 27 15 26 11 17 24 22 20 19 33 10 9 17 22 14 18 4 28 7 20 15 5 21 17 29 26 25 9 20 20 12 25 27
34 40 5 12 21 15 13 31 26 41 4 43 17 3 6 23 43 14 27 26 23 38 27 25 21 32 13 42 29 42 30 23 40 25 43 20 47 23 38 29 31 16 28 14 19 42 16 41 25 46 26 14 11 27 18 0 32 13 22 8 44 3 12 30 32 24 21 39 42 20 33 7 1 21 40 12 22 47 28 9 24 34 32 29 17 41 11 24 19 18 16 3 46 44 41 11 9 37 26 23 30
22 28 32 29 47 21 20 28 11 49 28 42 46 34 36 10 30 25 51 35 15 7 50 22 29 14 20 36 19 35 30 24 39 42 40 48 43 47 37 51 20 17 52 29 16 14 28 47 9 25 52 20 27 27 23 32 0 39 11 26 19 30 28 48 21 28 33 14 42 38 48 27 31 46 25 26 42 17 26 25 39 44 18 40 20 47 24 9 13 28 23 33 19 36 38 31 28 33 33 47 49
32 37 18 10 8 18 21 28 29 31 17 36 7 15 7 29 40 14 14 19 25 42 14 23 17 33 20 39 28 38 27 21 35 13 38 9 42 10 33 16 29 26 15 27 23 45 13 31 30 43 13 19 12 24 17 13 39 0 31 13 44 14 25 17 30 21 15 41 35 9 21 13 14 8 37 25 10 50 25 14 13 24 31 20 19 32 16 33 27 15 29 10 46 41 36 8 22 34 21 10 17
23 30 21 21 39 14 10 27 10 46 18 42 37 23 27 4 32 18 43 31 12 18 43 19 25 17 11 37 18 36 28 20 39 38 41 40 44 39 37 45 20 6 44 18 9 24 22 44 8 31 44 12 19 24 18 22 11 31 0 17 27 20 17 44 21 24 29 22 42 32 44 18 21 38 27 15 36 28 24 16 35 40 19 36 14 44 16 2 3 23 12 24 29 37 39 23 17 34 29 39 45
26 32 11 5 21 7 7 23 18 35 6 36 20 11 10 17 35 6 27 19 15 31 27 17 14 24 6 35 21 34 23 15 33 22 36 22 40 23 31 29 23 13 28 16 11 34 9 34 18 38 26 6 4 19 10 8 26 13 17 0 36 5 14 28 24 17 15 31 35 16 29 1 7 21 32 13 20 39 20 1 19 28 24 23 9 35 3 19 14 11 16 7 38 36 34 7 11 30 19 23 29
14 15 46 35 50 29 32 20 19 39 41 31 51 47 45 24 15 31 51 30 21 12 48 21 28 12 32 23 16 23 22 23 28 40 28 52 31 47 26 49 15 33 51 45 26 5 31 36 20 8 53 30 34 22 27 44 19 44 27 36 0 41 44 46 15 25 32 5 31 38 42 37 43 49 11 42 41 9 21 35 38 36 13 34 27 36 33 26 28 29 39 43 2 22 27 36 44 22 28 48 47
31 37 6 10 22 12 10 28 23 40 3 40 18 6 7 20 40 11 28 24 20 35 28 22 18 29 10 39 26 39 27 20 37 25 40 21 44 24 35 30 28 14 29 13 16 39 13 39 22 43 27 11 8 24 15 3 30 14 20 5 41 0 11 30 29 21 20 36 39 19 33 4 2 22 37 11 22 44 25 6 23 32 29 28 14 39 8 22 17 15 15 4 43 41 38 10 8 34 23 24 31
35 42 7 19 33 17 13 35 25 49 8 50 29 10 18 20 44 19 39 33 23 35 39 27 27 32 13 47 30 46 36 27 46 35 49 32 53 35 44 41 32 11 40 2 18 41 23 48 24 46 38 15 18 31 22 12 28 25 17 14 44 11 0 41 33 30 29 39 48 29 43 13 11 33 40 2 33 45 31 14 33 42 32 37 18 48 15 19 16 24 6 15 46 47 46 20 3 41 32 35 41
32 35 35 23 12 30 35 26 38 19 33 27 17 32 24 41 37 26 8 16 33 50 5 27 19 36 34 32 31 31 24 24 26 6 29 16 33 7 26 4 32 41 8 43 35 48 22 20 39 42 12 32 25 24 26 30 48 17 44 28 46 30 41 0 31 22 15 43 26 12 8 28 31 11 36 41 8 52 25 29 9 13 33 13 30 21 29 46 41 21 44 27 48 34 27 21 38 28 18 9 1
2 9 34 21 35 17 21 7 11 28 29 21 37 35 32 17 11 18 36 15 10 19 33 7 14 7 20 16 3 15 9 9 18 25 20 38 23 32 16 34 1 24 36 34 15 17 17 26 13 14 38 18 21 7 14 32 21 30 21 24 15 29 33 31 0 10 17 13 21 23 28 25 31 34 8 31 26 22 6 23 23 23 3 20 15 26 21 21 20 15 30 31 17 16 18 23 32 13 13 33 32
11 16 27 13 25 13 18 7 17 22 22 20 28 27 24 21 19 11 26 7 13 27 24 6 4 15 17 18 10 17 6 4 17 16 20 29 24 22 15 25 10 24 27 31 16 26 9 20 19 22 28 15 13 3 8 24 28 21 24 17 25 21 30 22 10 0 7 22 19 13 20 18 23 24 16 28 16 31 4 16 13 16 12 12 12 21 15 26 22 7 29 23 27 20 18 15 27 13 5 23 23
18 22 26 10 18 15 20 13 22 20 21 22 21 25 19 26 25 11 18 4 18 34 17 11 4 21 19 24 16 23 12 9 20 9 23 21 27 14 18 18 17 26 19 31 20 33 7 19 24 29 20 17 12 10 11 21 33 15 29 15 32 20 29 15 17 7 0 29 21 6 15 16 21 17 23 28 9 38 11 16 6 12 19 8 15 20 15 31 26 6 31 18 34 26 21 10 26 19 6 16 16
13 16 41 31 47 24 27 19 14 39 36 32 48 42 40 19 16 27 48 28 16 8 46 18 25 8 27 24 13 24 21 20 29 38 29 49 32 44 27 47 12 28 49 40 21 4 28 37 15 11 50 25 29 19 24 39 14 41 22 31 5 36 39 43 13 22 29 0 32 35 40 32 38 46 12 37 38 9 18 30 35 35 10 32 22 37 28 21 23 26 34 38 7 23 28 33 39 23 25 45 44
20 16 46 31 37 32 37 15 32 9 41 1 41 46 40 38 16 30 34 17 30 40 31 23 21 28 36 8 24 8 14 23 3 24 4 41 7 32 5 30 22 43 34 50 34 36 26 7 34 23 38 34 31 18 27 42 42 35 42 35 31 39 48 26 21 19 21 32 0 26 18 36 41 36 20 47 27 40 18 34 23 13 24 15 31 7 33 42 40 24 48 39 33 10 4 31 45 9 16 34 27
24 28 25 11 12 18 23 19 27 22 21 27 15 23 15 29 31 14 13 10 23 40 12 17 10 27 22 30 22 29 18 15 26 6 29 15 33 9 24 13 23 29 14 31 23 39 10 22 29 35 15 20 13 16 15 20 38 9 32 16 38 19 29 12 23 13 6 35 26 0 14 16 20 11 29 29 4 44 17 17 4 15 25 11 18 23 17 34 29 10 32 17 40 32 27 9 26 25 12 10 13
28 29 39 24 19 30 35 22 37 11 35 19 24 37 28 41 31 26 16 13 33 47 13 26 19 35 34 25 29 24 20 24 19 8 22 23 25 14 19 12 29 41 16 45 35 45 22 12 39 38 20 32 26 21 26 33 48 21 44 29 42 33 43 8 28 20 15 40 18 14 0 30 34 18 32 42 11 49 22 30 10 6 30 8 30 13 30 46 41 21 45 30 44 27 20 23 40 22 15 16 9
27 33 10 6 21 8 8 24 19 36 5 37 19 10 9 17 36 7 27 20 16 32 27 18 15 25 7 36 22 35 24 16 34 22 37 22 41 23 32 29 24 13 28 15 12 35 10 35 19 39 26 7 5 20 11 7 27 13 18 1 37 4 13 28 25 18 16 32 36 16 30 0 6 21 33 13 20 40 21 2 20 28 25 24 10 36 4 20 15 12 16 6 39 37 35 7 10 31 20 23 29
33 39 5 11 22 14 12 30 25 41 3 42 18 4 7 22 42 13 28 25 22 37 28 24 20 31 12 41 28 41 29 22 39 26 42 21 46 24 37 30 30 15 29 13 18 41 15 40 24 45 27 13 10 26 17 1 31 14 21 7 43 2 11 31 31 23 21 38 41 20 34 6 0 22 39 11 23 46 27 8 24 33 31 29 16 41 10 23 18 17 15 4 45 43 40 11 8 36 25 24 31
35 39 26 17 1 25 28 30 36 29 25 37 6 23 15 36 42 21 6 20 32 49 7 28 21 38 27 40 33 39 28 26 36 12 39 5 43 4 34 9 34 34 7 35 30 50 19 30 37 46 5 26 19 27 24 21 46 8 38 21 49 22 33 11 34 24 17 46 36 11 18 21 22 0 40 33 9 55 28 22 13 23 36 21 26 31 23 40 35 20 37 18 51 42 37 15 30 35 22 2 11
6 4 42 29 41 25 28 10 17 27 37 20 44 43 40 23 5 26 42 20 17 20 38 15 20 11 28 12 11 12 12 17 17 30 17 45 20 37 15 39 9 31 41 42 22 16 25 25 19 6 43 26 29 13 22 40 25 37 27 32 11 37 40 36 8 16 23 12 20 29 32 33 39 40 0 38 32 20 12 31 28 26 8 24 23 25 29 27 26 23 37 39 13 11 16 31 40 11 18 39 37
33 40 7 18 33 15 11 33 23 48 8 48 29 10 18 18 42 18 39 32 21 33 39 25 26 30 11 45 28 44 34 25 45 35 47 32 52 35 43 41 30 9 40 3 16 39 22 47 22 44 38 13 17 29 20 12 26 25 15 13 42 11 2 41 31 28 28 37 47 29 42 13 11 33 38 0 33 43 29 13 32 40 30 36 16 47 14 17 14 23 5 15 44 45 44 20 3 39 31 35 41
27 31 27 15 10 22 27 22 31 21 25 28 14 25 17 33 34 18 9 12 27 43 8 20 13 30 26 31 25 30 20 18 27 3 30 14 34 5 25 9 26 33 10 35 27 42 14 21 33 38 11 24 17 19 19 22 42 10 36 20 41 22 33 8 26 16 9 38 27 4 11 20 23 9 32 33 0 47 20 21 4 14 28 12 22 22 21 38 33 14 36 19 43 33 28 13 30 26 14 7 9
22 24 48 40 56 33 34 28 21 47 43 40 57 49 49 25 24 36 58 38 25 10 56 27 34 17 34 32 22 32 30 29 37 47 37 58 40 53 35 56 21 34 58 46 28 5 37 45 22 17 59 33 38 28 33 47 17 50 28 39 9 44 45 52 22 31 38 9 40 44 49 40 46 55 20 43 47 0 27 38 44 44 19 41 31 45 37 26 29 35 40 46 7 31 36 42 45 31 34 54 53
7 12 30 17 29 15 20 3 15 23 25 18 32 31 28 20 15 14 30 9 12 24 27 5 8 12 19 15 7 14 4 5 15 19 17 33 22 26 13 28 6 25 30 33 16 22 13 21 17 18 32 16 17 1 10 28 26 25 24 20 21 25 31 25 6 4 11 18 18 17 22 21 27 28 12 29 20 27 0 19 17 18 8 14 13 21 17 25 22 11 30 27 23 16 15 19 30 10 7 27 26
25 31 11 6 22 6 6 22 17 36 6 36 21 12 11 15 34 5 28 19 14 30 28 16 13 23 5 34 20 33 22 14 32 23 35 23 39 24 30 30 22 12 29 16 10 33 9 34 17 37 27 5 4 18 9 9 25 14 16 1 35 6 14 29 23 16 16 30 34 17 30 2 8 22 31 13 21 38 19 0 20 28 23 24 8 34 2 18 13 10 15 8 37 35 33 8 11 29 18 24 30
24 27 29 14 14 21 26 18 28 18 25 24 18 27 19 32 30 17 13 8 24 40 11 17 10 27 25 27 22 26 16 15 23 3 26 18 30 9 21 12 23 32 14 35 26 39 13 18 30 34 15 23 16 16 17 24 39 13 35 19 38 23 33 9 23 13 6 35 23 4 10 20 24 13 28 32 4 44 17 20 0 11 25 8 21 19 20 37 32 12 35 21 40 29 24 13 30 22 10 11 10
22 23 39 23 24 27 32 16 33 7 34 14 28 37 30 37 25 23 21 9 29 42 18 22 15 30 31 19 25 18 14 20 13 11 16 28 20 19 13 17 24 38 21 44 31 39 20 7 35 32 25 29 24 17 22 34 44 24 40 28 36 32 42 13 23 16 12 35 13 15 6 28 33 23 26 40 14 44 18 28 11 0 26 4 26 8 27 42 37 18 43 30 38 21 14 22 38 16 11 21 14
4 11 34 21 37 17 20 10 9 31 29 24 38 35 32 15 13 18 38 17 9 16 35 8 15 4 20 18 3 17 12 10 21 27 22 39 25 34 19 36 2 23 38 33 14 14 18 29 11 14 40 18 21 9 14 32 18 31 19 24 13 29 32 33 3 12 19 10 24 25 30 25 31 36 8 30 28 19 8 23 25 26 0 22 15 29 21 19 18 16 29 31 15 18 20 23 32 15 15 35 34
20 22 34 18 22 23 28 14 29 11 29 16 26 33 26 33 24 19 20 5 25 38 17 18 11 26 27 19 21 18 12 16 15 9 18 26 22 17 13 17 20 34 20 39 27 36 15 11 31 30 23 25 20 13 18 29 40 20 36 23 34 28 37 13 20 12 8 32 15 11 8 24 29 21 24 36 12 41 14 24 8 4 22 0 22 12 23 38 33 14 39 26 36 21 16 18 34 15 7 19 14
17 23 19 9 27 2 6 16 10 33 14 31 26 20 18 11 26 5 31 17 6 23 30 8 11 15 5 28 12 27 17 8 28 24 30 28 35 27 26 31 14 12 32 19 5 26 8 32 11 29 32 3 7 13 4 17 20 19 14 9 27 14 18 30 15 12 15 22 31 18 30 10 16 26 23 16 22 31 13 8 21 26 15 22 0 32 6 16 11 9 17 16 29 29 28 11 17 23 16 27 31
25 21 46 30 32 33 38 19 36 2 41 7 36 45 38 40 22 30 29 16 32 45 26 25 21 33 37 15 28 14 17 25 9 19 10 36 13 27 10 25 27 44 29 50 36 41 26 1 38 29 33 35 31 20 28 41 47 32 44 35 36 39 48 21 26 21 20 37 7 23 13 36 41 31 25 47 22 45 21 34 19 8 29 12 32 0 33 45 42 24 49 38 38 16 10 30 45 14 16 29 22
23 29 13 6 24 4 6 20 16 35 8 35 22 14 13 14 32 4 28 18 12 29 28 14 12 21 5 32 18 31 21 12 31 23 34 25 38 24 29 30 20 12 29 17 9 32 8 33 16 35 28 4 4 17 7 11 24 16 16 3 33 8 15 29 21 15 15 28 33 17 30 4 10 23 29 14 21 37 17 2 20 27 21 23 6 33 0 18 13 9 16 10 35 33 32 8 13 27 17 24 30
23 30 23 23 41 16 12 27 10 47 20 42 39 25 29 5 32 20 45 33 13 16 45 20 27 17 13 37 18 36 29 22 39 40 41 42 44 41 37 47 20 8 46 20 11 22 24 45 8 31 46 14 21 25 20 24 9 33 2 19 26 22 19 46 21 26 31 21 42 34 46 20 23 40 27 17 38 26 25 18 37 42 19 38 16 45 18 0 5 25 14 26 27 37 39 25 19 34 31 41 47
22 29 19 18 35 11 7 25 9 43 15 40 34 21 24 4 31 15 40 28 10 19 40 17 22 16 8 36 17 35 26 18 37 35 39 36 43 36 35 42 19 5 41 17 6 25 19 42 8 30 40 9 16 22 15 19 13 27 3 14 28 17 16 41 20 22 26 23 40 29 41 15 18 35 26 14 33 29 22 13 32 37 18 33 11 42 13 5 0 20 11 21 30 36 37 20 16 32 26 36 42
17 23 21 6 21 9 14 14 17 25 16 25 22 21 17 20 26 5 23 9 13 30 22 8 3 18 13 25 13 24 13 6 22 15 25 23 29 19 20 23 14 20 24 26 14 30 2 24 19 29 25 11 7 10 5 18 28 15 23 11 29 15 24 21 15 7 6 26 24 10 21 12 17 20 23 23 14 35 11 10 12 18 16 14 9 24 9 25 20 0 25 16 31 27 23 8 21 20 8 20 22
32 39 12 21 37 16 11 34 20 50 12 49 33 15 22 15 41 20 43 34 20 30 43 26 28 27 12 46 27 45 35 26 46 38 48 36 53 39 44 45 29 6 44 6 15 36 24 49 19 41 42 14 19 30 21 16 23 29 12 16 39 15 6 44 30 29 31 34 48 32 45 16 15 37 37 5 36 40 30 15 35 43 29 39 17 49 16 14 11 25 0 19 41 46 45 23 8 40 33 39 45
33 39 8 10 18 14 14 30 25 38 7 41 14 6 3 23 42 13 24 23 22 38 24 24 19 31 13 41 28 40 29 22 38 22 41 17 45 20 36 26 30 18 25 17 18 41 14 38 25 45 23 13 10 26 17 3 33 10 24 7 43 4 15 27 31 23 18 38 39 17 30 6 4 18 39 15 19 46 27 8 21 30 31 26 16 38 10 26 21 16 19 0 45 43 39 8 12 36 24 20 27
16 17 48 37 52 31 34 22 21 41 43 33 53 49 47 26 17 33 53 32 23 12 50 23 30 14 34 25 18 25 24 25 30 42 30 54 33 49 28 51 17 35 53 47 28 5 33 38 22 10 55 32 36 24 29 46 19 46 29 38 2 43 46 48 17 27 34 7 33 40 44 39 45 51 13 44 43 7 23 37 40 38 15 36 29 38 35 27 30 31 41 45 0 24 29 38 46 24 30 50 49
14 8 47 33 43 31 36 13 27 18 42 9 47 47 44 33 7 30 41 22 26 31 38 21 24 22 35 2 19 3 14 21 8 30 6 47 9 38 8 38 17 40 41 49 31 27 29 17 29 14 44 32 33 17 26 44 36 41 37 36 22 41 47 34 16 20 26 23 10 32 27 37 43 42 11 45 33 31 16 35 29 21 18 21 29 16 33 37 36 27 46 43 24 0 7 35 46 7 20 40 35
16 12 45 29 38 30 35 12 29 12 40 4 42 44 40 35 12 28 35 17 27 36 32 20 20 24 34 5 21 4 12 20 1 25 2 42 7 33 3 31 19 40 35 48 31 32 25 11 31 19 39 31 30 16 25 41 38 36 39 34 27 38 46 27 18 18 21 28 4 27 20 35 40 37 16 44 28 36 15 33 24 14 20 16 28 10 32 39 37 23 45 39 29 7 0 31 44 5 15 35 28
25 31 16 2 16 10 14 22 21 30 12 32 15 14 9 21 34 6 20 14 17 34 20 16 11 25 13 33 20 32 21 14 30 15 33 17 37 16 28 22 22 20 21 22 15 37 6 29 22 37 20 11 4 18 9 11 31 8 23 7 36 10 20 21 23 15 10 33 31 9 23 7 11 15 31 20 13 42 19 8 13 22 23 18 11 30 8 25 20 8 23 8 38 35 31 0 17 28 16 16 22
34 41 4 16 30 16 12 33 25 46 5 48 26 7 15 20 43 16 36 30 23 35 36 25 24 32 12 45 29 44 33 25 43 32 46 29 50 32 41 38 31 11 37 5 18 41 20 45 24 46 35 14 15 29 20 9 28 22 17 11 44 8 3 38 32 27 26 39 45 26 40 10 8 30 40 3 30 45 30 11 30 38 32 34 17 45 13 19 16 21 8 12 46 46 44 17 0 40 29 32 38
11 7 40 26 36 25 30 7 24 16 35 9 40 40 37 30 9 24 35 15 22 31 32 15 17 19 29 5 16 4 7 15 6 24 7 40 12 31 4 32 14 35 35 43 26 27 22 14 26 16 37 26 26 11 20 37 33 34 34 30 22 34 41 28 13 13 19 23 9 25 22 31 36 35 11 39 26 31 10 29 22 16 15 15 23 14 27 34 32 20 40 36 24 7 5 28 40 0 13 33 29
14 16 30 14 23 17 22 8 22 17 25 17 27 29 25 26 19 13 23 2 18 31 20 11 5 19 21 18 14 17 6 9 14 12 17 27 21 19 12 21 13 28 23 34 20 29 10 16 24 24 25 19 15 6 12 26 33 21 29 19 28 23 32 18 13 5 6 25 16 12 15 20 25 22 18 31 14 34 7 18 10 11 15 7 16 16 17 31 26 8 33 24 30 20 15 16 29 13 0 21 19
34 38 28 18 3 26 30 29 37 27 27 35 8 25 17 37 41 22 4 19 33 50 5 27 20 37 29 38 32 37 27 25 34 10 37 7 41 2 32 7 33 36 5 37 31 49 20 28 38 45 5 27 20 26 25 23 47 10 39 23 48 24 35 9 33 23 16 45 34 10 16 23 24 2 39 35 7 54 27 24 11 21 35 19 27 29 24 41 36 20 39 20 50 40 35 16 32 33 21 0 9
33 36 35 24 12 31 36 27 38 20 33 28 17 32 24 42 38 27 7 17 34 50 4 27 20 37 35 33 32 32 25 25 27 7 30 16 34 7 27 3 33 42 7 43 36 49 23 21 40 43 11 33 26 25 27 30 49 17 45 29 47 31 41 1 32 23 16 44 27 13 9 29 31 11 37 41 9 53 26 30 10 14 34 14 31 22 30 47 42 22 45 27 49 35 28 22 38 29 19 9 0
0         1033     
379       492      
273       383      
139       244      
226       335      
108       239      
500       614      
0         87       
324       455      
45        160      
252       378      
24        144      
599       719      
531       650      
252       376      
328       450      
675       803      
134       253      
187       321      
57        176      
336       459      
421       540      
204       322      
352       465      
86        201      
367       476      
101       227      
0         112      
0         74       
0         102      
0         92       
71        185      
1         116      
162       277      
0         126      
863       992      
14        150      
197       328      
3         122      
176       299      
0         60       
310       421      
212       328      
273       400      
107       232      
414       540      
130       263      
660       762      
470       580      
818       940      
206       343      
96        217      
131       246      
79        194      
84        202      
253       375      
460       579      
232       344      
323       442      
124       245      
404       530      
257       379      
279       383      
174       307      
0         66       
70        175      
575       682      
415       525      
5         129      
156       264      
162       294      
531       652      
541       651      
194       326      
368       487      
289       406      
152       283      
700       830      
0         84       
120       240      
563       680      
46        160      
0         75       
56        172      
82        206      
29        163      
121       237      
318       433      
506       610      
90        204      
287       419      
243       362      
420       526      
0         108      
13        130      
592       698      
277       386      
0         95       
49        173      
200       328      
188       299      
