101
0 27 39 24 22 18 19 35 36 42 11 35 36 43 39 29 28 30 29 19 31 19 24 40 41 42 38 50 16 33 34 15 17 22 4 6 4 34 12 9 11 41 18 13 31 23 28 19 32 23 29 16 9 18 5 14 1 29 15 44 35 30 43 43 33 18 10 7 12 12 17 39 28 6 20 34 20 27 20 9 14 17 11 24 35 27 19 8 41 35 21 47 20 19 46 24 43 37 29 38 34
27 0 15 25 28 15 8 24 14 32 22 10 23 25 12 29 20 7 26 16 7 26 8 13 24 16 24 23 12 13 31 19 11 12 30 23 28 31 25 21 25 18 22 15 21 3 5 9 12 19 10 21 33 8 25 13 27 6 25 20 21 22 27 19 10 24 31 19 16 20 16 21 17 32 13 24 22 11 11 18 15 9 24 25 26 25 21 32 15 20 13 21 8 22 19 22 22 26 7 29 25
39 15 0 40 29 30 22 18 3 23 30 5 36 12 14 27 18 9 23 21 18 29 23 15 13 7 16 17 26 24 27 34 26 17 42 37 38 45 32 36 40 23 26 26 16 17 12 24 24 20 23 36 43 22 39 28 39 17 40 5 33 36 16 20 19 39 39 31 27 35 31 11 31 44 28 38 37 24 26 33 25 23 32 24 40 23 36 42 8 31 18 14 18 37 17 37 9 20 18 23 19
24 25 40 0 41 11 20 46 39 54 29 35 15 49 33 46 40 32 45 30 24 38 17 33 48 41 47 44 18 20 49 10 16 30 24 18 28 10 33 15 13 29 35 23 41 24 29 17 20 35 19 8 33 21 19 16 25 24 9 45 15 8 51 34 25 6 34 21 25 12 11 45 10 28 12 11 5 17 14 15 25 20 31 39 11 42 6 32 40 17 29 43 25 5 39 3 47 47 23 50 44
22 28 29 41 0 30 24 15 26 22 11 30 47 25 38 8 11 24 9 12 35 2 32 39 22 36 18 46 24 41 13 30 26 16 25 25 18 50 9 26 30 46 6 17 14 25 24 27 40 9 37 32 21 22 26 24 21 34 33 34 46 42 23 45 38 35 16 19 15 27 29 23 40 25 32 46 35 36 29 24 14 22 10 5 47 7 34 21 36 46 15 42 20 34 43 38 28 17 35 18 14
18 15 30 11 30 0 9 34 28 42 21 25 18 38 23 35 28 21 34 20 14 28 7 23 37 31 36 34 7 14 39 4 5 19 20 13 22 20 25 10 11 23 24 13 30 13 18 6 14 24 11 6 27 10 15 6 19 14 10 35 17 12 40 28 16 9 28 14 15 7 1 34 10 24 2 16 7 9 4 9 15 9 24 29 17 31 6 26 30 17 18 33 14 7 29 9 36 36 13 39 33
19 8 22 20 24 9 0 25 20 33 16 17 23 29 20 27 19 13 25 12 12 22 8 21 28 24 26 31 4 17 30 12 4 10 22 16 20 28 20 14 18 23 18 8 21 5 10 3 16 16 13 14 25 2 18 6 19 11 18 27 22 20 31 25 15 17 25 12 10 13 9 25 16 24 8 23 15 12 5 11 10 2 19 22 25 23 14 25 23 22 10 29 5 15 27 17 28 27 12 30 25
35 24 18 46 15 34 25 0 15 7 24 21 47 9 31 10 7 18 7 16 30 17 32 32 7 25 3 35 28 37 9 36 29 15 39 35 33 53 24 35 39 40 17 24 4 23 19 28 36 12 34 38 36 24 37 29 35 29 41 21 45 45 8 38 33 41 31 29 23 36 34 8 41 40 33 48 40 35 30 32 21 25 25 11 50 8 39 36 26 44 15 32 20 40 35 42 13 2 30 5 1
36 14 3 39 26 28 20 15 0 20 26 6 36 11 16 23 15 7 20 18 19 25 22 17 10 10 13 20 24 25 24 32 24 14 39 35 35 45 29 34 38 25 22 23 13 15 10 22 24 17 23 34 39 20 37 26 36 18 38 8 34 36 13 23 20 37 35 29 24 33 29 8 31 41 27 38 35 25 24 31 22 21 29 21 40 20 34 39 11 32 15 17 16 35 20 36 8 17 19 20 16
42 32 23 54 22 42 33 7 20 0 31 26 54 12 36 14 14 25 13 23 37 24 39 37 10 30 8 40 35 44 9 43 36 22 46 42 40 60 31 42 46 45 24 31 11 30 26 35 43 19 41 45 43 31 44 36 42 36 48 25 52 52 7 43 40 48 38 36 30 43 41 12 48 47 40 55 47 42 37 39 28 32 32 18 57 15 46 43 31 51 22 37 27 47 40 49 16 5 37 4 8
11 22 30 29 11 21 16 24 26 31 0 28 39 32 34 18 17 23 18 8 28 9 24 35 30 35 27 44 15 33 23 19 17 13 15 14 9 39 4 15 19 39 7 8 20 18 20 19 32 12 29 20 13 14 15 15 11 27 22 34 38 33 32 40 31 23 9 8 6 16 20 28 31 16 23 37 24 28 21 13 6 14 3 13 38 16 23 13 35 38 11 41 13 23 40 28 32 26 27 27 23
35 10 5 35 30 25 17 21 6 26 28 0 30 17 10 29 20 5 26 20 13 29 18 11 16 7 19 16 21 19 30 29 21 15 39 32 35 39 31 31 35 19 25 22 19 12 8 19 18 20 17 31 40 17 34 23 35 12 35 10 28 30 19 17 14 34 37 28 23 30 26 14 26 40 23 32 32 19 21 28 22 18 31 26 35 25 31 40 7 26 16 13 14 32 14 32 14 23 13 26 22
36 23 36 15 47 18 23 47 36 54 39 30 0 47 24 50 42 30 48 35 18 45 16 24 46 33 47 34 24 11 53 21 22 33 36 30 40 12 43 27 26 18 41 31 44 25 28 20 12 39 13 20 45 25 31 24 37 18 22 39 2 7 49 24 16 19 46 32 33 24 19 44 8 40 16 4 17 13 18 27 33 25 42 45 7 46 18 44 31 4 33 33 28 18 29 13 44 49 17 52 48
43 25 12 49 25 38 29 9 11 12 32 17 47 0 26 19 15 18 16 24 30 26 33 27 2 18 6 28 32 36 18 40 33 21 47 43 41 56 32 42 46 35 25 31 12 25 20 32 35 20 34 42 44 28 45 34 43 29 46 13 45 47 5 32 31 45 39 37 31 41 38 4 42 48 37 49 44 36 34 39 29 29 33 20 51 17 43 44 19 43 22 25 24 44 28 46 4 10 30 12 10
39 12 14 33 38 23 20 31 16 36 34 10 24 26 0 39 30 14 36 27 9 37 16 1 26 9 29 11 23 13 40 27 22 22 42 35 40 35 37 33 34 9 32 27 29 15 14 19 13 29 14 29 45 20 37 24 39 9 33 15 22 27 29 7 8 32 43 31 28 30 24 24 23 44 21 27 30 16 20 29 27 21 36 35 30 35 29 44 8 20 23 10 20 30 7 30 23 33 10 36 32
29 29 27 46 8 35 27 10 23 14 18 29 50 19 39 0 9 25 3 15 36 10 35 40 17 33 13 43 28 42 5 36 30 17 33 32 26 55 17 33 37 47 11 22 10 26 25 30 41 11 38 37 29 25 33 29 29 35 40 31 49 47 17 46 39 40 24 26 21 34 34 18 43 33 35 50 40 38 32 30 19 26 18 5 52 4 39 29 34 48 17 40 22 40 43 43 23 10 36 10 9
28 20 18 40 11 28 19 7 15 14 17 20 42 15 30 9 0 16 6 9 27 11 27 31 13 25 10 35 21 33 11 29 23 10 32 28 26 47 17 28 32 38 10 17 3 18 16 22 32 5 30 31 29 18 30 23 28 26 35 23 41 39 15 37 30 34 24 22 16 29 28 12 35 33 27 42 34 30 24 25 14 18 18 6 44 5 33 29 26 40 9 32 14 34 34 36 17 9 27 11 6
30 7 9 32 24 21 13 18 7 25 23 5 30 18 14 25 16 0 22 14 13 23 15 15 16 12 18 21 17 19 26 25 17 10 33 28 30 38 25 27 31 22 20 17 15 8 3 15 18 15 17 27 35 13 30 19 30 12 31 14 28 29 19 21 15 30 32 22 18 26 22 14 24 35 19 31 28 18 17 24 16 14 25 21 33 21 27 34 12 26 11 18 9 28 19 28 15 20 13 23 18
29 26 23 45 9 34 25 7 20 13 18 26 48 16 36 3 6 22 0 14 33 11 32 37 14 30 10 40 27 39 5 35 29 15 33 32 27 53 18 32 36 44 11 21 7 24 22 28 38 9 36 36 30 24 33 28 29 32 39 28 46 45 15 43 36 39 25 26 20 33 33 15 41 34 33 48 39 36 30 29 19 24 19 5 50 2 38 30 31 46 15 37 20 39 40 42 20 8 33 9 6
19 16 21 30 12 20 12 16 18 23 8 20 35 24 27 15 9 14 14 0 23 10 20 28 22 26 19 35 13 29 19 20 15 4 23 19 17 40 11 19 23 34 6 7 12 13 12 15 28 5 25 22 21 10 21 14 19 22 25 26 34 32 24 33 26 25 17 13 7 19 19 20 28 24 20 35 25 24 17 15 5 11 11 10 37 12 24 21 26 34 3 32 8 25 33 28 24 18 23 20 15
31 7 18 24 35 14 12 30 19 37 28 13 18 30 9 36 27 13 33 23 0 33 7 9 29 17 30 20 15 7 38 18 13 19 33 26 32 26 32 24 25 11 29 20 27 10 11 11 6 26 5 20 37 14 28 15 30 1 24 22 16 18 32 14 3 23 37 23 22 21 15 27 14 35 12 20 21 7 11 20 22 14 31 32 23 32 20 36 16 14 20 19 15 21 15 21 27 32 1 35 31
19 26 29 38 2 28 22 17 25 24 9 29 45 26 37 10 11 23 11 10 33 0 30 38 24 35 20 44 21 39 15 28 23 14 23 23 16 48 7 24 28 44 4 14 14 23 22 25 38 8 35 29 19 20 24 21 19 32 31 33 44 39 25 43 36 32 14 17 13 25 26 23 37 23 29 43 32 34 27 22 12 20 8 6 44 9 31 19 35 44 13 41 18 32 42 35 28 19 33 20 16
24 8 23 17 32 7 8 32 22 39 24 18 16 33 16 35 27 15 32 20 7 30 0 16 31 24 32 27 9 9 37 11 7 17 27 20 26 22 28 17 18 17 26 16 28 9 13 5 8 24 5 13 31 10 22 9 24 7 17 28 14 13 34 20 9 16 31 17 18 14 8 29 9 29 5 16 14 4 4 14 18 10 27 30 18 30 13 30 23 14 18 26 13 14 22 14 30 34 6 37 32
40 13 15 33 39 23 21 32 17 37 35 11 24 27 1 40 31 15 37 28 9 38 16 0 27 10 30 11 24 13 41 27 22 23 42 35 41 35 38 33 34 8 33 28 30 16 15 20 13 30 14 29 46 21 37 24 39 10 33 16 22 27 30 6 8 32 44 32 29 30 24 25 23 44 21 27 30 16 20 29 28 22 37 36 30 36 29 45 9 20 24 10 21 30 6 30 24 34 10 37 33
41 24 13 48 22 37 28 7 10 10 30 16 46 2 26 17 13 16 14 22 29 24 31 27 0 20 4 30 31 35 16 39 32 19 45 41 39 53 30 40 44 35 23 29 10 23 19 30 34 18 33 41 42 27 43 33 41 28 45 15 44 44 3 33 30 44 37 35 29 40 37 2 40 46 35 47 43 34 32 37 27 28 31 18 49 15 42 42 21 42 20 27 22 43 30 44 6 8 29 10 8
42 16 7 41 36 31 24 25 10 30 35 7 33 18 9 33 25 12 30 26 17 35 24 10 20 0 23 10 28 22 34 35 27 22 45 39 42 43 37 37 41 18 32 29 23 19 15 25 22 27 22 37 47 24 41 29 42 17 41 6 31 35 23 14 16 40 43 34 30 36 32 18 31 47 29 36 38 24 27 34 28 25 37 31 39 30 37 46 1 29 23 7 21 38 10 38 14 27 18 30 26
38 24 16 47 18 36 26 3 13 8 27 19 47 6 29 13 10 18 10 19 30 20 32 30 4 23 0 33 29 37 12 37 30 17 42 38 36 54 27 37 41 38 20 26 7 24 19 29 36 15 34 39 39 25 40 31 38 29 43 18 45 45 5 36 33 42 34 32 26 38 35 5 41 43 34 48 41 35 31 34 24 26 28 14 50 11 40 39 24 44 18 30 21 41 33 43 10 4 30 7 4
50 23 17 44 46 34 31 35 20 40 44 16 34 28 11 43 35 21 40 35 20 44 27 11 30 10 33 0 34 24 44 38 33 31 53 46 51 46 46 44 45 16 41 38 33 26 24 30 24 36 25 40 56 31 48 35 50 20 44 15 32 38 33 10 19 43 52 42 39 41 35 28 34 55 32 38 41 27 31 40 37 32 46 41 41 40 40 55 9 30 32 3 30 41 5 41 24 37 21 40 36
16 12 26 18 24 7 4 28 24 35 15 21 24 32 23 28 21 17 27 13 15 21 9 24 31 28 29 34 0 18 32 8 2 13 19 12 17 27 19 10 14 26 17 7 23 9 14 4 17 18 14 10 22 4 14 2 16 14 14 31 23 19 34 28 18 13 23 9 9 9 7 28 16 21 8 23 13 13 6 7 9 3 18 23 24 25 12 22 27 23 12 33 8 13 30 16 32 30 14 32 27
33 13 24 20 41 14 17 37 25 44 33 19 11 36 13 42 33 19 39 29 7 39 9 13 35 22 37 24 18 0 44 18 16 25 34 27 35 22 37 24 25 9 35 25 34 16 18 14 1 32 4 20 40 19 29 18 33 7 24 27 9 14 38 14 5 21 40 26 27 21 15 33 10 38 12 14 19 5 12 23 27 19 36 38 17 38 19 39 20 7 26 23 21 20 19 18 33 39 6 42 37
34 31 27 49 13 39 30 9 24 9 23 30 53 18 40 5 11 26 5 19 38 15 37 41 16 34 12 44 32 44 0 39 34 20 38 37 31 58 22 37 41 48 16 26 11 29 27 33 43 14 41 41 34 29 38 33 34 37 44 30 51 50 14 47 41 44 29 31 25 38 38 17 46 38 38 53 44 41 35 34 24 29 23 10 55 7 43 34 35 51 20 41 25 44 44 47 22 8 38 6 8
15 19 34 10 30 4 12 36 32 43 19 29 21 40 27 36 29 25 35 20 18 28 11 27 39 35 37 38 8 18 39 0 8 20 16 9 19 19 23 6 7 27 24 13 31 17 22 10 18 25 15 2 24 12 11 6 16 18 6 39 20 15 42 31 20 5 25 11 15 3 3 36 13 20 6 19 5 13 8 6 15 11 21 29 20 32 4 23 34 21 20 37 16 5 33 9 40 38 17 40 35
17 11 26 16 26 5 4 29 24 36 17 21 22 33 22 30 23 17 29 15 13 23 7 22 32 27 30 33 2 16 34 8 0 14 19 12 19 25 21 10 14 24 19 9 25 9 14 2 15 19 12 10 24 5 14 2 17 12 14 31 21 17 35 26 16 13 24 10 11 9 5 29 14 22 6 21 11 11 4 7 11 4 20 25 22 26 10 23 26 21 13 31 9 11 28 14 32 31 12 34 28
22 12 17 30 16 19 10 15 14 22 13 15 33 21 22 17 10 10 15 4 19 14 17 23 19 22 17 31 13 25 20 20 14 0 26 22 21 38 15 21 25 30 10 10 11 9 8 13 24 7 21 22 25 9 24 14 22 18 26 22 31 30 22 29 22 25 21 16 10 21 19 17 26 27 18 33 25 21 15 18 8 10 15 13 35 13 24 25 22 31 1 28 5 25 29 27 21 17 19 20 15
4 30 42 24 25 20 22 39 39 46 15 39 36 47 42 33 32 33 33 23 33 23 27 42 45 45 42 53 19 34 38 16 19 26 0 7 7 34 16 10 11 43 22 16 35 26 31 21 34 27 31 16 9 21 5 17 4 31 15 47 36 30 47 45 35 18 12 10 16 13 19 43 29 4 22 34 20 29 23 12 18 20 15 28 35 31 19 8 44 37 25 50 23 19 47 24 47 41 31 42 38
6 23 37 18 25 13 16 35 35 42 14 32 30 43 35 32 28 28 32 19 26 23 20 35 41 39 38 46 12 27 37 9 12 22 7 0 10 28 16 3 5 36 21 12 31 20 25 14 27 24 24 10 15 15 2 10 7 24 9 42 29 24 43 38 28 12 16 6 12 6 12 39 22 11 15 28 14 22 16 5 14 14 15 27 29 30 13 14 38 30 21 43 19 13 40 18 43 37 24 39 34
4 28 38 28 18 22 20 33 35 40 9 35 40 41 40 26 26 30 27 17 32 16 26 41 39 42 36 51 17 35 31 19 19 21 7 10 0 38 9 13 15 43 16 13 29 24 27 21 34 21 31 20 5 19 9 16 3 31 19 43 39 34 41 45 35 22 6 8 12 16 21 37 32 7 24 38 24 29 22 13 13 18 8 22 39 25 23 5 42 39 20 48 20 23 47 28 41 35 31 36 32
34 31 45 10 50 20 28 53 45 60 39 39 12 56 35 55 47 38 53 40 26 48 22 35 53 43 54 46 27 22 58 19 25 38 34 28 38 0 42 25 23 30 43 32 49 31 35 24 22 44 21 18 43 29 29 25 35 26 19 48 14 8 56 36 27 16 44 30 34 22 20 51 12 38 19 8 14 19 21 25 34 28 40 48 5 51 15 42 42 16 37 45 33 15 41 11 52 55 25 58 52
12 25 32 33 9 25 20 24 29 31 4 31 43 32 37 17 17 25 18 11 32 7 28 38 30 37 27 46 19 37 22 23 21 15 16 16 9 42 0 18 21 43 7 12 20 22 23 23 36 12 33 24 12 18 17 19 12 31 25 37 42 37 32 44 35 27 7 11 10 19 24 28 35 16 27 41 27 32 25 16 10 18 1 13 42 16 26 12 37 42 14 43 17 26 44 31 33 26 31 27 23
9 21 36 15 26 10 14 35 34 42 15 31 27 42 33 33 28 27 32 19 24 24 17 33 40 37 37 44 10 24 37 6 10 21 10 3 13 25 18 0 4 33 22 11 31 19 24 12 24 24 21 7 18 14 5 8 10 22 7 41 26 21 42 36 26 9 19 7 12 3 9 38 19 14 12 25 11 19 13 3 13 13 17 27 26 30 10 17 36 27 20 41 18 10 38 15 42 37 22 39 34
11 25 40 13 30 11 18 39 38 46 19 35 26 46 34 37 32 31 36 23 25 28 18 34 44 41 41 45 14 25 41 7 14 25 11 5 15 23 21 4 0 34 26 15 35 23 28 16 25 28 22 6 20 18 6 12 12 25 4 45 25 19 46 38 27 7 21 11 16 5 10 42 18 15 13 23 9 20 15 7 17 17 20 31 24 34 8 19 40 26 24 44 22 8 40 13 46 41 24 43 38
41 18 23 29 46 23 23 40 25 45 39 19 18 35 9 47 38 22 44 34 11 44 17 8 35 18 38 16 26 9 48 27 24 30 43 36 43 30 43 33 34 0 40 31 37 21 22 22 10 37 12 29 48 25 38 26 41 12 33 24 16 22 38 6 8 30 48 34 33 30 24 33 19 46 21 22 28 14 21 31 33 25 42 43 25 43 28 47 17 14 31 16 26 29 11 27 32 42 11 45 40
18 22 26 35 6 24 18 17 22 24 7 25 41 25 32 11 10 20 11 6 29 4 26 33 23 32 20 41 17 35 16 24 19 10 22 21 16 43 7 22 26 40 0 10 13 19 18 21 34 5 31 25 19 16 22 17 18 28 28 30 40 35 25 39 32 28 14 15 10 22 22 21 33 23 25 39 28 30 23 18 8 16 8 6 40 9 27 19 32 40 9 38 14 28 39 31 26 19 29 20 16
13 15 26 23 17 13 8 24 23 31 8 22 31 31 27 22 17 17 21 7 20 14 16 28 29 29 26 38 7 25 26 13 9 10 16 12 13 32 12 11 15 31 10 0 19 11 15 11 24 12 21 15 18 6 14 7 13 19 17 31 30 25 31 33 23 18 17 6 2 11 12 27 23 18 15 29 18 20 13 8 2 6 11 16 30 19 17 18 29 30 9 35 8 18 34 21 31 25 19 27 22
31 21 16 41 14 30 21 4 13 11 20 19 44 12 29 10 3 15 7 12 27 14 28 30 10 23 7 33 23 34 11 31 25 11 35 31 29 49 20 31 35 37 13 19 0 19 16 24 33 8 31 33 32 20 33 25 31 26 36 21 42 41 12 36 30 36 27 25 19 30 30 9 37 36 29 44 36 31 26 27 17 20 21 9 46 7 35 32 24 41 11 30 16 36 33 38 14 6 27 9 4
23 3 17 24 25 13 5 23 15 30 18 12 25 25 15 26 18 8 24 13 10 23 9 16 23 19 24 26 9 16 29 17 9 9 26 20 24 31 22 19 23 21 19 11 19 0 5 7 15 16 12 19 29 5 22 11 24 9 23 22 23 22 26 22 13 22 27 16 13 18 14 21 18 29 11 25 20 12 9 16 12 6 21 22 27 22 19 29 18 22 10 24 5 20 22 20 23 25 10 28 23
28 5 12 29 24 18 10 19 10 26 20 8 28 20 14 25 16 3 22 12 11 22 13 15 19 15 19 24 14 18 27 22 14 8 31 25 27 35 23 24 28 22 18 15 16 5 0 12 17 15 15 24 32 10 27 16 28 10 28 17 26 26 22 21 14 27 29 20 16 23 19 17 22 33 16 29 25 16 14 21 14 11 23 21 31 21 24 32 15 25 9 21 7 25 21 25 18 21 11 24 20
19 9 24 17 27 6 3 28 22 35 19 19 20 32 19 30 22 15 28 15 11 25 5 20 30 25 29 30 4 14 33 10 2 13 21 14 21 24 23 12 16 22 21 11 24 7 12 0 13 19 10 12 26 5 16 4 19 10 16 29 19 16 33 24 13 15 26 12 13 11 7 28 12 24 4 19 13 9 2 9 13 5 22 25 21 26 12 25 24 19 13 29 8 13 26 13 30 30 10 33 28
32 12 24 20 40 14 16 36 24 43 32 18 12 35 13 41 32 18 38 28 6 38 8 13 34 22 36 24 17 1 43 18 15 24 34 27 34 22 36 24 25 10 34 24 33 15 17 13 0 31 3 20 39 18 29 17 32 6 23 27 10 14 37 14 5 21 39 25 26 21 15 32 10 37 12 14 19 5 12 22 26 18 35 37 17 37 18 38 20 8 25 23 20 19 19 17 32 38 5 41 36
23 19 20 35 9 24 16 12 17 19 12 20 39 20 29 11 5 15 9 5 26 8 24 30 18 27 15 36 18 32 14 25 19 7 27 24 21 44 12 24 28 37 5 12 8 16 15 19 31 0 28 27 24 15 25 19 23 25 29 25 38 35 20 36 29 30 19 18 12 23 24 16 31 28 23 38 30 27 21 20 10 15 13 6 40 7 29 24 27 37 6 33 11 30 34 32 21 14 26 16 11
29 10 23 19 37 11 13 34 23 41 29 17 13 34 14 38 30 17 36 25 5 35 5 14 33 22 34 25 14 4 41 15 12 21 31 24 31 21 33 21 22 12 31 21 31 12 15 10 3 28 0 17 36 15 26 14 29 5 21 27 11 13 36 17 6 19 36 22 23 18 12 31 9 34 9 15 16 2 9 19 23 15 32 34 18 34 16 35 21 10 22 24 17 17 20 16 31 36 4 39 35
16 21 36 8 32 6 14 38 34 45 20 31 20 42 29 37 31 27 36 22 20 29 13 29 41 37 39 40 10 20 41 2 10 22 16 10 20 18 24 7 6 29 25 15 33 19 24 12 20 27 17 0 25 14 11 8 17 20 4 41 20 14 44 33 22 3 26 12 17 4 5 38 13 20 8 18 4 15 10 7 17 13 22 31 19 34 3 24 36 21 22 39 18 3 35 8 42 39 19 42 37
9 33 43 33 21 27 25 36 39 43 13 40 45 44 45 29 29 35 30 21 37 19 31 46 42 47 39 56 22 40 34 24 24 25 9 15 5 43 12 18 20 48 19 18 32 29 32 26 39 24 36 25 0 24 14 21 8 36 24 47 44 39 44 50 39 27 5 13 17 21 26 40 37 6 29 43 29 34 27 18 18 23 11 25 44 28 28 1 47 44 24 53 25 28 51 33 45 38 36 39 35
18 8 22 21 22 10 2 24 20 31 14 17 25 28 20 25 18 13 24 10 14 20 10 21 27 24 25 31 4 19 29 12 5 9 21 15 19 29 18 14 18 25 16 6 20 5 10 5 18 15 15 14 24 0 17 6 18 13 18 27 24 21 30 27 16 17 23 11 8 13 10 24 17 23 9 24 16 14 7 11 8 1 17 20 26 22 15 24 23 24 9 29 4 16 27 18 28 26 13 29 24
5 25 39 19 26 15 18 37 37 44 15 34 31 45 37 33 30 30 33 21 28 24 22 37 43 41 40 48 14 29 38 11 14 24 5 2 9 29 17 5 6 38 22 14 33 22 27 16 29 25 26 11 14 17 0 12 6 26 10 44 31 25 45 40 29 13 15 8 14 8 14 41 24 9 17 29 15 24 18 7 16 16 16 28 30 31 14 13 40 32 23 45 21 14 42 19 45 39 26 41 36
14 13 28 16 24 6 6 29 26 36 15 23 24 34 24 29 23 19 28 14 15 21 9 24 33 29 31 35 2 18 33 6 2 14 17 10 16 25 19 8 12 26 17 7 25 11 16 4 17 19 14 8 21 6 12 0 15 14 12 33 23 18 36 28 17 11 22 8 9 7 5 30 16 20 8 22 11 13 6 5 9 5 18 23 23 26 10 21 28 23 14 33 10 11 30 14 34 31 14 34 29
1 27 39 25 21 19 19 35 36 42 11 35 37 43 39 29 28 30 29 19 30 19 24 39 41 42 38 50 16 33 34 16 17 22 4 7 3 35 12 10 12 41 18 13 31 24 28 19 32 23 29 17 8 18 6 15 0 29 16 44 36 31 43 43 32 19 9 7 12 13 18 39 29 5 21 35 21 28 21 10 14 17 11 24 36 27 20 7 41 36 21 47 20 20 45 25 43 37 29 38 34
29 6 17 24 34 14 11 29 18 36 27 12 18 29 9 35 26 12 32 22 1 32 7 10 28 17 29 20 14 7 37 18 12 18 31 24 31 26 31 22 25 12 28 19 26 9 10 10 6 25 5 20 36 13 26 14 29 0 24 22 16 18 31 14 4 23 36 22 21 21 15 26 14 34 12 20 21 7 11 19 21 13 30 31 23 31 20 35 16 14 19 19 14 21 16 21 26 31 1 34 30
15 25 40 9 33 10 18 41 38 48 22 35 22 46 33 40 35 31 39 25 24 31 17 33 45 41 43 44 14 24 44 6 14 26 15 9 19 19 25 7 4 33 28 17 36 23 28 16 23 29 21 4 24 18 10 12 16 24 0 45 22 15 48 37 26 3 25 13 18 5 9 42 15 19 12 19 5 19 14 8 19 17 23 33 20 36 5 23 40 23 25 43 22 5 39 9 46 42 23 44 39
44 20 5 45 34 35 27 21 8 25 34 10 39 13 15 31 23 14 28 26 22 33 28 16 15 6 18 15 31 27 30 39 31 22 47 42 43 48 37 41 45 24 30 31 21 22 17 29 27 25 27 41 47 27 44 33 44 22 45 0 36 40 18 20 22 44 43 36 32 40 36 13 36 49 33 41 42 29 31 38 30 28 37 29 44 28 41 47 7 34 23 12 23 42 16 42 9 22 23 25 22
35 21 33 15 46 17 22 45 34 52 38 28 2 45 22 49 41 28 46 34 16 44 14 22 44 31 45 32 23 9 51 20 21 31 36 29 39 14 42 26 25 16 40 30 42 23 26 19 10 38 11 20 44 24 31 23 36 16 22 36 0 7 47 22 14 19 45 31 32 23 18 42 7 40 15 6 17 11 17 26 32 24 41 44 9 44 17 43 29 2 32 31 27 18 27 13 42 47 15 50 46
30 22 36 8 42 12 20 45 36 52 33 30 7 47 27 47 39 29 45 32 18 39 13 27 44 35 45 38 19 14 50 15 17 30 30 24 34 8 37 21 19 22 35 25 41 22 26 16 14 35 13 14 39 21 25 18 31 18 15 40 7 0 47 28 19 12 40 26 27 18 13 42 4 34 11 4 10 11 13 21 27 20 36 41 5 42 11 38 34 9 29 37 24 11 33 6 43 46 17 49 44
43 27 16 51 23 40 31 8 13 7 32 19 49 5 29 17 15 19 15 24 32 25 34 30 3 23 5 33 34 38 14 42 35 22 47 43 41 56 32 42 46 38 25 31 12 26 22 33 37 20 36 44 44 30 45 36 43 31 48 18 47 47 0 36 33 47 39 37 31 42 40 5 43 48 37 50 46 37 35 39 29 31 33 19 52 16 45 44 24 45 22 30 25 46 33 46 9 7 32 8 9
43 19 20 34 45 28 25 38 23 43 40 17 24 32 7 46 37 21 43 33 14 43 20 6 33 14 36 10 28 14 47 31 26 29 45 38 45 36 44 36 38 6 39 33 36 22 21 24 14 36 17 33 50 27 40 28 43 14 37 20 22 28 36 0 11 35 49 36 35 34 28 31 24 48 25 28 33 19 24 33 34 27 43 42 31 42 32 49 13 20 30 10 27 33 5 31 28 40 14 43 39
33 10 19 25 38 16 15 33 20 40 31 14 16 31 8 39 30 15 36 26 3 36 9 8 30 16 33 19 18 5 41 20 16 22 35 28 35 27 35 26 27 8 32 23 30 13 14 13 5 29 6 22 39 16 29 17 32 4 26 22 14 19 33 11 0 25 39 25 24 23 17 28 15 37 14 19 22 8 13 22 24 17 33 35 22 35 22 38 15 12 23 18 18 23 14 22 28 35 3 38 33
18 24 39 6 35 9 17 41 37 48 23 34 19 45 32 40 34 30 39 25 23 32 16 32 44 40 42 43 13 21 44 5 13 25 18 12 22 16 27 9 7 30 28 18 36 22 27 15 21 30 19 3 27 17 13 11 19 23 3 44 19 12 47 35 25 0 28 15 20 7 8 41 12 22 11 16 2 16 13 10 20 16 25 34 17 37 3 26 39 20 25 42 21 2 38 6 45 42 22 45 40
10 31 39 34 16 28 25 31 35 38 9 37 46 39 43 24 24 32 25 17 37 14 31 44 37 43 34 52 23 40 29 25 24 21 12 16 6 44 7 19 21 48 14 17 27 27 29 26 39 19 36 26 5 23 15 22 9 36 25 43 45 40 39 49 39 28 0 14 15 22 27 35 38 10 30 44 30 35 28 19 15 23 7 20 45 23 29 5 43 45 20 49 22 29 49 34 40 33 36 34 30
7 19 31 21 19 14 12 29 29 36 8 28 32 37 31 26 22 22 26 13 23 17 17 32 35 34 32 42 9 26 31 11 10 16 10 6 8 30 11 7 11 34 15 6 25 16 20 12 25 18 22 12 13 11 8 8 7 22 13 36 31 26 37 36 25 15 14 0 6 8 13 33 24 12 16 30 16 21 14 5 8 10 10 21 31 24 15 13 34 31 15 40 13 15 38 20 37 31 22 33 28
12 16 27 25 15 15 10 23 24 30 6 23 33 31 28 21 16 18 20 7 22 13 18 29 29 30 26 39 9 27 25 15 11 10 16 12 12 34 10 12 16 33 10 2 19 13 16 13 26 12 23 17 17 8 14 9 12 21 18 32 32 27 31 35 24 20 15 6 0 13 14 27 25 17 17 31 20 22 15 10 2 8 9 16 32 18 19 17 30 32 9 36 9 20 35 23 31 25 21 27 22
12 20 35 12 27 7 13 36 33 43 16 30 24 41 30 34 29 26 33 19 21 25 14 30 40 36 38 41 9 21 38 3 9 21 13 6 16 22 19 3 5 30 22 11 30 18 23 11 21 23 18 4 21 13 8 7 13 21 5 40 23 18 42 34 23 7 22 8 13 0 6 37 16 17 9 22 8 16 10 3 13 12 18 27 23 30 7 20 35 24 20 40 17 7 36 12 41 36 20 38 33
17 16 31 11 29 1 9 34 29 41 20 26 19 38 24 34 28 22 33 19 15 26 8 24 37 32 35 35 7 15 38 3 5 19 19 12 21 20 24 9 10 24 22 12 30 14 19 7 15 24 12 5 26 10 14 5 18 15 9 36 18 13 40 28 17 8 27 13 14 6 0 34 11 23 3 17 6 10 5 8 14 9 23 28 18 31 5 25 31 18 18 34 14 6 30 9 37 36 14 39 33
39 21 11 45 23 34 25 8 8 12 28 14 44 4 24 18 12 14 15 20 27 23 29 25 2 18 5 28 28 33 17 36 29 17 43 39 37 51 28 38 42 33 21 27 9 21 17 28 32 16 31 38 40 24 41 30 39 26 42 13 42 42 5 31 28 41 35 33 27 37 34 0 38 44 32 45 40 32 30 35 25 25 29 18 47 16 39 40 19 40 18 25 20 40 28 41 5 9 27 12 9
28 17 31 10 40 10 16 41 31 48 31 26 8 42 23 43 35 24 41 28 14 37 9 23 40 31 41 34 16 10 46 13 14 26 29 22 32 12 35 19 18 19 33 23 37 18 22 12 10 31 9 13 37 17 24 16 29 14 15 36 7 4 43 24 15 12 38 24 25 16 11 38 0 33 8 7 10 7 10 19 25 17 34 37 9 38 10 36 30 8 25 33 20 11 29 8 39 42 13 45 40
6 32 44 28 25 24 24 40 41 47 16 40 40 48 44 33 33 35 34 24 35 23 29 44 46 47 43 55 21 38 38 20 22 27 4 11 7 38 16 14 15 46 23 18 36 29 33 24 37 28 34 20 6 23 9 20 5 34 19 49 40 34 48 48 37 22 10 12 17 17 23 44 33 0 26 38 24 33 26 15 19 22 15 29 39 32 23 5 46 41 26 52 25 23 50 28 48 42 34 43 39
20 13 28 12 32 2 8 33 27 40 23 23 16 37 21 35 27 19 33 20 12 29 5 21 35 29 34 32 8 12 38 6 6 18 22 15 24 19 27 12 13 21 25 15 29 11 16 4 12 23 9 8 29 9 17 8 21 12 12 33 15 11 37 25 14 11 30 16 17 9 3 32 8 26 0 15 9 7 2 11 17 9 26 29 16 30 8 28 28 15 17 31 12 9 27 9 34 34 11 37 32
34 24 38 11 46 16 23 48 38 55 37 32 4 49 27 50 42 31 48 35 20 43 16 27 47 36 48 38 23 14 53 19 21 33 34 28 38 8 41 25 23 22 39 29 44 25 29 19 14 38 15 18 43 24 29 22 35 20 19 41 6 4 50 28 19 16 44 30 31 22 17 45 7 38 15 0 14 14 17 25 31 24 40 44 3 45 15 42 34 8 32 37 27 15 33 10 46 49 19 52 47
20 22 37 5 35 7 15 40 35 47 24 32 17 44 30 40 34 28 39 25 21 32 14 30 43 38 41 41 13 19 44 5 11 25 20 14 24 14 27 11 9 28 28 18 36 20 25 13 19 30 16 4 29 16 15 11 21 21 5 42 17 10 46 33 22 2 30 16 20 8 6 40 10 24 9 14 0 14 11 11 20 15 26 34 15 37 1 28 37 18 24 40 20 1 36 4 43 42 20 45 39
27 11 24 17 36 9 12 35 25 42 28 19 13 36 16 38 30 18 36 24 7 34 4 16 34 24 35 27 13 5 41 13 11 21 29 22 29 19 32 19 20 14 30 20 31 12 16 9 5 27 2 15 34 14 24 13 28 7 19 29 11 11 37 19 8 16 35 21 22 16 10 32 7 33 7 14 14 0 7 18 22 14 31 33 16 34 14 34 23 10 21 26 16 15 22 14 33 37 6 40 35
20 11 26 14 29 4 5 30 24 37 21 21 18 34 20 32 24 17 30 17 11 27 4 20 32 27 31 31 6 12 35 8 4 15 23 16 22 21 25 13 15 21 23 13 26 9 14 2 12 21 9 10 27 7 18 6 21 11 14 31 17 13 35 24 13 13 28 14 15 10 5 30 10 26 2 17 11 7 0 11 15 7 24 27 18 28 10 27 26 17 15 30 10 11 26 11 32 32 10 35 30
9 18 33 15 24 9 11 32 31 39 13 28 27 39 29 30 25 24 29 15 20 22 14 29 37 34 34 40 7 23 34 6 7 18 12 5 13 25 16 3 7 31 18 8 27 16 21 9 22 20 19 7 18 11 7 5 10 19 8 38 26 21 39 33 22 10 19 5 10 3 8 35 19 15 11 25 11 18 11 0 10 10 15 24 26 27 10 17 33 26 17 38 15 10 35 15 39 33 19 35 30
14 15 25 25 14 15 10 21 22 28 6 22 33 29 27 19 14 16 19 5 22 12 18 28 27 28 24 37 9 27 24 15 11 8 18 14 13 34 10 13 17 33 8 2 17 12 14 13 26 10 23 17 18 8 16 9 14 21 19 30 32 27 29 34 24 20 15 8 2 13 14 25 25 19 17 31 20 22 15 10 0 8 9 14 32 17 19 18 28 32 7 34 7 20 34 23 29 23 21 25 20
17 9 23 20 22 9 2 25 21 32 14 18 25 29 21 26 18 14 24 11 14 20 10 22 28 25 26 32 3 19 29 11 4 10 20 14 18 28 18 13 17 25 16 6 20 6 11 5 18 15 15 13 23 1 16 5 17 13 17 28 24 20 31 27 17 16 23 10 8 12 9 25 17 22 9 24 15 14 7 10 8 0 17 21 25 22 14 23 24 24 9 30 5 15 28 18 29 26 14 29 24
11 24 32 31 10 24 19 25 29 32 3 31 42 33 36 18 18 25 19 11 31 8 27 37 31 37 28 46 18 36 23 21 20 15 15 15 8 40 1 17 20 42 8 11 21 21 23 22 35 13 32 22 11 17 16 18 11 30 23 37 41 36 33 43 33 25 7 10 9 18 23 29 34 15 26 40 26 31 24 15 9 17 0 14 41 17 25 11 37 41 14 43 16 25 43 30 34 27 30 28 24
24 25 24 39 5 29 22 11 21 18 13 26 45 20 35 5 6 21 5 10 32 6 30 36 18 31 14 41 23 38 10 29 25 13 28 27 22 48 13 27 31 43 6 16 9 22 21 25 37 6 34 31 25 20 28 23 24 31 33 29 44 41 19 42 35 34 20 21 16 27 28 18 37 29 29 44 34 33 27 24 14 21 14 0 45 3 33 25 32 43 12 38 17 34 40 37 23 13 32 14 10
35 26 40 11 47 17 25 50 40 57 38 35 7 51 30 52 44 33 50 37 23 44 18 30 49 39 50 41 24 17 55 20 22 35 35 29 39 5 42 26 24 25 40 30 46 27 31 21 17 40 18 19 44 26 30 23 36 23 20 44 9 5 52 31 22 17 45 31 32 23 18 47 9 39 16 3 15 16 18 26 32 25 41 45 0 46 16 43 37 11 33 40 28 16 36 11 48 50 22 53 48
27 25 23 42 7 31 23 8 20 15 16 25 46 17 35 4 5 21 2 12 32 9 30 36 15 30 11 40 25 38 7 32 26 13 31 30 25 51 16 30 34 43 9 19 7 22 21 26 37 7 34 34 28 22 31 26 27 31 36 28 44 42 16 42 35 37 23 24 18 30 31 16 38 32 30 45 37 34 28 27 17 22 17 3 46 0 36 28 31 44 13 37 18 37 39 39 21 10 32 11 7
19 21 36 6 34 6 14 39 34 46 23 31 18 43 29 39 33 27 38 24 20 31 13 29 42 37 40 40 12 19 43 4 10 24 19 13 23 15 26 10 8 28 27 17 35 19 24 12 18 29 16 3 28 15 14 10 20 20 5 41 17 11 45 32 22 3 29 15 19 7 5 39 10 23 8 15 1 14 10 10 19 14 25 33 16 36 0 27 36 18 23 39 19 1 35 5 42 40 19 43 38
8 32 42 32 21 26 25 36 39 43 13 40 44 44 44 29 29 34 30 21 36 19 30 45 42 46 39 55 22 39 34 23 23 25 8 14 5 42 12 17 19 47 19 18 32 29 32 25 38 24 35 24 1 24 13 21 7 35 23 47 43 38 44 49 38 26 5 13 17 20 25 40 36 5 28 42 28 34 27 17 18 23 11 25 43 28 27 0 46 43 24 52 25 27 51 32 45 38 35 39 35
41 15 8 40 36 30 23 26 11 31 35 7 31 19 8 34 26 12 31 26 16 35 23 9 21 1 24 9 27 20 35 34 26 22 44 38 42 42 37 36 40 17 32 29 24 18 15 24 20 27 21 36 47 23 40 28 41 16 40 7 29 34 24 13 15 39 43 34 30 35 31 19 30 46 28 34 37 23 26 33 28 24 37 32 37 31 36 46 0 27 23 6 21 37 9 37 15 28 17 31 27
35 20 31 17 46 17 22 44 32 51 38 26 4 43 20 48 40 26 46 34 14 44 14 20 42 29 44 30 23 7 51 21 21 31 37 30 39 16 42 27 26 14 40 30 41 22 25 19 8 37 10 21 44 24 32 23 36 14 23 34 2 9 45 20 12 20 45 31 32 24 18 40 8 41 15 8 18 10 17 26 32 24 41 43 11 44 18 43 27 0 31 29 26 19 25 15 40 45 13 48 44
21 13 18 29 15 18 10 15 15 22 11 16 33 22 23 17 9 11 15 3 20 13 18 24 20 23 18 32 12 26 20 20 13 1 25 21 20 37 14 20 24 31 9 9 11 10 9 13 25 6 22 22 24 9 23 14 21 19 25 23 32 29 22 30 23 25 20 15 9 20 18 18 25 26 17 32 24 21 15 17 7 9 14 12 33 13 23 24 23 31 0 29 5 24 30 26 22 17 20 20 15
47 21 14 43 42 33 29 32 17 37 41 13 33 25 10 40 32 18 37 32 19 41 26 10 27 7 30 3 33 23 41 37 31 28 50 43 48 45 43 41 44 16 38 35 30 24 21 29 23 33 24 39 53 29 45 33 47 19 43 12 31 37 30 10 18 42 49 40 36 40 34 25 33 52 31 37 40 26 30 38 34 30 43 38 40 37 39 52 6 29 29 0 27 40 5 40 21 34 20 37 33
20 8 18 25 20 14 5 20 16 27 13 14 28 24 20 22 14 9 20 8 15 18 13 21 22 21 21 30 8 21 25 16 9 5 23 19 20 33 17 18 22 26 14 8 16 5 7 8 20 11 17 18 25 4 21 10 20 14 22 23 27 24 25 27 18 21 22 13 9 17 14 20 20 25 12 27 20 16 10 15 7 5 16 17 28 18 19 25 21 26 5 27 0 20 27 21 24 22 15 25 20
19 22 37 5 34 7 15 40 35 47 23 32 18 44 30 40 34 28 39 25 21 32 14 30 43 38 41 41 13 20 44 5 11 25 19 13 23 15 26 10 8 29 28 18 36 20 25 13 19 30 17 3 28 16 14 11 20 21 5 42 18 11 46 33 23 2 29 15 20 7 6 40 11 23 9 15 1 15 11 10 20 15 25 34 16 37 1 27 37 19 24 40 20 0 36 5 43 41 20 44 39
46 19 17 39 43 29 27 35 20 40 40 14 29 28 7 43 34 19 40 33 15 42 22 6 30 10 33 5 30 19 44 33 28 29 47 40 47 41 44 38 40 11 39 34 33 22 21 26 19 34 20 35 51 27 42 30 45 16 39 16 27 33 33 5 14 38 49 38 35 36 30 28 29 50 27 33 36 22 26 35 34 28 43 40 36 39 35 51 9 25 30 5 27 36 0 36 24 37 16 40 36
24 22 37 3 38 9 17 42 36 49 28 32 13 46 30 43 36 28 42 28 21 35 14 30 44 38 43 41 16 18 47 9 14 27 24 18 28 11 31 15 13 27 31 21 38 20 25 13 17 32 16 8 33 18 19 14 25 21 9 42 13 6 46 31 22 6 34 20 23 12 9 41 8 28 9 10 4 14 11 15 23 18 30 37 11 39 5 32 37 15 26 40 21 5 36 0 43 43 20 46 41
43 22 9 47 28 36 28 13 8 16 32 14 44 4 23 23 17 15 20 24 27 28 30 24 6 14 10 24 32 33 22 40 32 21 47 43 41 52 33 42 46 32 26 31 14 23 18 30 32 21 31 42 45 28 45 34 43 26 46 9 42 43 9 28 28 45 40 37 31 41 37 5 39 48 34 46 43 33 32 39 29 29 34 23 48 21 42 45 15 40 22 21 24 43 24 43 0 14 27 16 14
37 26 20 47 17 36 27 2 17 5 26 23 49 10 33 10 9 20 8 18 32 19 34 34 8 27 4 37 30 39 8 38 31 17 41 37 35 55 26 37 41 42 19 25 6 25 21 30 38 14 36 39 38 26 39 31 37 31 42 22 47 46 7 40 35 42 33 31 25 36 36 9 42 42 34 49 42 37 32 33 23 26 27 13 50 10 40 38 28 45 17 34 22 41 37 43 14 0 32 3 3
29 7 18 23 35 13 12 30 19 37 27 13 17 30 10 36 27 13 33 23 1 33 6 10 29 18 30 21 14 6 38 17 12 19 31 24 31 25 31 22 24 11 29 19 27 10 11 10 5 26 4 19 36 13 26 14 29 1 23 23 15 17 32 14 3 22 36 22 21 20 14 27 13 34 11 19 20 6 10 19 21 14 30 32 22 32 19 35 17 13 20 20 15 20 16 20 27 32 0 35 31
38 29 23 50 18 39 30 5 20 4 27 26 52 12 36 10 11 23 9 20 35 20 37 37 10 30 7 40 32 42 6 40 34 20 42 39 36 58 27 39 43 45 20 27 9 28 24 33 41 16 39 42 39 29 41 34 38 34 44 25 50 49 8 43 38 45 34 33 27 38 39 12 45 43 37 52 45 40 35 35 25 29 28 14 53 11 43 39 31 48 20 37 25 44 40 46 16 3 35 0 5
34 25 19 44 14 33 25 1 16 8 23 22 48 10 32 9 6 18 6 15 31 16 32 33 8 26 4 36 27 37 8 35 28 15 38 34 32 52 23 34 38 40 16 22 4 23 20 28 36 11 35 37 35 24 36 29 34 30 39 22 46 44 9 39 33 40 30 28 22 33 33 9 40 39 32 47 39 35 30 30 20 24 24 10 48 7 38 35 27 44 15 33 20 39 36 41 14 3 31 5 0
0         1137     
114       282      
222       399      
504       676      
53        200      
498       661      
0         143      
289       414      
71        232      
810       999      
0         99       
214       390      
150       346      
285       398      
200       382      
53        180      
37        204      
105       282      
338       487      
8         191      
151       254      
0         173      
514       665      
651       829      
248       405      
228       377      
286       439      
672       828      
0         103      
157       361      
325       481      
9         118      
429       577      
95        222      
401       581      
712       873      
0         101      
600       754      
334       530      
0         130      
497       626      
663       817      
42        184      
0         129      
277       473      
88        238      
81        268      
425       636      
124       310      
64        194      
169       282      
478       622      
420       554      
454       569      
373       527      
0         141      
0         67       
105       289      
468       634      
216       379      
772       937      
185       334      
692       825      
600       782      
97        259      
475       627      
338       549      
0         173      
32        175      
0         139      
448       630      
245       434      
189       306      
406       536      
456       644      
176       329      
480       673      
126       317      
453       610      
0         159      
0         119      
0         149      
0         97       
6         213      
600       731      
45        213      
490       637      
366       525      
241       377      
175       334      
41        223      
227       392      
511       706      
474       656      
185       372      
497       645      
257       430      
262       425      
159       283      
337       507      
315       479      
