101
0 18 30 22 28 15 23 19 21 24 9 22 21 16 15 20 18 17 23 5 17 16 16 3 26 24 32 24 13 25 18 11 19 28 19 8 22 5 10 21 21 15 16 24 14 14 22 3 18 4 23 24 7 12 24 10 9 22 25 9 10 26 9 24 28 20 19 21 20 27 26 14 3 28 29 16 10 22 21 19 29 23 7 17 21 17 5 20 16 23 16 11 22 14 22 27 23 32 25 25 13
18 0 40 40 31 5 14 5 19 42 18 38 35 22 27 34 32 32 41 15 23 29 34 21 42 42 50 41 5 43 26 7 28 43 32 14 21 16 16 5 37 28 30 42 6 10 38 20 34 21 10 42 17 20 42 27 15 35 43 15 14 38 27 34 10 22 37 23 5 43 42 32 20 37 47 11 12 38 37 1 34 38 18 13 20 28 21 32 28 29 34 29 6 14 28 43 41 50 36 31 19
30 40 0 35 58 39 31 43 22 42 39 17 10 46 45 46 13 43 34 28 17 14 34 32 20 30 40 45 35 38 48 34 49 10 11 27 52 27 25 45 14 44 43 40 39 29 23 27 22 33 36 29 37 42 41 25 26 48 45 39 26 52 27 53 45 18 33 17 44 14 26 34 27 58 35 29 28 22 22 39 59 12 37 27 21 47 25 10 14 10 29 27 37 26 52 23 36 42 5 9 21
22 40 35 0 40 37 44 41 38 7 27 18 25 32 23 19 24 17 1 26 31 24 7 20 16 6 9 12 35 3 30 33 29 25 26 28 40 25 29 43 21 21 19 5 36 35 12 21 13 20 44 7 26 28 6 14 28 21 11 29 29 24 13 29 50 35 3 35 42 22 10 9 20 34 8 36 30 13 13 41 38 23 25 36 37 25 20 27 25 33 7 12 42 33 34 13 1 10 31 35 29
28 31 58 40 0 26 43 27 45 37 19 49 49 12 17 22 46 23 41 31 44 44 33 27 51 45 49 31 29 42 10 29 11 56 47 33 10 31 35 28 49 19 21 39 25 36 45 31 42 25 41 45 21 16 37 35 34 21 33 20 34 19 33 12 39 46 37 47 27 54 48 31 31 9 48 38 33 46 45 32 3 51 21 39 45 15 33 48 44 50 37 35 37 37 6 50 41 48 53 52 39
15 5 39 37 26 0 18 5 20 39 13 36 33 17 22 29 30 27 38 13 22 27 30 17 40 39 46 36 3 40 21 5 23 41 30 12 17 14 14 7 35 23 25 39 1 10 36 17 32 17 15 39 12 15 38 24 13 30 38 10 12 33 24 29 15 22 34 23 6 41 40 29 17 32 44 12 10 36 35 6 29 36 13 13 20 23 19 30 26 29 31 26 11 13 23 41 38 47 35 30 17
23 14 31 44 43 18 0 18 9 47 29 34 28 34 38 43 26 40 44 18 16 23 38 26 38 43 53 47 15 47 38 16 40 36 25 15 34 18 14 19 31 38 39 47 18 9 37 22 33 27 5 42 27 32 46 28 15 45 48 26 14 49 29 46 14 13 39 14 19 36 41 36 22 49 48 7 13 37 36 13 46 31 28 7 10 40 22 25 22 21 35 30 8 10 40 41 43 52 28 22 14
19 5 43 41 27 5 18 0 23 43 17 41 38 18 25 32 35 31 42 18 27 32 34 22 45 43 50 40 8 44 22 10 24 46 35 17 17 19 19 2 40 27 29 43 5 14 41 22 37 21 14 43 17 18 42 29 18 33 42 14 17 36 28 30 12 26 38 27 1 46 45 33 22 33 48 15 15 41 40 5 30 41 17 17 24 26 24 35 31 33 35 30 10 18 24 46 42 51 39 35 22
21 19 22 38 45 20 9 23 0 42 27 25 19 34 36 41 17 38 37 16 7 14 33 24 29 35 45 43 16 41 36 16 38 27 16 13 36 16 11 24 22 36 37 41 20 9 29 19 26 25 14 35 25 30 41 23 12 43 44 25 11 47 25 44 23 4 34 5 24 27 33 32 19 47 40 8 11 28 27 18 47 22 26 6 1 38 18 16 13 12 30 25 15 7 40 32 38 47 19 13 8
24 42 42 7 37 39 47 43 42 0 27 25 32 29 20 15 31 14 8 29 36 31 9 22 23 13 12 6 37 5 27 35 26 32 33 32 37 28 33 45 28 18 16 2 38 38 19 24 20 22 47 14 27 27 1 19 32 16 5 29 33 18 17 25 52 40 9 41 43 29 17 10 24 29 11 40 34 20 20 43 35 30 26 40 42 22 24 34 32 40 13 17 46 37 31 20 6 11 38 42 34
9 18 39 27 19 13 29 17 27 27 0 31 30 7 9 15 27 14 28 12 25 25 20 9 34 32 36 23 14 30 9 13 11 37 28 14 13 12 16 18 30 10 12 28 12 20 30 12 26 8 27 32 2 3 27 18 15 17 25 3 16 20 17 17 28 27 24 28 17 36 34 18 12 20 35 22 16 30 29 19 20 32 2 23 27 11 14 29 25 31 23 19 23 20 13 35 28 37 34 33 20
22 38 17 18 49 36 34 41 25 25 31 0 7 37 32 32 8 29 17 23 17 10 18 22 5 13 23 28 33 21 38 31 38 8 10 24 44 22 22 43 3 30 30 23 36 29 6 19 6 23 37 12 29 33 24 13 23 34 29 31 24 38 15 40 45 21 17 22 42 5 9 19 19 45 18 29 26 5 5 38 48 5 29 28 24 34 17 10 11 16 13 13 37 25 42 7 19 25 13 18 20
21 35 10 25 49 33 28 38 19 32 30 7 0 37 34 36 3 32 24 21 12 6 24 23 11 20 30 34 30 28 39 28 40 8 3 21 43 20 19 40 4 33 33 30 33 25 13 18 12 24 32 19 28 33 31 15 20 37 35 30 21 41 17 43 41 15 23 15 39 8 16 24 18 48 25 25 23 12 12 35 50 3 28 23 18 36 16 3 7 9 19 17 33 21 43 14 26 32 6 11 16
16 22 46 32 12 17 34 18 34 29 7 37 37 0 9 16 34 15 33 19 32 32 25 15 40 37 41 24 19 34 4 18 6 44 35 21 8 19 23 20 37 11 13 31 16 25 36 19 32 14 32 37 9 4 29 24 22 16 26 8 22 18 22 12 30 34 29 35 19 42 39 23 19 15 40 27 21 35 34 23 13 39 9 28 33 9 21 36 32 38 28 24 28 25 6 40 33 40 41 40 27
15 27 45 23 17 22 38 25 36 20 9 32 34 9 0 7 32 6 24 20 32 30 16 12 34 28 32 15 23 25 7 22 6 40 33 23 17 20 25 27 33 2 4 22 21 29 29 17 26 11 36 28 11 7 20 19 24 8 17 12 25 11 17 8 37 35 20 36 26 37 31 14 17 13 31 31 25 29 29 28 16 35 10 32 36 2 19 34 30 37 20 19 32 29 11 33 24 31 39 39 28
20 34 46 19 22 29 43 32 41 15 15 32 36 16 7 0 33 3 20 25 36 32 14 17 32 25 27 9 29 20 12 28 11 40 35 28 23 25 30 33 33 5 4 17 27 34 27 22 25 16 42 25 16 14 15 20 29 2 11 18 30 6 18 10 43 40 17 41 32 37 28 12 22 15 26 36 30 28 27 34 20 35 15 37 41 7 23 36 33 41 18 19 38 34 16 31 19 26 41 43 33
18 32 13 24 46 30 26 35 17 31 27 8 3 34 32 33 0 30 23 18 10 3 22 20 12 20 30 33 27 27 36 25 37 11 2 18 40 17 16 37 5 31 30 29 30 22 13 15 11 21 29 19 25 30 30 13 17 35 34 27 18 39 15 40 38 14 22 14 36 11 17 22 15 45 25 22 20 12 12 32 47 6 25 20 17 34 13 3 4 9 18 14 30 18 40 15 25 32 8 11 13
17 32 43 17 23 27 40 31 38 14 14 29 32 15 6 3 30 0 18 22 33 29 11 14 30 23 26 9 27 19 13 26 12 37 32 25 23 22 27 32 30 4 2 16 26 31 25 19 23 13 40 23 15 13 14 17 26 5 11 17 27 9 15 12 42 37 15 38 31 34 26 10 19 17 25 33 27 25 25 33 21 32 14 34 38 8 20 33 30 38 16 16 36 31 17 29 18 25 38 40 30
23 41 34 1 41 38 44 42 37 8 28 17 24 33 24 20 23 18 0 26 30 24 8 21 15 5 10 13 36 4 31 34 30 24 25 29 41 25 28 44 20 22 20 6 37 35 11 21 12 21 44 6 27 29 7 14 28 22 12 29 29 25 14 30 50 34 4 35 43 21 9 10 21 35 7 36 31 12 12 42 39 22 26 36 37 26 20 26 25 32 7 12 42 32 35 12 2 10 30 34 29
5 15 28 26 31 13 18 18 16 29 12 23 21 19 20 25 18 22 26 0 13 15 20 8 27 27 35 29 10 29 21 8 23 28 18 3 24 1 5 20 22 20 21 29 13 9 23 5 19 9 18 27 10 15 28 12 4 27 30 11 5 31 12 28 25 15 22 16 19 28 27 19 5 32 32 11 5 23 22 16 32 23 11 12 16 22 6 18 14 20 19 14 17 9 25 28 27 36 23 22 8
17 23 17 31 44 22 16 27 7 36 25 17 12 32 32 36 10 33 30 13 0 7 27 19 22 28 38 38 19 34 34 17 36 20 9 11 37 13 9 28 15 31 32 35 22 13 22 14 19 20 20 28 23 28 35 17 10 38 39 24 10 42 19 40 29 4 28 5 28 20 26 27 14 45 33 13 12 21 20 23 45 15 24 11 7 34 13 9 6 7 24 19 21 9 38 24 32 40 13 9 5
16 29 14 24 44 27 23 32 14 31 25 10 6 32 30 32 3 29 24 15 7 0 22 18 15 21 31 33 24 27 34 22 35 14 3 15 38 14 13 34 8 30 29 29 27 19 14 13 12 19 27 20 23 28 30 12 14 34 34 25 15 38 14 38 35 11 22 11 33 14 19 22 13 43 26 19 17 14 13 29 45 9 23 17 14 32 11 4 1 9 18 14 27 15 38 17 25 33 9 11 10
16 34 34 7 33 30 38 34 33 9 20 18 24 25 16 14 22 11 8 20 27 22 0 13 18 12 16 11 29 10 23 27 22 26 24 22 33 19 23 36 20 14 13 9 29 29 14 15 12 13 38 12 19 21 8 10 23 16 12 21 24 20 8 23 44 31 4 32 35 23 15 2 15 28 15 30 24 14 14 35 32 22 18 31 33 18 15 25 23 31 5 8 36 27 27 18 8 17 30 33 25
3 21 32 20 27 17 26 22 24 22 9 22 23 15 12 17 20 14 21 8 19 18 13 0 25 23 29 21 16 23 16 14 17 29 21 11 22 8 13 24 22 12 13 22 17 17 21 5 17 1 26 23 7 11 21 9 12 19 22 10 13 23 8 20 31 23 17 24 23 27 25 12 5 25 27 19 13 21 20 22 27 24 7 20 24 14 7 22 18 25 14 10 25 17 20 26 21 30 27 27 16
26 42 20 16 51 40 38 45 29 23 34 5 11 40 34 32 12 30 15 27 22 15 18 25 0 10 20 28 37 18 40 35 40 10 14 28 47 26 27 47 7 32 31 21 40 34 5 23 8 26 41 9 32 35 22 16 27 34 27 35 28 38 17 41 49 26 16 26 46 6 6 20 23 46 15 34 30 4 5 42 50 8 32 32 29 36 21 14 16 20 13 15 41 30 44 3 17 22 16 22 25
24 42 30 6 45 39 43 43 35 13 32 13 20 37 28 25 20 23 5 27 28 21 12 23 10 0 10 18 37 8 35 35 34 20 21 29 45 26 29 45 16 26 24 11 38 36 7 22 10 24 45 1 30 33 12 15 29 27 17 33 30 30 15 35 51 32 8 32 44 16 4 14 22 40 5 37 31 8 8 43 44 18 30 37 35 30 21 22 22 28 9 13 43 33 39 7 7 12 26 30 29
32 50 40 9 49 46 53 50 45 12 36 23 30 41 32 27 30 26 10 35 38 31 16 29 20 10 0 18 44 7 39 42 38 30 31 37 49 34 38 52 26 30 28 10 45 44 17 30 20 29 53 11 35 37 12 23 37 28 16 37 38 30 22 37 59 42 12 42 51 26 14 18 29 41 5 45 39 18 18 50 47 28 34 45 45 34 29 32 32 38 16 21 51 42 43 17 8 2 36 40 38
24 41 45 12 31 36 47 40 43 6 23 28 34 24 15 9 33 9 13 29 38 33 11 21 28 18 18 0 36 11 21 34 20 36 35 31 32 28 33 41 31 13 11 8 35 38 23 25 22 20 47 19 24 22 6 21 32 10 2 26 33 12 19 19 51 42 12 43 40 33 22 11 25 23 17 39 33 24 24 42 29 32 23 40 43 16 25 36 34 42 15 19 45 37 25 25 12 17 40 44 35
13 5 35 35 29 3 15 8 16 37 14 33 30 19 23 29 27 27 36 10 19 24 29 16 37 37 44 36 0 38 23 2 25 38 27 9 20 11 11 10 32 23 25 37 4 7 33 15 29 16 13 37 13 17 37 22 10 30 38 11 9 34 22 31 15 19 32 20 9 38 37 27 15 34 42 9 7 33 32 6 32 33 13 10 17 25 16 27 23 26 29 24 9 10 25 38 36 45 31 27 14
25 43 38 3 42 40 47 44 41 5 30 21 28 34 25 20 27 19 4 29 34 27 10 23 18 8 7 11 38 0 32 36 31 28 29 31 42 28 32 46 24 23 21 3 39 38 15 24 16 23 47 9 29 30 5 17 31 21 10 31 32 23 16 30 53 38 6 38 45 24 12 12 23 34 6 39 33 16 16 44 40 26 28 39 40 27 23 30 28 36 10 15 45 36 36 15 2 7 34 38 32
18 26 48 30 10 21 38 22 36 27 9 38 39 4 7 12 36 13 31 21 34 34 23 16 40 35 39 21 23 32 0 22 2 45 37 23 11 21 25 24 38 9 11 29 20 29 35 21 32 15 36 35 11 6 27 25 24 12 23 12 25 14 23 8 34 36 27 37 23 43 38 21 21 11 38 31 25 36 35 27 11 40 11 32 36 5 23 38 34 40 27 25 32 29 4 40 31 38 43 42 29
11 7 34 33 29 5 16 10 16 35 13 31 28 18 22 28 25 26 34 8 17 22 27 14 35 35 42 34 2 36 22 0 24 36 25 7 20 9 9 12 30 22 24 35 5 7 31 13 27 14 14 35 11 16 35 20 8 29 36 10 7 33 20 30 17 18 30 19 11 36 35 25 13 33 40 9 5 31 30 8 31 31 12 10 17 24 14 25 21 24 27 22 11 9 24 36 34 43 30 26 12
19 28 49 29 11 23 40 24 38 26 11 38 40 6 6 11 37 12 30 23 36 35 22 17 40 34 38 20 25 31 2 24 0 46 38 25 13 23 27 26 39 8 10 28 22 31 35 22 32 16 38 34 13 8 26 25 26 11 22 14 27 12 23 6 36 38 26 39 25 43 37 20 22 9 37 33 27 35 35 29 10 41 12 34 38 4 24 39 35 42 26 25 34 31 5 39 30 37 44 44 31
28 43 10 25 56 41 36 46 27 32 37 8 8 44 40 40 11 37 24 28 20 14 26 29 10 20 30 36 38 28 45 36 46 0 11 29 50 27 27 48 7 38 38 30 41 33 13 25 14 30 40 19 35 40 31 21 28 42 36 37 29 46 23 48 49 23 24 22 47 4 16 27 25 53 25 33 31 13 13 43 56 5 35 31 26 42 23 11 15 16 21 21 41 29 49 13 26 32 9 16 24
19 32 11 26 47 30 25 35 16 33 28 10 3 35 33 35 2 32 25 18 9 3 24 21 14 21 31 35 27 29 37 25 38 11 0 18 41 17 16 37 7 33 32 31 30 22 14 16 13 22 29 20 26 31 32 15 17 37 36 28 18 41 17 41 38 13 24 12 36 11 19 24 16 46 26 22 20 14 13 32 48 6 26 20 16 35 14 1 4 7 20 16 30 18 41 17 27 33 6 9 13
8 14 27 28 33 12 15 17 13 32 14 24 21 21 23 28 18 25 29 3 11 15 22 11 28 29 37 31 9 31 23 7 25 29 18 0 26 3 2 19 23 23 24 31 12 6 25 7 21 12 15 29 12 17 30 14 1 30 33 13 2 34 14 31 22 13 24 14 18 29 29 21 7 34 34 8 2 25 24 14 34 24 13 9 13 25 8 18 14 18 21 16 14 6 27 30 29 38 23 20 6
22 21 52 40 10 17 34 17 36 37 13 44 43 8 17 23 40 23 41 24 37 38 33 22 47 45 49 32 20 42 11 20 13 50 41 26 0 25 28 18 43 19 21 39 16 27 43 25 39 21 31 45 15 12 37 31 27 23 34 13 27 24 30 17 29 38 37 39 17 49 47 31 25 17 48 29 25 43 42 22 13 45 15 30 37 16 27 42 38 44 36 32 27 29 9 48 41 48 47 46 32
5 16 27 25 31 14 18 19 16 28 12 22 20 19 20 25 17 22 25 1 13 14 19 8 26 26 34 28 11 28 21 9 23 27 17 3 25 0 5 21 21 20 21 28 14 9 22 4 18 9 18 26 10 15 27 11 4 27 30 12 5 31 11 28 25 15 21 16 20 27 26 18 4 32 31 11 5 22 21 17 32 22 11 12 16 22 5 17 13 19 18 13 17 9 25 27 26 35 22 21 8
10 16 25 29 35 14 14 19 11 33 16 22 19 23 25 30 16 27 28 5 9 13 23 13 27 29 38 33 11 32 25 9 27 27 16 2 28 5 0 21 21 25 26 32 14 7 24 8 20 14 16 29 14 19 31 14 1 32 34 15 2 36 15 33 23 11 25 12 20 27 28 22 8 36 34 8 4 24 23 16 36 22 15 7 11 27 8 16 12 16 21 16 15 4 29 29 29 38 21 18 4
21 5 45 43 28 7 19 2 24 45 18 43 40 20 27 33 37 32 44 20 28 34 36 24 47 45 52 41 10 46 24 12 26 48 37 19 18 21 21 0 42 28 30 45 7 15 43 24 39 23 15 45 18 20 44 31 20 35 43 15 19 38 30 32 11 27 40 28 1 48 47 35 24 34 50 16 17 43 42 6 31 43 18 18 25 28 26 37 33 34 37 32 11 19 25 48 44 53 41 36 24
21 37 14 21 49 35 31 40 22 28 30 3 4 37 33 33 5 30 20 22 15 8 20 22 7 16 26 31 32 24 38 30 39 7 7 23 43 21 21 42 0 31 31 26 35 27 9 18 8 23 34 15 28 33 27 14 22 35 31 30 23 39 16 41 43 19 19 19 41 6 12 21 18 46 21 27 25 8 8 37 49 2 28 25 22 35 16 7 9 13 15 14 35 23 42 10 22 28 10 15 18
15 28 44 21 19 23 38 27 36 18 10 30 33 11 2 5 31 4 22 20 31 30 14 12 32 26 30 13 23 23 9 22 8 38 33 23 19 20 25 28 31 0 2 20 22 29 27 17 24 11 36 26 11 9 18 18 24 7 15 13 25 11 16 10 38 35 18 36 27 35 29 12 17 15 29 31 25 27 27 29 18 33 10 32 36 4 19 34 30 37 18 17 32 29 13 31 22 29 39 39 28
16 30 43 19 21 25 39 29 37 16 12 30 33 13 4 4 30 2 20 21 32 29 13 13 31 24 28 11 25 21 11 24 10 38 32 24 21 21 26 30 31 2 0 18 24 30 26 18 24 12 38 24 13 11 16 17 25 6 13 15 26 10 15 11 40 36 16 37 29 35 27 11 18 16 27 32 26 26 26 31 20 33 12 33 37 6 19 33 30 37 17 17 34 30 15 30 20 27 38 39 29
24 42 40 5 39 39 47 43 41 2 28 23 30 31 22 17 29 16 6 29 35 29 9 22 21 11 10 8 37 3 29 35 28 30 31 31 39 28 32 45 26 20 18 0 38 37 17 24 18 22 46 12 27 28 2 18 32 18 7 30 33 20 17 27 52 39 7 40 44 27 15 10 24 31 9 39 33 18 18 43 37 28 27 39 41 24 24 32 30 38 11 16 45 36 33 18 4 9 36 40 33
14 6 39 36 25 1 18 5 20 38 12 36 33 16 21 27 30 26 37 13 22 27 29 17 40 38 45 35 4 39 20 5 22 41 30 12 16 14 14 7 35 22 24 38 0 11 36 17 32 16 16 38 12 14 37 24 13 29 37 9 12 32 23 28 16 23 33 24 6 41 40 28 17 31 43 13 10 36 35 7 28 36 12 14 21 22 19 30 26 29 30 25 12 14 22 41 37 46 35 31 17
14 10 29 35 36 10 9 14 9 38 20 29 25 25 29 34 22 31 35 9 13 19 29 17 34 36 44 38 7 38 29 7 31 33 22 6 27 9 7 15 27 29 30 37 11 0 31 13 27 18 9 35 18 23 36 20 6 36 39 17 5 40 20 37 16 12 30 13 15 33 35 27 13 40 40 2 4 30 29 10 38 28 19 3 10 31 14 22 18 19 27 22 8 4 31 35 35 44 26 21 9
22 38 23 12 45 36 37 41 29 19 30 6 13 36 29 27 13 25 11 23 22 14 14 21 5 7 17 23 33 15 35 31 35 13 14 25 43 22 24 43 9 27 26 17 36 31 0 19 4 22 40 6 28 31 18 12 24 29 23 31 25 33 13 37 46 25 11 25 42 10 5 15 19 42 12 32 27 1 1 39 45 11 28 31 28 31 17 15 15 21 9 11 38 27 39 5 13 19 19 23 23
3 20 27 21 31 17 22 22 19 24 12 19 18 19 17 22 15 19 21 5 14 13 15 5 23 22 30 25 15 24 21 13 22 25 16 7 25 4 8 24 18 17 18 24 17 13 19 0 15 6 22 22 10 15 23 7 8 24 26 12 9 28 7 25 29 18 17 19 23 24 23 14 0 30 27 15 9 19 18 21 32 20 10 15 19 19 2 17 13 20 14 9 21 12 25 24 22 31 22 22 11
18 34 22 13 42 32 33 37 26 20 26 6 12 32 26 25 11 23 12 19 19 12 12 17 8 10 20 22 29 16 32 27 32 14 13 21 39 18 20 39 8 24 24 18 32 27 4 15 0 18 36 9 24 27 19 8 21 27 23 27 22 31 9 34 43 23 11 23 38 11 8 13 15 39 15 28 23 4 3 35 42 10 24 27 26 28 13 14 13 20 7 7 35 24 36 9 14 21 18 22 19
4 21 33 20 25 17 27 21 25 22 8 23 24 14 11 16 21 13 21 9 20 19 13 1 26 24 29 20 16 23 15 14 16 30 22 12 21 9 14 23 23 11 12 22 16 18 22 6 18 0 27 24 6 10 21 10 13 18 22 9 14 22 9 19 31 24 17 25 22 28 26 12 6 24 28 20 14 22 21 22 26 25 6 21 25 13 8 23 19 26 15 11 25 18 19 27 21 30 28 28 17
23 10 36 44 41 15 5 14 14 47 27 37 32 32 36 42 29 40 44 18 20 27 38 26 41 45 53 47 13 47 36 14 38 40 29 15 31 18 16 15 34 36 38 46 16 9 40 22 36 27 0 44 25 30 45 29 15 43 48 24 14 47 29 44 9 18 39 19 15 40 44 36 22 47 49 8 13 39 38 9 44 35 26 9 15 38 23 29 25 26 36 31 4 12 38 44 44 53 33 27 17
24 42 29 7 45 39 42 43 35 14 32 12 19 37 28 25 19 23 6 27 28 20 12 23 9 1 11 19 37 9 35 35 34 19 20 29 45 26 29 45 15 26 24 12 38 35 6 22 9 24 44 0 30 33 13 15 29 27 18 33 30 31 15 35 51 31 8 31 44 15 3 14 22 40 6 37 31 7 7 43 44 17 30 36 34 30 21 21 21 27 9 13 43 33 39 6 8 13 25 29 28
7 17 37 26 21 12 27 17 25 27 2 29 28 9 11 16 25 15 27 10 23 23 19 7 32 30 35 24 13 29 11 11 13 35 26 12 15 10 14 18 28 11 13 27 12 18 28 10 24 6 25 30 0 5 26 16 13 18 26 3 14 22 15 19 27 25 23 26 17 34 32 17 10 22 34 20 14 28 27 18 22 30 1 21 25 13 12 27 23 29 21 17 22 18 15 33 27 36 32 31 18
12 20 42 28 16 15 32 18 30 27 3 33 33 4 7 14 30 13 29 15 28 28 21 11 35 33 37 22 17 30 6 16 8 40 31 17 12 15 19 20 33 9 11 28 14 23 31 15 27 10 30 33 5 0 26 20 18 15 24 6 19 17 18 14 30 30 25 31 19 38 35 19 15 17 36 25 19 31 30 21 17 35 5 26 30 8 17 32 28 34 24 20 26 23 10 36 29 37 37 36 23
24 42 41 6 37 38 46 42 41 1 27 24 31 29 20 15 30 14 7 28 35 30 8 21 22 12 12 6 37 5 27 35 26 31 32 30 37 27 31 44 27 18 16 2 37 36 18 23 19 21 45 13 26 26 0 18 31 16 5 29 32 18 16 25 52 39 8 40 43 28 16 10 23 29 11 38 32 19 19 43 35 29 26 38 41 22 23 33 31 39 12 16 44 35 31 19 6 11 37 41 33
10 27 25 14 35 24 28 29 23 19 18 13 15 24 19 20 13 17 14 12 17 12 10 9 16 15 23 21 22 17 25 20 25 21 15 14 31 11 14 31 14 18 17 18 24 20 12 7 8 10 29 15 16 20 18 0 14 22 22 19 15 26 2 27 36 21 11 22 30 18 16 10 7 32 20 22 16 12 11 28 35 16 16 21 23 21 6 16 13 21 7 2 28 18 29 17 15 24 21 23 15
9 15 26 28 34 13 15 18 12 32 15 23 20 22 24 29 17 26 28 4 10 14 23 12 27 29 37 32 10 31 24 8 26 28 17 1 27 4 1 20 22 24 25 32 13 6 24 8 21 13 15 29 13 18 31 14 0 31 34 14 1 35 15 32 22 12 25 13 19 28 29 22 8 35 34 8 3 24 23 15 35 23 14 8 12 26 8 17 13 17 21 16 14 5 28 29 29 38 22 19 5
22 35 48 21 21 30 45 33 43 16 17 34 37 16 8 2 35 5 22 27 38 34 16 19 34 27 28 10 30 21 12 29 11 42 37 30 23 27 32 35 35 7 6 18 29 36 29 24 27 18 43 27 18 15 16 22 31 0 12 20 32 4 20 9 45 42 19 43 34 38 30 14 24 13 27 38 32 30 29 36 19 37 17 39 43 7 25 38 35 43 20 21 39 36 15 33 21 27 43 45 35
25 43 45 11 33 38 48 42 44 5 25 29 35 26 17 11 34 11 12 30 39 34 12 22 27 17 16 2 38 10 23 36 22 36 36 33 34 30 34 43 31 15 13 7 37 39 23 26 23 22 48 18 26 24 5 22 34 12 0 28 35 14 20 21 53 43 12 44 42 33 21 12 26 25 16 41 35 24 24 44 31 33 25 41 44 18 26 37 35 43 16 20 47 38 27 24 11 15 41 45 36
9 15 39 29 20 10 26 14 25 29 3 31 30 8 12 18 27 17 29 11 24 25 21 10 35 33 37 26 11 31 12 10 14 37 28 13 13 12 15 15 30 13 15 30 9 17 31 12 27 9 24 33 3 6 29 19 14 20 28 0 14 23 18 20 25 26 25 27 14 36 35 20 12 23 36 19 13 31 30 16 21 32 3 20 25 14 14 29 25 31 24 20 20 17 14 36 29 38 34 33 19
10 14 26 29 34 12 14 17 11 33 16 24 21 22 25 30 18 27 29 5 10 15 24 13 28 30 38 33 9 32 25 7 27 29 18 2 27 5 2 19 23 25 26 33 12 5 25 9 22 14 14 30 14 19 32 15 1 32 35 14 0 36 16 33 21 12 26 13 18 29 30 23 9 36 35 7 2 25 24 14 35 24 15 7 11 27 9 18 14 17 22 17 13 4 28 30 30 39 22 19 5
26 38 52 24 19 33 49 36 47 18 20 38 41 18 11 6 39 9 25 31 42 38 20 23 38 30 30 12 34 23 14 33 12 46 41 34 24 31 36 38 39 11 10 20 32 40 33 28 31 22 47 31 22 17 18 26 35 4 14 23 36 0 24 7 47 46 23 47 36 42 34 18 28 11 29 42 36 34 33 38 17 41 21 43 47 9 29 42 39 47 24 25 43 40 15 37 24 29 47 49 39
9 27 27 13 33 24 29 28 25 17 17 15 17 22 17 18 15 15 14 12 19 14 8 8 17 15 22 19 22 16 23 20 23 23 17 14 30 11 15 30 16 16 15 17 23 20 13 7 9 9 29 15 15 18 16 2 15 20 20 18 16 24 0 25 36 23 10 24 29 20 17 8 7 30 20 22 16 13 12 28 33 18 15 22 25 19 7 18 15 23 7 2 28 19 27 18 14 23 23 25 17
24 34 53 29 12 29 46 30 44 25 17 40 43 12 8 10 40 12 30 28 40 38 23 20 41 35 37 19 31 30 8 30 6 48 41 31 17 28 33 32 41 10 11 27 28 37 37 25 34 19 44 35 19 14 25 27 32 9 21 20 33 7 25 0 42 43 27 44 31 45 38 22 25 5 36 39 33 37 37 35 10 43 18 40 44 6 27 42 38 45 28 27 40 37 8 41 29 36 47 47 36
28 10 45 50 39 15 14 12 23 52 28 45 41 30 37 43 38 42 50 25 29 35 44 31 49 51 59 51 15 53 34 17 36 49 38 22 29 25 23 11 43 38 40 52 16 16 46 29 43 31 9 51 27 30 52 36 22 45 53 25 21 47 36 42 0 27 46 28 12 49 51 42 29 45 56 16 20 46 45 9 42 44 28 18 24 38 30 38 34 35 43 38 8 20 36 51 50 59 42 36 25
20 22 18 35 46 22 13 26 4 40 27 21 15 34 35 40 14 37 34 15 4 11 31 23 26 32 42 42 19 38 36 18 38 23 13 13 38 15 11 27 19 35 36 39 23 12 25 18 23 24 18 31 25 30 39 21 12 42 43 26 12 46 23 43 27 0 32 1 27 23 30 31 18 47 37 11 13 25 24 21 47 18 26 9 3 37 17 12 10 8 28 23 19 9 40 28 36 44 15 9 7
19 37 33 3 37 34 39 38 34 9 24 17 23 29 20 17 22 15 4 22 28 22 4 17 16 8 12 12 32 6 27 30 26 24 24 24 37 21 25 40 19 18 16 7 33 30 11 17 11 17 39 8 23 25 8 11 25 19 12 25 26 23 10 27 46 32 0 33 39 21 11 6 17 32 11 32 26 12 12 38 36 21 22 32 34 22 17 25 23 31 4 9 38 29 31 14 4 13 29 33 26
21 23 17 35 47 23 14 27 5 41 28 22 15 35 36 41 14 38 35 16 5 11 32 24 26 32 42 43 20 38 37 19 39 22 12 14 39 16 12 28 19 36 37 40 24 13 25 19 23 25 19 31 26 31 40 22 13 43 44 27 13 47 24 44 28 1 33 0 28 23 30 32 19 48 37 12 14 25 24 22 48 18 27 10 4 38 18 12 10 7 29 24 20 10 41 28 36 44 14 8 8
20 5 44 42 27 6 19 1 24 43 17 42 39 19 26 32 36 31 43 19 28 33 35 23 46 44 51 40 9 45 23 11 25 47 36 18 17 20 20 1 41 27 29 44 6 15 42 23 38 22 15 44 17 19 43 30 19 34 42 14 18 36 29 31 12 27 39 28 0 47 46 34 23 33 49 16 16 42 41 6 30 42 17 18 25 27 25 36 32 34 36 31 11 19 24 47 43 52 40 36 23
27 43 14 22 54 41 36 46 27 29 36 5 8 42 37 37 11 34 21 28 20 14 23 27 6 16 26 33 38 24 43 36 43 4 11 29 49 27 27 48 6 35 35 27 41 33 10 24 11 28 40 15 34 38 28 18 28 38 33 36 29 42 20 45 49 23 21 23 47 0 12 24 24 50 21 33 31 9 10 43 53 5 34 31 26 39 22 11 15 17 18 18 41 29 47 9 23 28 12 19 24
26 42 26 10 48 40 41 45 33 17 34 9 16 39 31 28 17 26 9 27 26 19 15 25 6 4 14 22 37 12 38 35 37 16 19 29 47 26 28 47 12 29 27 15 40 35 5 23 8 26 44 3 32 35 16 16 29 30 21 35 30 34 17 38 51 30 11 30 46 12 0 17 23 43 9 36 31 5 6 43 47 14 32 35 33 33 21 19 20 25 11 15 43 32 42 3 11 16 22 27 27
14 32 34 9 31 29 36 33 32 10 18 19 24 23 14 12 22 10 10 19 27 22 2 12 20 14 18 11 27 12 21 25 20 27 24 21 31 18 22 35 21 12 11 10 28 27 15 14 13 12 36 14 17 19 10 10 22 14 12 20 23 18 8 22 42 31 6 32 34 24 17 0 14 27 17 29 23 15 15 33 30 23 17 29 32 16 14 25 23 31 6 8 35 26 25 19 10 19 30 33 24
3 20 27 20 31 17 22 22 19 24 12 19 18 19 17 22 15 19 21 5 14 13 15 5 23 22 29 25 15 23 21 13 22 25 16 7 25 4 8 24 18 17 18 24 17 13 19 0 15 6 22 22 10 15 23 7 8 24 26 12 9 28 7 25 29 18 17 19 23 24 23 14 0 30 27 15 9 19 18 21 32 20 10 15 19 19 2 17 13 20 14 9 21 12 25 24 21 30 22 22 11
28 37 58 34 9 32 49 33 47 29 20 45 48 15 13 15 45 17 35 32 45 43 28 25 46 40 41 23 34 34 11 33 9 53 46 34 17 32 36 34 46 15 16 31 31 40 42 30 39 24 47 40 22 17 29 32 35 13 25 23 36 11 30 5 45 47 32 48 33 50 43 27 30 0 40 42 36 42 42 38 6 48 21 43 47 11 32 47 43 50 33 32 43 40 9 46 34 40 52 52 40
29 47 35 8 48 44 48 48 40 11 35 18 25 40 31 26 25 25 7 32 33 26 15 27 15 5 5 17 42 6 38 40 37 25 26 34 48 31 34 50 21 29 27 9 43 40 12 27 15 28 49 6 34 36 11 20 34 27 16 36 35 29 20 36 56 37 11 37 49 21 9 17 27 40 0 42 36 13 13 48 46 23 33 41 40 33 26 27 27 33 13 18 48 38 42 12 7 7 31 35 34
16 11 29 36 38 12 7 15 8 40 22 29 25 27 31 36 22 33 36 11 13 19 30 19 34 37 45 39 9 39 31 9 33 33 22 8 29 11 8 16 27 31 32 39 13 2 32 15 28 20 8 37 20 25 38 22 8 38 41 19 7 42 22 39 16 11 32 12 16 33 36 29 15 42 42 0 6 31 30 10 40 28 21 2 9 33 16 22 18 19 29 24 8 4 33 36 36 45 26 20 9
10 12 28 30 33 10 13 15 11 34 16 26 23 21 25 30 20 27 31 5 12 17 24 13 30 31 39 33 7 33 25 5 27 31 20 2 25 5 4 17 25 25 26 33 10 4 27 9 23 14 13 31 14 19 32 16 3 32 35 13 2 36 16 33 20 13 26 14 16 31 31 23 9 36 36 6 0 27 26 12 34 26 15 7 12 27 10 20 16 19 23 18 12 4 27 32 30 39 24 21 7
22 38 22 13 46 36 37 41 28 20 30 5 12 35 29 28 12 25 12 23 21 14 14 21 4 8 18 24 33 16 36 31 35 13 14 25 43 22 24 43 8 27 26 18 36 30 1 19 4 22 39 7 28 31 19 12 24 30 24 31 25 34 13 37 46 25 12 25 42 9 5 15 19 42 13 31 27 0 1 39 45 10 28 30 28 31 17 15 15 21 9 11 38 27 40 5 14 20 18 23 23
21 37 22 13 45 35 36 40 27 20 29 5 12 34 29 27 12 25 12 22 20 13 14 20 5 8 18 24 32 16 35 30 35 13 13 24 42 21 23 42 8 27 26 18 35 29 1 18 3 21 38 7 27 30 19 11 23 29 24 30 24 33 12 37 45 24 12 24 41 10 6 15 18 42 13 30 26 1 0 38 45 10 27 29 27 31 16 14 14 20 9 10 37 26 39 6 14 20 18 22 22
19 1 39 41 32 6 13 5 18 43 19 38 35 23 28 34 32 33 42 16 23 29 35 22 42 43 50 42 6 44 27 8 29 43 32 14 22 17 16 6 37 29 31 43 7 10 39 21 35 22 9 43 18 21 43 28 15 36 44 16 14 38 28 35 9 21 38 22 6 43 43 33 21 38 48 10 12 39 38 0 35 38 19 12 19 29 22 32 28 29 35 30 5 14 29 44 42 51 36 30 19
29 34 59 38 3 29 46 30 47 35 20 48 50 13 16 20 47 21 39 32 45 45 32 27 50 44 47 29 32 40 11 31 10 56 48 34 13 32 36 31 49 18 20 37 28 38 45 32 42 26 44 44 22 17 35 35 35 19 31 21 35 17 33 10 42 47 36 48 30 53 47 30 32 6 46 40 34 45 45 35 0 51 22 41 46 14 34 49 45 51 36 35 40 38 7 49 39 46 54 53 40
23 38 12 23 51 36 31 41 22 30 32 5 3 39 35 35 6 32 22 23 15 9 22 24 8 18 28 32 33 26 40 31 41 5 6 24 45 22 22 43 2 33 33 28 36 28 11 20 10 25 35 17 30 35 29 16 23 37 33 32 24 41 18 43 44 18 21 18 42 5 14 23 20 48 23 28 26 10 10 38 51 0 30 26 21 37 18 6 10 12 17 16 36 24 44 11 24 30 8 14 19
7 18 37 25 21 13 28 17 26 26 2 29 28 9 10 15 25 14 26 11 24 23 18 7 32 30 34 23 13 28 11 12 12 35 26 13 15 11 15 18 28 10 12 27 12 19 28 10 24 6 26 30 1 5 26 16 14 17 25 3 15 21 15 18 28 26 22 27 17 34 32 17 10 21 33 21 15 28 27 19 22 30 0 22 26 12 12 27 23 30 21 17 22 19 15 33 26 35 32 32 19
17 13 27 36 39 13 7 17 6 40 23 28 23 28 32 37 20 34 36 12 11 17 31 20 32 37 45 40 10 39 32 10 34 31 20 9 30 12 7 18 25 32 33 39 14 3 31 15 27 21 9 36 21 26 38 21 8 39 41 20 7 43 22 40 18 9 32 10 18 31 35 29 15 43 41 2 7 30 29 12 41 26 22 0 7 34 15 20 16 17 28 23 10 3 34 34 36 45 24 18 8
21 20 21 37 45 20 10 24 1 42 27 24 18 33 36 41 17 38 37 16 7 14 33 24 29 35 45 43 17 40 36 17 38 26 16 13 37 16 11 25 22 36 37 41 21 10 28 19 26 25 15 34 25 30 41 23 12 43 44 25 11 47 25 44 24 3 34 4 25 26 33 32 19 47 40 9 12 28 27 19 46 21 26 7 0 38 18 15 13 11 30 25 16 8 39 31 38 47 18 12 8
17 28 47 25 15 23 40 26 38 22 11 34 36 9 2 7 34 8 26 22 34 32 18 14 36 30 34 16 25 27 5 24 4 42 35 25 16 22 27 28 35 4 6 24 22 31 31 19 28 13 38 30 13 8 22 21 26 7 18 14 27 9 19 6 38 37 22 38 27 39 33 16 19 11 33 33 27 31 31 29 14 37 12 34 38 0 21 36 32 39 22 21 34 31 9 35 26 33 41 41 30
5 21 25 20 33 19 22 24 18 24 14 17 16 21 19 23 13 20 20 6 13 11 15 7 21 21 29 25 16 23 23 14 24 23 14 8 27 5 8 26 16 19 19 24 19 14 17 2 13 8 23 21 12 17 23 6 8 25 26 14 9 29 7 27 30 17 17 18 25 22 21 14 2 32 26 16 10 17 16 22 34 18 12 15 18 21 0 15 11 18 13 8 22 12 27 22 21 30 20 20 10
20 32 10 27 48 30 25 35 16 34 29 10 3 36 34 36 3 33 26 18 9 4 25 22 14 22 32 36 27 30 38 25 39 11 1 18 42 17 16 37 7 34 33 32 30 22 15 17 14 23 29 21 27 32 33 16 17 38 37 29 18 42 18 42 38 12 25 12 36 11 19 25 17 47 27 22 20 15 14 32 49 6 27 20 15 36 15 0 4 6 21 17 30 18 42 17 28 34 5 8 13
16 28 14 25 44 26 22 31 13 32 25 11 7 32 30 33 4 30 25 14 6 1 23 18 16 22 32 34 23 28 34 21 35 15 4 14 38 13 12 33 9 30 30 30 26 18 15 13 13 19 25 21 23 28 31 13 13 35 35 25 14 39 15 38 34 10 23 10 32 15 20 23 13 43 27 18 16 15 14 28 45 10 23 16 13 32 11 4 0 8 19 15 26 14 38 18 26 34 9 10 9
23 29 10 33 50 29 21 33 12 40 31 16 9 38 37 41 9 38 32 20 7 9 31 25 20 28 38 42 26 36 40 24 42 16 7 18 44 19 16 34 13 37 37 38 29 19 21 20 20 26 26 27 29 34 39 21 17 43 43 31 17 47 23 45 35 8 31 7 34 17 25 31 20 50 33 19 19 21 20 29 51 12 30 17 11 39 18 6 8 0 27 23 27 16 44 23 34 40 7 2 12
16 34 29 7 37 31 35 35 30 13 23 13 19 28 20 18 18 16 7 19 24 18 5 14 13 9 16 15 29 10 27 27 26 21 20 21 36 18 21 37 15 18 17 11 30 27 9 14 7 15 36 9 21 24 12 7 21 20 16 24 22 24 7 28 43 28 4 29 36 18 11 6 14 33 13 29 23 9 9 35 36 17 21 28 30 22 13 21 19 27 0 5 35 25 31 13 8 17 25 29 22
11 29 27 12 35 26 30 30 25 17 19 13 17 24 19 19 14 16 12 14 19 14 8 10 15 13 21 19 24 15 25 22 25 21 16 16 32 13 16 32 14 17 17 16 25 22 11 9 7 11 31 13 17 20 16 2 16 21 20 20 17 25 2 27 38 23 9 24 31 18 15 8 9 32 18 24 18 11 10 30 35 16 17 23 25 21 8 17 15 23 5 0 30 20 29 16 13 22 22 25 17
22 6 37 42 37 11 8 10 15 46 23 37 33 28 32 38 30 36 42 17 21 27 36 25 41 43 51 45 9 45 32 11 34 41 30 14 27 17 15 11 35 32 34 45 12 8 38 21 35 25 4 43 22 26 44 28 14 39 47 20 13 43 28 40 8 19 38 20 11 41 43 35 21 43 48 8 12 38 37 5 40 36 22 10 16 34 22 30 26 27 35 30 0 12 34 43 42 51 34 28 17
14 14 26 33 37 13 10 18 7 37 20 25 21 25 29 34 18 31 32 9 9 15 27 17 30 33 42 37 10 36 29 9 31 29 18 6 29 9 4 19 23 29 30 36 14 4 27 12 24 18 12 33 18 23 35 18 5 36 38 17 4 40 19 37 20 9 29 10 19 29 32 26 12 40 38 4 4 27 26 14 38 24 19 3 8 31 12 18 14 16 25 20 12 0 31 32 33 42 22 17 5
22 28 52 34 6 23 40 24 40 31 13 42 43 6 11 16 40 17 35 25 38 38 27 20 44 39 43 25 25 36 4 24 5 49 41 27 9 25 29 25 42 13 15 33 22 31 39 25 36 19 38 39 15 10 31 29 28 15 27 14 28 15 27 8 36 40 31 41 24 47 42 25 25 9 42 33 27 40 39 29 7 44 15 34 39 9 27 42 38 44 31 29 34 31 0 44 35 42 47 46 33
27 43 23 13 50 41 41 46 32 20 35 7 14 40 33 31 15 29 12 28 24 17 18 26 3 7 17 25 38 15 40 36 39 13 17 30 48 27 29 48 10 31 30 18 41 35 5 24 9 27 44 6 33 36 19 17 29 33 24 36 30 37 18 41 51 28 14 28 47 9 3 19 24 46 12 36 32 5 6 44 49 11 33 34 31 35 22 17 18 23 13 16 43 32 44 0 14 19 19 25 27
23 41 36 1 41 38 43 42 38 6 28 19 26 33 24 19 25 18 2 27 32 25 8 21 17 7 8 12 36 2 31 34 30 26 27 29 41 26 29 44 22 22 20 4 37 35 13 22 14 21 44 8 27 29 6 15 29 21 11 29 30 24 14 29 50 36 4 36 43 23 11 10 21 34 7 36 30 14 14 42 39 24 26 36 38 26 21 28 26 34 8 13 42 33 35 14 0 9 32 36 30
32 50 42 10 48 47 52 51 47 11 37 25 32 40 31 26 32 25 10 36 40 33 17 30 22 12 2 17 45 7 38 43 37 32 33 38 48 35 38 53 28 29 27 9 46 44 19 31 21 30 53 13 36 37 11 24 38 27 15 38 39 29 23 36 59 44 13 44 52 28 16 19 30 40 7 45 39 20 20 51 46 30 35 45 47 33 30 34 34 40 17 22 51 42 42 19 9 0 38 42 39
25 36 5 31 53 35 28 39 19 38 34 13 6 41 39 41 8 38 30 23 13 9 30 27 16 26 36 40 31 34 43 30 44 9 6 23 47 22 21 41 10 39 38 36 35 26 19 22 18 28 33 25 32 37 37 21 22 43 41 34 22 47 23 47 42 15 29 14 40 12 22 30 22 52 31 26 24 18 18 36 54 8 32 24 18 41 20 5 9 7 25 22 34 22 47 19 32 38 0 7 17
25 31 9 35 52 30 22 35 13 42 33 18 11 40 39 43 11 40 34 22 9 11 33 27 22 30 40 44 27 38 42 26 44 16 9 20 46 21 18 36 15 39 39 40 31 21 23 22 22 28 27 29 31 36 41 23 19 45 45 33 19 49 25 47 36 9 33 8 36 19 27 33 22 52 35 20 21 23 22 30 53 14 32 18 12 41 20 8 10 2 29 25 28 17 46 25 36 42 7 0 14
13 19 21 29 39 17 14 22 8 34 20 20 16 27 28 33 13 30 29 8 5 10 25 16 25 29 38 35 14 32 29 12 31 24 13 6 32 8 4 24 18 28 29 33 17 9 23 11 19 17 17 28 18 23 33 15 5 35 36 19 5 39 17 36 25 7 26 8 23 24 27 24 11 40 34 9 7 23 22 19 40 19 19 8 8 30 10 13 9 12 22 17 17 5 33 27 30 39 17 14 0
0         1042     
340       486      
824       964      
155       296      
628       740      
267       434      
307       446      
367       499      
0         122      
178       328      
35        170      
132       243      
432       572      
259       377      
58        185      
520       676      
398       565      
544       683      
497       626      
0         92       
397       546      
427       536      
471       610      
557       696      
112       272      
124       256      
159       297      
186       324      
279       426      
154       311      
235       382      
302       417      
527       667      
450       587      
698       837      
0         80       
614       751      
10        137      
0         89       
360       504      
437       564      
52        201      
531       698      
174       314      
274       441      
0         94       
121       226      
0         81       
97        231      
12        184      
305       461      
441       614      
46        190      
49        165      
160       303      
77        229      
0         131      
208       346      
176       338      
262       397      
0         103      
194       349      
584       714      
228       348      
356       506      
0         129      
476       637      
0         112      
673       825      
431       571      
116       282      
82        218      
13        165      
230       358      
155       258      
394       505      
0         93       
108       275      
89        237      
315       430      
623       765      
403       578      
567       731      
0         90       
0         111      
42        201      
0         68       
387       552      
403       523      
711       869      
98        213      
83        229      
288       429      
0         105      
614       726      
130       263      
176       316      
157       305      
706       876      
710       861      
5         139      
