101
0 25 26 58 43 58 46 9 16 44 34 28 15 28 22 22 42 38 39 14 22 35 42 25 33 39 36 37 21 43 7 18 44 50 28 13 24 51 41 29 4 23 22 18 35 26 25 41 18 47 32 41 20 41 41 17 33 35 39 38 33 26 25 25 48 43 52 37 42 32 26 35 11 44 27 44 25 40 45 34 9 35 35 37 32 20 26 42 48 41 3 41 43 41 13 25 37 45 42 37 32
25 0 1 33 32 32 38 20 9 18 22 19 10 4 12 22 26 14 23 12 22 10 28 5 11 15 14 12 17 23 20 16 18 25 13 16 2 25 15 11 22 24 7 7 19 16 18 15 17 24 7 20 7 25 24 20 10 10 17 20 24 22 7 1 23 18 27 16 29 20 13 11 14 25 9 22 0 14 23 13 17 14 10 12 7 12 21 22 23 18 27 28 26 16 12 10 13 21 22 12 17
26 1 0 32 31 32 38 21 9 18 21 20 11 3 13 22 25 14 24 12 22 9 27 5 11 14 14 11 17 22 21 17 18 25 13 16 2 24 14 12 22 24 8 7 18 16 17 15 17 23 6 20 8 26 23 20 10 9 17 20 24 22 8 1 22 17 26 15 29 20 14 10 14 24 10 22 1 14 23 13 17 13 9 11 7 13 20 21 22 17 27 28 25 15 12 10 12 20 22 11 18
58 33 32 0 42 3 49 53 41 15 37 45 43 29 42 47 31 23 41 44 47 23 35 33 28 18 29 21 44 23 53 47 15 10 34 46 33 8 17 34 54 49 38 39 30 39 41 17 45 17 26 29 39 43 28 48 28 22 25 36 42 45 36 32 9 15 5 24 39 37 39 22 46 24 36 22 32 17 22 31 49 25 22 19 26 42 43 22 11 19 59 38 26 17 44 34 20 15 34 22 39
43 32 31 42 0 39 7 44 33 37 10 51 36 30 43 21 11 40 55 35 21 35 7 26 40 29 43 34 22 19 43 44 37 32 18 30 29 39 33 42 42 20 37 33 14 17 18 34 25 25 33 48 37 57 14 26 39 31 43 50 10 17 38 30 35 29 38 21 3 12 44 27 36 18 40 45 31 31 46 43 36 21 32 30 35 42 17 20 31 24 46 4 16 35 36 22 27 27 51 35 48
58 32 32 3 39 0 46 52 41 16 34 46 42 29 42 46 28 24 43 44 46 23 32 32 29 18 31 21 42 20 52 47 16 8 32 45 33 10 17 35 54 47 38 39 27 37 39 17 44 14 26 31 39 45 25 46 28 22 27 38 39 43 36 32 9 14 6 22 36 34 40 21 46 21 36 24 32 17 24 32 48 24 22 19 26 42 41 19 9 17 59 35 23 18 44 33 19 13 36 22 41
46 38 38 49 7 46 0 48 38 44 16 57 41 36 49 24 18 47 61 40 24 42 14 33 47 36 50 41 26 26 46 49 44 39 24 33 36 46 40 49 45 23 44 38 21 22 22 41 28 32 40 55 42 63 21 29 46 38 50 57 14 20 45 36 42 36 45 28 10 18 51 34 40 25 46 52 37 38 53 50 39 28 39 37 42 47 21 27 38 31 49 11 23 42 41 28 34 34 58 42 54
9 20 21 53 44 52 48 0 12 38 35 19 10 24 13 24 42 32 30 9 24 29 43 21 27 35 28 31 22 40 2 9 38 45 28 14 20 45 35 21 5 26 15 13 35 27 26 35 19 43 27 33 14 32 41 19 26 30 33 29 34 27 18 20 43 38 47 33 43 33 17 31 8 42 18 38 20 34 39 25 8 31 30 32 26 12 27 39 43 37 9 42 43 35 8 24 33 41 33 31 23
16 9 9 41 33 41 38 12 0 27 23 19 3 12 11 17 30 23 27 3 17 18 31 9 19 23 22 20 13 28 12 11 27 34 16 8 8 33 23 16 12 19 8 2 23 16 16 24 11 31 15 28 6 29 29 13 18 18 25 25 24 19 11 9 31 26 35 21 31 21 15 19 5 30 13 30 9 23 31 20 8 19 18 20 16 9 18 27 31 25 17 30 31 24 4 12 21 29 29 20 20
44 18 18 15 37 16 44 38 27 0 30 30 28 15 26 38 26 8 27 30 38 8 30 20 13 8 15 6 33 19 38 31 0 12 25 33 19 7 4 19 39 40 23 25 23 30 32 3 33 15 11 15 24 29 23 36 12 9 11 22 35 37 21 18 7 9 10 16 34 30 24 12 32 21 20 10 18 6 10 16 35 17 8 8 11 27 35 18 11 13 44 33 23 2 30 24 10 12 20 7 25
34 22 21 37 10 34 16 35 23 30 0 41 26 20 32 14 9 31 45 26 14 26 8 16 31 22 34 26 13 14 34 34 30 27 8 21 19 34 26 32 33 14 27 23 7 8 9 27 16 20 24 40 27 47 10 17 30 23 35 41 5 10 28 20 30 23 33 14 8 2 34 18 27 14 30 37 21 24 38 34 27 13 23 22 26 32 9 15 26 18 37 7 12 28 27 12 20 22 42 26 38
28 19 20 45 51 46 57 19 19 30 41 0 17 23 9 36 45 22 11 18 36 24 47 24 17 32 16 26 32 42 21 10 30 42 32 26 21 37 30 11 24 38 13 19 38 35 35 29 30 43 23 19 14 13 43 31 18 27 21 12 43 38 12 20 37 36 40 35 48 39 6 30 21 44 11 26 19 31 26 14 23 33 26 29 21 10 37 41 41 37 28 47 45 28 18 29 32 40 16 24 6
15 10 11 43 36 42 41 10 3 28 26 17 0 13 8 20 33 23 25 2 20 20 34 12 18 24 21 22 16 31 10 8 28 35 19 10 10 35 25 15 12 22 7 4 26 19 19 25 14 33 17 27 5 27 32 15 18 20 24 24 27 22 10 10 33 28 37 24 34 24 12 20 5 33 12 29 10 24 30 19 8 22 20 22 17 7 21 30 33 27 17 33 34 26 2 15 22 30 28 22 18
28 4 3 29 30 29 36 24 12 15 20 23 13 0 16 23 22 13 25 15 23 8 25 5 11 11 14 9 18 19 23 20 15 22 12 18 4 22 12 13 24 25 11 10 16 15 17 12 18 20 5 20 11 27 20 21 10 7 16 21 23 22 11 3 20 14 24 12 27 19 17 7 17 21 12 21 4 11 22 14 20 10 7 9 6 16 20 18 19 14 29 26 22 13 15 9 9 17 22 10 19
22 12 13 42 43 42 49 13 11 26 32 9 8 16 0 28 37 19 17 10 28 18 39 16 13 25 14 20 24 35 15 5 26 36 24 18 13 33 24 8 18 30 5 10 30 25 26 24 22 36 16 20 5 19 36 23 13 20 19 16 33 30 5 13 32 29 36 28 40 30 4 23 13 37 5 24 12 24 25 12 16 26 19 22 14 2 29 34 34 30 22 39 38 23 10 20 25 33 20 19 10
22 22 22 47 21 46 24 24 17 38 14 36 20 23 28 0 22 36 44 18 0 31 22 18 33 30 36 32 5 27 23 28 38 37 13 10 20 42 34 32 21 2 24 18 18 8 6 35 6 32 28 42 23 46 24 5 32 29 39 41 11 4 27 21 38 31 41 23 20 12 31 26 17 27 29 44 22 32 45 35 16 21 30 30 29 26 5 26 36 27 25 19 26 36 19 14 28 32 44 33 37
42 26 25 31 11 28 18 42 30 26 9 45 33 22 37 22 0 30 47 33 22 25 4 21 32 19 35 24 21 8 41 41 26 21 14 29 24 28 23 35 40 23 32 29 7 16 17 24 24 14 25 38 32 49 3 25 31 22 33 42 13 19 33 25 24 18 27 12 8 10 39 18 34 7 34 35 26 21 36 35 34 13 23 21 27 37 17 9 20 13 45 7 5 25 34 18 18 16 42 26 41
38 14 14 23 40 24 47 32 23 8 31 22 23 13 19 36 30 0 19 25 36 5 33 18 5 11 7 5 31 23 33 24 8 20 23 30 16 15 8 11 35 38 16 21 25 28 30 7 31 21 8 9 18 21 27 34 5 8 4 14 34 35 14 15 15 14 18 18 36 30 16 12 28 25 13 8 14 9 9 8 31 17 6 8 7 20 33 21 19 16 40 34 26 6 25 22 11 18 13 3 17
39 23 24 41 55 43 61 30 27 27 45 11 25 25 17 44 47 19 0 27 44 22 50 28 15 30 12 23 40 41 32 21 27 39 36 35 25 33 27 12 35 46 20 26 41 39 41 26 38 40 22 12 21 2 44 40 16 25 16 5 47 45 17 24 34 33 37 35 52 43 13 29 30 43 15 19 23 28 19 12 33 34 24 26 20 19 44 39 38 34 39 51 44 25 27 33 29 37 7 21 7
14 12 12 44 35 44 40 9 3 30 26 18 2 15 10 18 33 25 27 0 18 21 34 12 20 26 23 23 15 31 9 10 30 37 19 8 11 36 26 17 10 20 9 5 26 18 18 27 12 34 18 29 7 29 32 13 20 21 26 26 26 20 12 12 34 29 38 24 34 24 14 22 3 33 14 31 12 26 32 21 6 22 21 23 18 8 20 30 34 28 15 33 34 27 1 15 24 32 30 23 20
22 22 22 47 21 46 24 24 17 38 14 36 20 23 28 0 22 36 44 18 0 31 22 18 33 30 36 32 5 27 23 28 38 37 13 10 20 42 34 32 21 2 24 18 18 8 6 35 6 32 28 42 23 46 24 5 32 29 39 41 11 4 27 21 38 31 41 23 20 12 31 26 17 27 29 44 22 32 45 35 16 21 30 30 29 26 5 26 36 27 25 19 26 36 19 14 28 32 44 33 37
35 10 9 23 35 23 42 29 18 8 26 24 20 8 18 31 25 5 22 21 31 0 28 13 7 8 10 2 26 19 30 23 8 18 18 25 11 15 6 13 30 33 14 16 20 23 25 6 26 19 3 14 15 24 22 29 6 3 9 17 29 30 12 10 14 12 18 13 31 25 18 7 23 21 13 13 10 7 14 10 26 12 2 5 3 18 28 18 17 13 35 29 23 6 21 17 8 16 18 2 19
42 28 27 35 7 32 14 43 31 30 8 47 34 25 39 22 4 33 50 34 22 28 0 23 35 23 38 28 21 12 42 42 30 25 15 29 26 32 27 38 41 22 34 30 9 16 17 28 24 18 28 42 34 52 7 25 34 25 37 45 11 18 35 27 28 22 31 15 4 10 41 21 35 11 37 39 28 25 40 38 35 16 26 25 30 39 17 13 24 17 45 3 9 29 35 19 21 20 46 29 44
25 5 5 33 26 32 33 21 9 20 16 24 12 5 16 18 21 18 28 12 18 13 23 0 15 14 18 14 13 19 21 20 20 25 8 13 3 26 16 16 21 20 11 8 14 11 13 17 13 22 10 24 11 30 20 16 14 11 21 25 19 18 12 4 23 17 27 12 24 15 18 10 14 21 14 26 5 15 27 18 17 10 12 13 11 16 16 18 22 16 26 23 22 18 13 5 12 20 26 15 22
33 11 11 28 40 29 47 27 19 13 31 17 18 11 13 33 32 5 15 20 33 7 35 15 0 15 3 9 28 26 28 18 13 25 23 27 13 20 13 6 30 35 12 17 26 26 28 12 28 26 7 9 13 17 29 31 1 10 6 10 34 33 9 12 20 19 23 20 38 30 11 14 23 28 8 11 11 14 12 3 26 19 9 12 5 15 31 25 24 20 35 36 30 11 20 20 15 23 11 7 12
39 15 14 18 29 18 36 35 23 8 22 32 24 11 25 30 19 11 30 26 30 8 23 14 15 0 17 6 25 12 34 30 8 10 17 27 15 12 4 21 35 32 21 21 15 22 24 5 26 11 9 20 22 32 16 29 14 5 15 24 27 29 20 14 9 4 13 8 26 22 26 4 28 14 21 16 15 2 17 18 31 9 6 3 11 26 27 11 9 6 40 25 16 6 26 16 2 8 24 8 27
36 14 14 29 43 31 50 28 22 15 34 16 21 14 14 36 35 7 12 23 36 10 38 18 3 17 0 11 31 29 29 19 15 27 26 30 16 21 15 7 32 38 14 20 29 29 31 14 31 28 10 6 16 14 32 34 4 13 5 7 37 36 11 15 22 21 25 23 41 33 12 17 26 31 9 10 14 16 11 2 29 22 12 14 8 16 34 27 26 22 36 39 32 13 23 23 17 25 8 9 10
37 12 11 21 34 21 41 31 20 6 26 26 22 9 20 32 24 5 23 23 32 2 28 14 9 6 11 0 27 18 32 25 6 16 19 27 13 13 4 15 32 34 16 18 20 24 26 4 27 17 5 14 17 25 22 30 8 3 9 18 30 31 14 12 12 10 16 13 31 25 20 7 25 20 15 12 12 5 13 12 28 12 2 3 5 20 29 16 15 11 37 29 21 4 23 18 6 14 18 2 21
21 17 17 44 22 42 26 22 13 33 13 32 16 18 24 5 21 31 40 15 5 26 21 13 28 25 31 27 0 24 21 24 33 34 10 8 15 37 29 28 20 7 20 14 15 5 4 30 3 29 23 37 19 42 21 5 27 24 34 37 12 6 23 16 34 28 38 20 21 11 27 21 14 24 25 39 17 27 40 30 14 18 25 25 24 22 5 23 32 24 24 20 23 31 16 9 23 29 39 28 33
43 23 22 23 19 20 26 40 28 19 14 42 31 19 35 27 8 23 41 31 27 19 12 19 26 12 29 18 24 0 40 39 19 13 15 29 22 20 16 31 40 28 30 27 8 18 20 17 26 6 19 32 30 43 5 28 25 16 27 36 19 24 30 22 16 10 19 7 16 15 36 12 33 2 31 28 23 14 29 29 34 9 17 14 21 35 22 1 12 6 45 15 4 18 32 17 11 8 36 19 37
7 20 21 53 43 52 46 2 12 38 34 21 10 23 15 23 41 33 32 9 23 30 42 21 28 34 29 32 21 40 0 11 38 44 27 13 20 45 35 22 3 25 16 13 34 26 25 35 18 43 27 34 15 34 40 18 27 30 34 31 33 26 19 20 43 37 47 33 42 32 19 30 7 42 20 39 20 34 40 27 7 31 30 32 27 13 26 39 42 37 7 41 42 36 8 23 32 40 35 32 25
18 16 17 47 44 47 49 9 11 31 34 10 8 20 5 28 41 24 21 10 28 23 42 20 18 30 19 25 24 39 11 0 31 40 27 18 17 38 29 13 14 30 9 12 34 27 27 29 22 40 21 25 9 23 40 23 18 25 24 20 35 30 10 17 37 34 41 32 42 32 8 27 11 41 10 29 16 29 30 17 13 30 24 27 19 4 29 38 39 34 18 41 42 28 9 23 29 37 24 24 14
44 18 18 15 37 16 44 38 27 0 30 30 28 15 26 38 26 8 27 30 38 8 30 20 13 8 15 6 33 19 38 31 0 12 25 33 19 7 4 19 38 40 22 24 23 30 32 3 33 15 11 15 23 29 23 36 12 9 11 22 35 37 20 18 7 9 10 16 34 30 24 12 31 21 20 10 18 6 10 16 34 17 8 8 11 26 35 18 11 13 43 33 23 2 29 24 10 12 20 7 25
50 25 25 10 32 8 39 45 34 12 27 42 35 22 36 37 21 20 39 37 37 18 25 25 25 10 27 16 34 13 44 40 12 0 24 37 25 9 12 31 45 39 31 31 20 29 31 13 36 7 19 27 32 41 18 38 24 15 23 34 32 35 30 24 5 6 6 14 29 27 36 13 38 14 31 21 24 11 21 28 40 16 16 13 21 36 33 12 1 9 50 28 16 14 36 25 11 5 32 18 37
28 13 13 34 18 32 24 28 16 25 8 32 19 12 24 13 14 23 36 19 13 18 15 8 23 17 26 19 10 15 27 27 25 24 0 15 11 29 21 24 26 15 19 15 7 5 7 22 12 19 16 32 19 38 13 14 22 16 27 33 11 12 20 12 25 18 28 10 16 7 26 13 20 16 22 31 13 19 32 26 20 8 17 17 18 24 10 14 22 14 31 15 15 23 20 4 15 19 34 20 30
13 16 16 46 30 45 33 14 8 33 21 26 10 18 18 10 29 30 35 8 10 25 29 13 27 27 30 27 8 29 13 18 33 37 15 0 14 39 29 24 12 12 16 10 22 13 12 30 5 34 22 36 14 37 28 5 26 24 33 33 20 13 19 15 36 30 40 24 29 19 22 23 7 31 21 38 16 28 39 28 6 21 25 26 23 16 13 29 35 27 16 28 30 31 9 12 25 32 37 27 28
24 2 2 33 29 33 36 20 8 19 19 21 10 4 13 20 24 16 25 11 20 11 26 3 13 15 16 13 15 22 20 17 19 25 11 14 0 26 16 13 20 22 8 6 17 14 16 16 15 24 8 22 8 27 23 18 12 11 19 22 22 21 9 1 24 18 28 15 27 18 15 11 13 24 11 24 2 15 25 15 16 13 11 13 9 13 19 21 23 18 25 26 25 17 11 8 13 21 24 13 19
51 25 24 8 39 10 46 45 33 7 34 37 35 22 33 42 28 15 33 36 42 15 32 26 20 12 21 13 37 20 45 38 7 9 29 39 26 0 10 26 45 44 29 31 27 34 36 9 38 15 18 21 30 35 25 41 19 15 17 28 39 41 27 25 4 11 4 20 36 34 31 16 38 21 27 14 25 11 14 23 41 21 14 13 18 33 39 19 9 16 50 35 23 9 36 28 14 12 26 14 31
41 15 14 17 33 17 40 35 23 4 26 30 25 12 24 34 23 8 27 26 34 6 27 16 13 4 15 4 29 16 35 29 4 12 21 29 16 10 0 19 35 36 20 21 19 26 28 1 29 13 8 16 21 29 20 32 12 5 11 22 31 33 18 15 8 6 12 12 30 26 24 8 28 18 19 12 15 2 12 16 31 13 5 4 9 24 31 15 11 10 40 29 20 2 26 20 6 10 20 6 25
29 11 12 34 42 35 49 21 16 19 32 11 15 13 8 32 35 11 12 17 32 13 38 16 6 21 7 15 28 31 22 13 19 31 24 24 13 26 19 0 25 34 8 14 29 27 29 18 26 32 12 12 10 14 33 28 7 16 12 9 35 33 5 12 26 25 29 25 40 31 5 19 20 33 3 17 11 20 18 5 23 23 15 18 10 9 32 30 30 26 29 39 35 17 17 21 21 29 13 13 6
4 22 22 54 42 54 45 5 12 39 33 24 12 24 18 21 40 35 35 10 21 30 41 21 30 35 32 32 20 40 3 14 38 45 26 12 20 45 35 25 0 23 18 14 33 25 24 36 17 43 27 37 17 37 39 16 29 30 36 34 32 25 21 21 43 38 47 33 41 31 22 31 7 42 23 41 21 35 42 30 6 31 30 32 28 16 25 39 43 37 5 40 41 36 10 23 33 41 38 32 28
23 24 24 49 20 47 23 26 19 40 14 38 22 25 30 2 23 38 46 20 2 33 22 20 35 32 38 34 7 28 25 30 40 39 15 12 22 44 36 34 23 0 26 20 19 10 8 37 8 33 30 44 25 48 24 7 34 31 41 43 11 4 29 23 40 33 43 24 20 12 33 28 19 27 31 46 24 34 47 37 18 23 32 32 31 28 5 27 37 28 26 19 26 38 21 16 30 33 46 35 39
22 7 8 38 37 38 44 15 8 23 27 13 7 11 5 24 32 16 20 9 24 14 34 11 12 21 14 16 20 30 16 9 22 31 19 16 8 29 20 8 18 26 0 6 25 22 22 20 18 31 12 20 2 22 31 20 11 16 18 17 30 26 3 8 28 25 32 23 35 26 7 18 12 32 5 23 7 20 24 12 15 21 15 18 11 5 25 29 30 25 23 34 33 20 9 16 20 28 21 16 13
18 7 7 39 33 39 38 13 2 25 23 19 4 10 10 18 29 21 26 5 18 16 30 8 17 21 20 18 14 27 13 12 24 31 15 10 6 31 21 14 14 20 6 0 22 16 16 22 12 30 13 26 5 28 28 14 16 16 23 23 24 20 9 7 29 24 33 20 31 21 13 17 7 29 11 28 7 21 29 18 10 18 16 18 14 9 19 26 29 24 19 30 30 22 5 11 19 27 27 18 19
35 19 18 30 14 27 21 35 23 23 7 38 26 16 30 18 7 25 41 26 18 20 9 14 26 15 29 20 15 8 34 34 23 20 7 22 17 27 19 29 33 19 25 22 0 10 12 20 18 13 19 34 25 43 6 20 25 17 29 36 12 16 26 18 23 16 26 7 11 7 32 12 27 9 28 31 19 17 31 29 27 7 17 16 21 30 14 8 19 11 38 10 8 21 27 11 13 15 37 20 35
26 16 16 39 17 37 22 27 16 30 8 35 19 15 25 8 16 28 39 18 8 23 16 11 26 22 29 24 5 18 26 27 30 29 5 13 14 34 26 27 25 10 22 16 10 0 2 27 8 23 20 35 20 41 16 10 25 21 31 36 8 7 23 15 30 23 33 15 16 6 29 18 19 19 25 36 16 24 37 29 19 13 22 22 21 25 5 18 27 19 29 15 18 28 19 6 20 24 37 25 33
25 18 17 41 18 39 22 26 16 32 9 35 19 17 26 6 17 30 41 18 6 25 17 13 28 24 31 26 4 20 25 27 32 31 7 12 16 36 28 29 24 8 22 16 12 2 0 29 7 25 22 37 21 43 18 8 27 23 33 37 8 5 24 17 32 25 35 17 17 7 29 20 18 21 26 38 18 26 39 30 18 15 24 24 23 25 3 20 29 21 28 16 20 30 19 8 22 26 39 27 34
41 15 15 17 34 17 41 35 24 3 27 29 25 12 24 35 24 7 26 27 35 6 28 17 12 5 14 4 30 17 35 29 3 13 22 30 16 9 1 18 36 37 20 22 20 27 29 0 30 14 8 15 21 28 21 33 11 6 10 21 32 34 18 15 8 7 12 13 31 27 23 9 29 19 19 11 15 3 11 15 32 14 5 5 9 24 32 16 12 11 41 30 21 1 27 21 7 11 19 5 24
18 17 17 45 25 44 28 19 11 33 16 30 14 18 22 6 24 31 38 12 6 26 24 13 28 26 31 27 3 26 18 22 33 36 12 5 15 38 29 26 17 8 18 12 18 8 7 30 0 31 23 37 17 40 24 3 27 24 34 35 15 8 21 16 35 29 39 22 24 14 25 22 12 27 23 39 17 28 40 29 11 19 25 26 24 20 8 26 34 25 21 23 26 31 13 10 24 30 38 28 31
47 24 23 17 25 14 32 43 31 15 20 43 33 20 36 32 14 21 40 34 32 19 18 22 26 11 28 17 29 6 43 40 15 7 19 34 24 15 13 32 43 33 31 30 13 23 25 14 31 0 20 29 31 42 11 33 25 16 24 35 25 29 31 23 11 7 13 10 22 20 37 13 36 7 32 25 24 12 25 29 38 12 17 14 22 36 27 5 6 6 48 21 9 15 35 21 11 3 33 19 38
32 7 6 26 33 26 40 27 15 11 24 23 17 5 16 28 25 8 22 18 28 3 28 10 7 9 10 5 23 19 27 21 11 19 16 22 8 18 8 12 27 30 12 13 19 20 22 8 23 20 0 16 13 24 22 26 6 4 11 17 27 27 11 7 16 13 20 13 30 23 17 7 20 21 12 16 7 8 17 10 23 12 3 6 2 17 25 18 18 14 32 29 23 9 18 14 9 17 18 5 18
41 20 20 29 48 31 55 33 28 15 40 19 27 20 20 42 38 9 12 29 42 14 42 24 9 20 6 14 37 32 34 25 15 27 32 36 22 21 16 12 37 44 20 26 34 35 37 15 37 29 16 0 22 14 36 40 10 17 5 7 43 42 17 21 22 22 25 27 45 39 17 21 32 34 15 7 20 18 7 8 35 26 15 17 14 21 40 30 26 25 41 43 35 14 29 29 20 26 5 12 13
20 7 8 39 37 39 42 14 6 24 27 14 5 11 5 23 32 18 21 7 23 15 34 11 13 22 16 17 19 30 15 9 23 32 19 14 8 30 21 10 17 25 2 5 25 20 21 21 17 31 13 22 0 23 31 19 13 17 19 19 28 25 5 8 29 25 33 23 35 25 9 18 10 32 7 24 7 21 25 14 13 21 16 19 12 5 24 29 30 25 22 34 33 21 7 15 20 28 23 17 14
41 25 26 43 57 45 63 32 29 29 47 13 27 27 19 46 49 21 2 29 46 24 52 30 17 32 14 25 42 43 34 23 29 41 38 37 27 35 29 14 37 48 22 28 43 41 43 28 40 42 24 14 23 0 46 42 18 27 18 7 49 47 19 26 36 35 39 37 54 45 15 31 32 45 17 21 25 30 21 14 35 36 26 28 22 21 46 41 40 36 41 53 46 27 29 35 31 39 9 23 9
41 24 23 28 14 25 21 41 29 23 10 43 32 20 36 24 3 27 44 32 24 22 7 20 29 16 32 22 21 5 40 40 23 18 13 28 23 25 20 33 39 24 31 28 6 16 18 21 24 11 22 36 31 46 0 26 28 19 31 39 15 20 31 23 21 15 24 9 11 12 37 15 33 4 32 32 24 18 32 32 33 10 20 18 24 36 19 6 17 10 44 10 2 22 33 17 15 13 40 23 39
17 20 20 48 26 46 29 19 13 36 17 31 15 21 23 5 25 34 40 13 5 29 25 16 31 29 34 30 5 28 18 23 36 38 14 5 18 41 32 28 16 7 20 14 20 10 8 33 3 33 26 40 19 42 26 0 30 27 37 37 16 9 23 19 38 32 42 24 25 15 27 25 12 29 25 42 20 31 43 32 11 22 28 29 27 21 9 28 36 28 20 24 28 34 14 13 27 33 41 31 33
33 10 10 28 39 28 46 26 18 12 30 18 18 10 13 32 31 5 16 20 32 6 34 14 1 14 4 8 27 25 27 18 12 24 22 26 12 19 12 7 29 34 11 16 25 25 27 11 27 25 6 10 13 18 28 30 0 9 7 11 33 32 9 11 19 18 22 19 36 29 12 13 23 27 8 12 10 13 13 4 26 18 8 11 4 15 30 24 23 19 34 35 29 10 20 19 14 22 12 6 13
35 10 9 22 31 22 38 30 18 9 23 27 20 7 20 29 22 8 25 21 29 3 25 11 10 5 13 3 24 16 30 25 9 15 16 24 11 15 5 16 30 31 16 16 17 21 23 6 24 16 4 17 17 27 19 27 9 0 12 20 27 28 15 10 13 9 17 10 28 22 21 4 23 18 16 15 10 4 16 13 26 9 1 2 6 21 26 15 14 10 35 26 20 7 21 15 5 13 21 4 22
39 17 17 25 43 27 50 33 25 11 35 21 24 16 19 39 33 4 16 26 39 9 37 21 6 15 5 9 34 27 34 24 11 23 27 33 19 17 11 12 36 41 18 23 29 31 33 10 34 24 11 5 19 18 31 37 7 12 0 11 38 38 15 18 18 17 21 22 40 34 17 16 29 29 14 5 17 13 6 7 32 21 10 12 10 21 36 25 22 20 41 38 30 9 26 25 15 21 9 7 15
38 20 20 36 50 38 57 29 25 22 41 12 24 21 16 41 42 14 5 26 41 17 45 25 10 24 7 18 37 36 31 20 22 34 33 33 22 28 22 9 34 43 17 23 36 36 37 21 35 35 17 7 19 7 39 37 11 20 11 0 44 42 14 21 29 28 32 30 47 40 12 24 29 38 12 14 20 23 14 7 32 29 19 21 15 18 40 34 33 29 38 46 39 20 26 30 24 32 4 16 6
33 24 24 42 10 39 14 34 24 35 5 43 27 23 33 11 13 34 47 26 11 29 11 19 34 27 37 30 12 19 33 35 35 32 11 20 22 39 31 35 32 11 30 24 12 8 8 32 15 25 27 43 28 49 15 16 33 27 38 44 0 7 31 23 35 28 38 19 9 5 37 23 26 19 33 42 24 29 43 37 26 18 28 27 29 33 7 20 31 23 36 8 17 33 27 14 25 27 45 31 41
26 22 22 45 17 43 20 27 19 37 10 38 22 22 30 4 19 35 45 20 4 30 18 18 33 29 36 31 6 24 26 30 37 35 12 13 21 41 33 33 25 4 26 20 16 7 5 34 8 29 27 42 25 47 20 9 32 28 38 42 7 0 29 21 37 30 40 21 16 9 33 25 20 24 31 43 22 31 44 35 19 20 29 29 28 28 2 24 34 25 29 15 22 35 21 13 27 30 44 32 39
25 7 8 36 38 36 45 18 11 21 28 12 10 11 5 27 33 14 17 12 27 12 35 12 9 20 11 14 23 30 19 10 20 30 20 19 9 27 18 5 21 29 3 9 26 23 24 18 21 31 11 17 5 19 31 23 9 15 15 14 31 29 0 8 26 24 30 23 36 27 6 18 15 32 2 20 7 19 21 9 18 21 14 17 9 6 27 29 29 25 26 35 33 18 12 17 20 28 18 14 10
25 1 1 32 30 32 36 20 9 18 20 20 10 3 13 21 25 15 24 12 21 10 27 4 12 14 15 12 16 22 20 17 18 24 12 15 1 25 15 12 21 23 8 7 18 15 17 15 16 23 7 21 8 26 23 19 11 10 18 21 23 21 8 0 23 17 27 15 28 19 14 10 14 24 10 23 1 14 24 14 17 13 10 12 8 13 20 21 22 17 26 27 25 16 12 9 12 20 23 12 18
48 23 22 9 35 9 42 43 31 7 30 37 33 20 32 38 24 15 34 34 38 14 28 23 20 9 22 12 34 16 43 37 7 5 25 36 24 4 8 26 43 40 28 29 23 30 32 8 35 11 16 22 29 36 21 38 19 13 18 29 35 37 26 23 0 7 4 16 32 30 31 13 36 17 27 16 23 8 16 23 39 17 13 10 17 32 35 15 5 12 48 31 19 9 34 25 11 8 27 13 32
43 18 17 15 29 14 36 38 26 9 23 36 28 14 29 31 18 14 33 29 31 12 22 17 19 4 21 10 28 10 37 34 9 6 18 30 18 11 6 25 38 33 25 24 16 23 25 7 29 7 13 22 25 35 15 32 18 9 17 28 28 30 24 17 7 0 10 9 26 23 30 7 31 12 25 18 18 5 18 22 34 10 10 7 15 30 28 9 5 5 43 25 14 8 29 19 5 4 26 12 31
52 27 26 5 38 6 45 47 35 10 33 40 37 24 36 41 27 18 37 38 41 18 31 27 23 13 25 16 38 19 47 41 10 6 28 40 28 4 12 29 47 43 32 33 26 33 35 12 39 13 20 25 33 39 24 42 22 17 21 32 38 40 30 27 4 10 0 19 35 33 34 17 40 20 30 18 27 12 18 26 43 20 17 14 21 36 38 18 7 15 52 34 22 12 38 29 15 11 30 17 35
37 16 15 24 21 22 28 33 21 16 14 35 24 12 28 23 12 18 35 24 23 13 15 12 20 8 23 13 20 7 33 32 16 14 10 24 15 20 12 25 33 24 23 20 7 15 17 13 22 10 13 27 23 37 9 24 19 10 22 30 19 21 23 15 16 9 19 0 18 14 29 6 26 9 24 24 16 10 24 23 28 2 11 9 15 28 19 6 12 4 38 17 10 14 25 11 6 9 31 14 31
42 29 29 39 3 36 10 43 31 34 8 48 34 27 40 20 8 36 52 34 20 31 4 24 38 26 41 31 21 16 42 42 34 29 16 29 27 36 30 40 41 20 35 31 11 16 17 31 24 22 30 45 35 54 11 25 36 28 40 47 9 16 36 28 32 26 35 18 0 10 42 23 35 15 38 42 29 28 42 40 35 18 28 27 32 40 16 17 28 21 45 1 13 32 35 20 24 24 48 31 46
32 20 20 37 12 34 18 33 21 30 2 39 24 19 30 12 10 30 43 24 12 25 10 15 30 22 33 25 11 15 32 32 30 27 7 19 18 34 26 31 31 12 26 21 7 6 7 27 14 20 23 39 25 45 12 15 29 22 34 40 5 9 27 19 30 23 33 14 10 0 33 18 25 15 29 37 20 24 38 33 25 13 23 22 25 30 7 15 26 18 35 9 14 28 25 10 20 22 41 26 37
26 13 14 39 44 40 51 17 15 24 34 6 12 17 4 31 39 16 13 14 31 18 41 18 11 26 12 20 27 36 19 8 24 36 26 22 15 31 24 5 22 33 7 13 32 29 29 23 25 37 17 17 9 15 37 27 12 21 17 12 37 33 6 14 31 30 34 29 42 33 0 24 17 38 5 22 13 25 23 10 20 27 20 23 15 6 32 35 35 31 26 41 39 22 14 23 26 34 16 18 6
35 11 10 22 27 21 34 31 19 12 18 30 20 7 23 26 18 12 29 22 26 7 21 10 14 4 17 7 21 12 30 27 12 13 13 23 11 16 8 19 31 28 18 17 12 18 20 9 22 13 7 21 18 31 15 25 13 4 16 24 23 25 18 10 13 7 17 6 23 18 24 0 24 14 19 19 11 6 20 17 27 5 5 4 9 23 23 11 12 7 36 22 16 10 22 12 2 10 25 8 25
11 14 14 46 36 46 40 8 5 32 27 21 5 17 13 17 34 28 30 3 17 23 35 14 23 28 26 25 14 33 7 11 31 38 20 7 13 38 28 20 7 19 12 7 27 19 18 29 12 36 20 32 10 32 33 12 23 23 29 29 26 20 15 14 36 31 40 26 35 25 17 24 0 35 17 34 14 27 35 24 3 24 23 25 21 11 19 32 36 30 12 34 35 29 3 16 26 34 33 25 23
44 25 24 24 18 21 25 42 30 21 14 44 33 21 37 27 7 25 43 33 27 21 11 21 28 14 31 20 24 2 42 41 21 14 16 31 24 21 18 33 42 27 32 29 9 19 21 19 27 7 21 34 32 45 4 29 27 18 29 38 19 24 32 24 17 12 20 9 15 15 38 14 35 0 33 30 25 16 30 31 36 11 19 16 23 37 22 3 13 8 47 14 2 20 34 19 13 9 38 21 39
27 9 10 36 40 36 46 18 13 20 30 11 12 12 5 29 34 13 15 14 29 13 37 14 8 21 9 15 25 31 20 10 20 31 22 21 11 27 19 3 23 31 5 11 28 25 26 19 23 32 12 15 7 17 32 25 8 16 14 12 33 31 2 10 27 25 30 24 38 29 5 19 17 33 0 19 9 20 20 7 20 22 15 18 10 7 29 30 30 26 27 37 34 18 14 19 21 29 16 14 8
44 22 22 22 45 24 52 38 30 10 37 26 29 21 24 44 35 8 19 31 44 13 39 26 11 16 10 12 39 28 39 29 10 21 31 38 24 14 12 17 41 46 23 28 31 36 38 11 39 25 16 7 24 21 32 42 12 15 5 14 42 43 20 23 16 18 18 24 42 37 22 19 34 30 19 0 22 14 1 12 37 24 14 15 15 26 41 27 21 22 46 41 32 10 31 30 18 22 12 11 20
25 0 1 32 31 32 37 20 9 18 21 19 10 4 12 22 26 14 23 12 22 10 28 5 11 15 14 12 17 23 20 16 18 24 13 16 2 25 15 11 21 24 7 7 19 16 18 15 17 24 7 20 7 25 24 20 10 10 17 20 24 22 7 1 23 18 27 16 29 20 13 11 14 25 9 22 0 14 23 13 17 14 10 12 7 12 21 22 23 18 26 28 26 16 12 10 13 21 22 12 17
40 14 14 17 31 17 38 34 23 6 24 31 24 11 24 32 21 9 28 26 32 7 25 15 14 2 16 5 27 14 34 29 6 11 19 28 15 11 2 20 35 34 20 21 17 24 26 3 28 12 8 18 21 30 18 31 13 4 13 23 29 31 19 14 8 5 12 10 28 24 25 6 27 16 20 14 14 0 14 17 30 11 5 2 10 25 29 13 10 8 39 27 18 4 25 18 4 9 22 7 26
45 23 23 22 46 24 53 39 31 10 38 26 30 22 25 45 36 9 19 32 45 14 40 27 12 17 11 13 40 29 40 30 10 21 32 39 25 14 12 18 42 47 24 29 31 37 39 11 40 25 17 7 25 21 32 43 13 16 6 14 43 44 21 24 16 18 18 24 42 38 23 20 35 30 20 1 23 14 0 13 38 25 15 16 16 27 42 27 21 22 47 41 32 10 32 31 18 22 12 12 20
34 13 13 31 43 32 50 25 20 16 34 14 19 14 12 35 35 8 12 21 35 10 38 18 3 18 2 12 30 29 27 17 16 28 26 28 15 23 16 5 30 37 12 18 29 29 30 15 29 29 10 8 14 14 32 32 4 13 7 7 37 35 9 14 23 22 26 23 40 33 10 17 24 31 7 12 13 17 13 0 27 22 12 15 8 14 33 28 27 23 34 39 33 14 21 23 18 26 9 10 9
9 17 17 49 36 48 39 8 8 35 27 23 8 20 16 16 34 31 33 6 16 26 35 17 26 31 29 28 14 34 7 13 34 40 20 6 16 41 31 23 6 18 15 10 27 19 18 32 11 38 23 35 13 35 33 11 26 26 32 32 26 19 18 17 39 34 43 28 35 25 20 27 3 36 20 37 17 30 38 27 0 26 26 28 24 14 19 34 39 32 11 34 35 32 6 17 29 37 36 28 26
35 14 13 25 21 24 28 31 19 17 13 33 22 10 26 21 13 17 34 22 21 12 16 10 19 9 22 12 18 9 31 30 17 16 8 21 13 21 13 23 31 23 21 18 7 13 15 14 19 12 12 26 21 36 10 22 18 9 21 29 18 20 21 13 17 10 20 2 18 13 27 5 24 11 22 24 14 11 25 22 26 0 10 9 14 26 18 8 14 6 36 17 12 15 23 9 7 11 30 13 29
35 10 9 22 32 22 39 30 18 8 23 26 20 7 19 30 23 6 24 21 30 2 26 12 9 6 12 2 25 17 30 24 8 16 17 25 11 14 5 15 30 32 15 16 17 22 24 5 25 17 3 15 16 26 20 28 8 1 10 19 28 29 14 10 13 10 17 11 28 23 20 5 23 19 15 14 10 5 15 12 26 10 0 3 5 20 27 16 15 11 35 27 21 6 21 16 6 14 19 3 21
37 12 11 19 30 19 37 32 20 8 22 29 22 9 22 30 21 8 26 23 30 5 25 13 12 3 14 3 25 14 32 27 8 13 17 26 13 13 4 18 32 32 18 18 16 22 24 5 26 14 6 17 19 28 18 29 11 2 12 21 27 29 17 12 10 7 14 9 27 22 23 4 25 16 18 15 12 2 16 15 28 9 3 0 8 23 27 13 12 8 37 26 18 6 23 16 3 11 21 5 24
32 7 7 26 35 26 42 26 16 11 26 21 17 6 14 29 27 7 20 18 29 3 30 11 5 11 8 5 24 21 27 19 11 21 18 23 9 18 9 10 28 31 11 14 21 21 23 9 24 22 2 14 12 22 24 27 4 6 10 15 29 28 9 8 17 15 21 15 32 25 15 9 21 23 10 15 7 10 16 8 24 14 5 8 0 15 26 20 20 16 33 31 25 9 19 15 11 19 16 5 16
20 12 13 42 42 42 47 12 9 27 32 10 7 16 2 26 37 20 19 8 26 18 39 16 15 26 16 20 22 35 13 4 26 36 24 16 13 33 24 9 16 28 5 9 30 25 25 24 20 36 17 21 5 21 36 21 15 21 21 18 33 28 6 13 32 30 36 28 40 30 6 23 11 37 7 26 12 25 27 14 14 26 20 23 15 0 27 34 35 30 20 39 38 24 8 20 25 33 22 20 12
26 21 20 43 17 41 21 27 18 35 9 37 21 20 29 5 17 33 44 20 5 28 17 16 31 27 34 29 5 22 26 29 35 33 10 13 19 39 31 32 25 5 25 19 14 5 3 32 8 27 25 40 24 46 19 9 30 26 36 40 7 2 27 20 35 28 38 19 16 7 32 23 19 22 29 41 21 29 42 33 19 18 27 27 26 27 0 22 31 23 29 15 21 33 21 11 25 28 42 30 37
42 22 21 22 20 19 27 39 27 18 15 41 30 18 34 26 9 21 39 30 26 18 13 18 25 11 27 16 23 1 39 38 18 12 14 29 21 19 15 30 39 27 29 26 8 18 20 16 26 5 18 30 29 41 6 28 24 15 25 34 20 24 29 21 15 9 18 6 17 15 35 11 32 3 30 27 22 13 27 28 34 8 16 13 20 34 22 0 11 5 44 16 5 17 31 17 10 7 34 18 36
48 23 22 11 31 9 38 43 31 11 26 41 33 19 34 36 20 19 38 34 36 17 24 22 24 9 26 15 32 12 42 39 11 1 22 35 23 9 11 30 43 37 30 29 19 27 29 12 34 6 18 26 30 40 17 36 23 14 22 33 31 34 29 22 5 5 7 12 28 26 35 12 36 13 30 21 23 10 21 27 39 14 15 12 20 35 31 11 0 8 48 27 15 13 34 23 10 4 31 17 36
41 18 17 19 24 17 31 37 25 13 18 37 27 14 30 27 13 16 34 28 27 13 17 16 20 6 22 11 24 6 37 34 13 9 14 27 18 16 10 26 37 28 25 24 11 19 21 11 25 6 14 25 25 36 10 28 19 10 20 29 23 25 25 17 12 5 15 4 21 18 31 7 30 8 26 22 18 8 22 23 32 6 11 8 16 30 23 5 8 0 42 20 10 12 29 15 5 5 29 13 32
3 27 27 59 46 59 49 9 17 44 37 28 17 29 22 25 45 40 39 15 25 35 45 26 35 40 36 37 24 45 7 18 43 50 31 16 25 50 40 29 5 26 23 19 38 29 28 41 21 48 32 41 22 41 44 20 34 35 41 38 36 29 26 26 48 43 52 38 45 35 26 36 12 47 27 46 26 39 47 34 11 36 35 37 33 20 29 44 48 42 0 44 46 41 15 28 38 46 42 37 32
41 28 28 38 4 35 11 42 30 33 7 47 33 26 39 19 7 34 51 33 19 29 3 23 36 25 39 29 20 15 41 41 33 28 15 28 26 35 29 39 40 19 34 30 10 15 16 30 23 21 29 43 34 53 10 24 35 26 38 46 8 15 35 27 31 25 34 17 1 9 41 22 34 14 37 41 28 27 41 39 34 17 27 26 31 39 15 16 27 20 44 0 12 31 34 19 23 23 46 30 45
43 26 25 26 16 23 23 43 31 23 12 45 34 22 38 26 5 26 44 34 26 23 9 22 30 16 32 21 23 4 42 42 23 16 15 30 25 23 20 35 41 26 33 30 8 18 20 21 26 9 23 35 33 46 2 28 29 20 30 39 17 22 33 25 19 14 22 10 13 14 39 16 35 2 34 32 26 18 32 33 35 12 21 18 25 38 21 5 15 10 46 12 0 22 35 19 15 11 39 23 41
41 16 15 17 35 18 42 35 24 2 28 28 26 13 23 36 25 6 25 27 36 6 29 18 11 6 13 4 31 18 36 28 2 14 23 31 17 9 2 17 36 38 20 22 21 28 30 1 31 15 9 14 21 27 22 34 10 7 9 20 33 35 18 16 9 8 12 14 32 28 22 10 29 20 18 10 16 4 10 14 32 15 6 6 9 24 33 17 13 12 41 31 22 0 27 22 8 12 18 5 23
13 12 12 44 36 44 41 8 4 30 27 18 2 15 10 19 34 25 27 1 19 21 35 13 20 26 23 23 16 32 8 9 29 36 20 9 11 36 26 17 10 21 9 5 27 19 19 27 13 35 18 29 7 29 33 14 20 21 26 26 27 21 12 12 34 29 38 25 35 25 14 22 3 34 14 31 12 25 32 21 6 23 21 23 19 8 21 31 34 29 15 34 35 27 0 16 24 32 30 23 20
25 10 10 34 22 33 28 24 12 24 12 29 15 9 20 14 18 22 33 15 14 17 19 5 20 16 23 18 9 17 23 23 24 25 4 12 8 28 20 21 23 16 16 11 11 6 8 21 10 21 14 29 15 35 17 13 19 15 25 30 14 13 17 9 25 19 29 11 20 10 23 12 16 19 19 30 10 18 31 23 17 9 16 16 15 20 11 17 23 15 28 19 19 22 16 0 14 20 31 19 27
37 13 12 20 27 19 34 33 21 10 20 32 22 9 25 28 18 11 29 24 28 8 21 12 15 2 17 6 23 11 32 29 10 11 15 25 13 14 6 21 33 30 20 19 13 20 22 7 24 11 9 20 20 31 15 27 14 5 15 24 25 27 20 12 11 5 15 6 24 20 26 2 26 13 21 18 13 4 18 18 29 7 6 3 11 25 25 10 10 5 38 23 15 8 24 14 0 8 24 8 27
45 21 20 15 27 13 34 41 29 12 22 40 30 17 33 32 16 18 37 32 32 16 20 20 23 8 25 14 29 8 40 37 12 5 19 32 21 12 10 29 41 33 28 27 15 24 26 11 30 3 17 26 28 39 13 33 22 13 21 32 27 30 28 20 8 4 11 9 24 22 34 10 34 9 29 22 21 9 22 26 37 11 14 11 19 33 28 7 4 5 46 23 11 12 32 20 8 0 30 16 35
42 22 22 34 51 36 58 33 29 20 42 16 28 22 20 44 42 13 7 30 44 18 46 26 11 24 8 18 39 36 35 24 20 32 34 37 24 26 20 13 38 46 21 27 37 37 39 19 38 33 18 5 23 9 40 41 12 21 9 4 45 44 18 23 27 26 30 31 48 41 16 25 33 38 16 12 22 22 12 9 36 30 19 21 16 22 42 34 31 29 42 46 39 18 30 31 24 30 0 16 10
37 12 11 22 35 22 42 31 20 7 26 24 22 10 19 33 26 3 21 23 33 2 29 15 7 8 9 2 28 19 32 24 7 18 20 27 13 14 6 13 32 35 16 18 20 25 27 5 28 19 5 12 17 23 23 31 6 4 7 16 31 32 14 12 13 12 17 14 31 26 18 8 25 21 14 11 12 7 12 10 28 13 3 5 5 20 30 18 17 13 37 30 23 5 23 19 8 16 16 0 19
32 17 18 39 48 41 54 23 20 25 38 6 18 19 10 37 41 17 7 20 37 19 44 22 12 27 10 21 33 37 25 14 25 37 30 28 19 31 25 6 28 39 13 19 35 33 34 24 31 38 18 13 14 9 39 33 13 22 15 6 41 39 10 18 32 31 35 31 46 37 6 25 23 39 8 20 17 26 20 9 26 29 21 24 16 12 37 36 36 32 32 45 41 23 20 27 27 35 10 19 0
0         1150     
57        186      
59        211      
750       859      
766       925      
140       274      
258       394      
536       670      
0         127      
121       258      
208       328      
676       791      
0         116      
63        211      
419       570      
19        149      
159       328      
352       484      
562       730      
0         96       
2         137      
57        230      
188       333      
47        190      
358       491      
78        228      
359       477      
62        235      
0         137      
179       309      
0         59       
420       552      
107       253      
131       268      
222       357      
24        179      
76        217      
115       238      
113       233      
383       530      
0         87       
2         164      
457       603      
426       579      
260       428      
239       362      
15        156      
378       558      
0         114      
157       311      
71        229      
599       747      
434       579      
967       1109     
179       298      
10        145      
425       537      
77        216      
333       489      
570       712      
209       345      
15        136      
400       577      
62        181      
127       246      
336       441      
151       262      
289       447      
248       413      
196       336      
562       690      
77        207      
0         80       
182       303      
390       499      
619       759      
469       612      
89        240      
638       762      
346       493      
0         86       
274       422      
71        233      
325       484      
383       538      
429       572      
0         140      
174       280      
307       473      
717       854      
509       648      
202       344      
165       329      
107       220      
670       819      
487       625      
92        221      
293       443      
610       742      
353       475      
348       508      
