101
0 10 21 44 18 29 13 29 30 4 42 13 19 15 9 14 31 49 29 18 28 15 35 34 24 45 30 27 40 37 46 9 26 22 28 28 30 25 35 36 17 7 50 39 36 29 10 29 22 12 12 41 33 35 26 23 24 13 38 39 47 18 21 25 11 29 23 48 29 28 22 34 25 36 41 36 36 30 18 37 41 31 24 27 28 12 39 20 22 41 31 31 43 41 43 21 40 36 19 29 28
10 0 25 49 17 30 23 29 40 11 42 4 26 24 19 15 41 55 29 28 37 25 45 34 32 52 37 28 40 37 53 1 35 29 27 38 39 33 42 44 26 8 57 47 46 38 18 29 23 19 16 45 43 34 36 27 34 14 46 48 54 19 24 35 1 29 33 55 39 32 32 44 27 36 41 41 43 35 25 40 49 38 34 27 32 22 44 21 32 41 40 41 45 41 45 31 47 42 25 39 28
21 25 0 23 15 12 20 13 33 17 25 26 7 14 17 12 28 29 17 16 18 24 29 19 12 26 13 8 24 20 27 25 16 8 20 25 21 13 18 21 13 17 32 24 29 20 14 17 9 11 9 20 30 22 23 2 23 13 22 29 29 8 4 22 26 17 20 31 23 7 17 29 5 17 25 16 18 10 6 16 26 15 23 17 7 17 19 10 20 23 23 27 22 21 22 25 23 17 5 24 17
44 49 23 0 37 27 39 29 43 40 31 49 25 32 36 35 36 6 33 32 23 42 30 32 22 6 14 25 33 31 7 48 23 22 37 35 24 21 10 13 30 40 9 12 27 25 34 33 29 32 32 9 37 36 34 21 36 36 12 21 8 31 26 34 49 33 33 11 28 16 30 32 23 25 34 7 9 13 25 12 13 14 37 34 16 36 4 31 34 29 25 35 12 22 12 41 9 7 24 32 34
18 17 15 37 0 13 26 12 43 15 25 14 21 23 21 5 40 43 12 27 33 30 43 17 27 41 28 12 23 20 42 18 31 23 10 37 36 28 33 36 25 11 46 39 44 35 18 12 7 17 11 30 42 17 35 17 34 5 37 44 44 7 11 34 17 12 32 46 37 21 31 43 13 19 24 29 32 24 19 26 41 30 34 10 21 23 32 5 31 24 38 40 30 24 30 33 37 31 19 38 11
29 30 12 27 13 0 32 2 45 25 13 27 19 26 27 15 40 33 6 28 29 36 40 7 24 32 22 3 12 9 33 30 28 20 10 37 32 24 26 30 25 23 36 33 40 31 24 6 7 22 17 19 42 11 35 12 35 16 31 38 34 11 9 34 30 6 32 37 34 15 29 40 6 7 13 21 26 18 18 15 35 24 35 7 15 29 24 9 32 12 34 39 19 12 19 37 31 23 17 36 7
13 23 20 39 26 32 0 32 17 12 45 26 14 7 5 21 18 42 35 7 18 4 22 38 16 37 24 28 44 40 38 22 17 17 36 15 19 17 28 28 8 17 43 31 25 18 7 35 25 10 15 39 20 40 13 22 11 20 30 28 40 21 22 12 24 34 10 40 17 25 11 21 25 37 45 32 29 26 15 36 33 24 11 33 25 3 34 23 9 43 20 18 42 41 42 8 32 31 16 16 33
29 29 13 29 12 2 32 0 46 25 13 26 20 27 28 15 41 35 4 29 31 36 42 6 25 34 24 5 11 8 35 30 29 21 8 38 34 25 28 32 26 23 38 35 41 33 25 4 7 23 17 21 43 9 36 13 36 16 33 40 36 11 10 35 29 4 33 39 36 17 30 42 8 7 12 23 28 20 19 17 37 26 36 5 17 30 26 9 33 12 35 40 20 12 20 38 33 25 18 37 5
30 40 33 43 43 45 17 46 0 29 58 43 25 19 22 38 7 45 50 15 20 15 14 52 22 40 29 41 57 53 41 39 20 26 51 8 19 23 33 30 17 34 46 32 17 18 24 48 39 25 31 44 6 54 9 32 9 37 32 24 43 36 35 10 41 48 12 41 15 32 14 11 37 49 58 37 34 32 25 42 33 29 8 47 32 19 39 38 11 55 18 8 48 51 48 9 35 36 26 11 48
4 11 17 40 15 25 12 25 29 0 38 14 15 13 8 11 30 45 26 17 26 16 34 30 21 41 26 23 36 33 42 11 24 18 25 27 28 22 31 33 15 5 46 36 35 27 7 26 18 8 8 37 32 32 25 19 23 10 35 37 43 14 17 24 12 26 22 44 28 24 21 33 21 32 37 32 32 26 14 33 38 27 23 24 24 11 35 16 21 37 29 30 39 37 39 20 36 32 15 28 25
42 42 25 31 25 13 45 13 58 38 0 39 32 39 40 28 53 37 13 41 41 49 52 8 36 37 32 16 2 5 38 43 39 32 15 50 44 36 33 38 38 36 40 40 52 43 37 13 20 35 30 22 55 8 48 25 48 29 38 48 39 24 22 47 42 13 45 42 46 25 42 52 19 8 3 27 32 27 31 19 41 33 48 15 25 42 29 22 45 2 45 52 19 9 19 50 37 29 30 49 14
13 4 26 49 14 27 26 26 43 14 39 0 27 27 22 14 44 55 26 31 39 28 48 31 33 52 38 26 37 34 53 5 37 30 24 41 41 34 43 45 29 9 58 48 49 40 21 26 21 21 17 44 46 31 39 28 37 13 47 50 55 18 23 38 3 26 36 56 42 33 35 47 26 33 38 42 44 36 26 39 50 39 37 24 33 25 45 19 35 38 43 44 44 38 44 34 48 43 26 42 25
19 26 7 25 21 19 14 20 25 15 32 27 0 7 11 17 20 30 24 8 12 18 22 26 6 26 11 15 31 27 27 26 10 3 27 17 15 7 16 18 6 18 31 21 23 14 9 24 16 7 11 25 22 29 15 8 15 17 20 23 28 14 11 15 27 24 13 29 16 11 10 22 12 24 32 18 17 12 2 22 23 12 15 24 11 11 21 16 12 30 17 20 28 28 28 17 21 18 2 17 24
15 24 14 32 23 26 7 27 19 13 39 27 7 0 6 19 17 35 30 4 13 11 21 33 10 31 18 22 38 34 32 24 11 10 32 14 15 11 22 22 2 18 37 25 22 14 6 30 21 6 12 32 19 36 12 15 10 18 24 24 34 18 17 11 25 30 9 34 15 18 8 20 19 31 39 25 23 19 8 29 27 18 11 29 18 4 28 20 8 37 16 17 35 35 35 12 26 25 9 15 30
9 19 17 36 21 27 5 28 22 8 40 22 11 6 0 17 22 41 30 9 19 9 26 34 16 37 22 24 39 36 38 18 17 14 31 19 21 17 27 28 8 13 42 31 27 20 3 30 21 6 11 36 24 36 17 19 15 16 30 30 39 17 18 16 20 30 14 40 20 22 13 25 22 33 40 29 28 23 12 33 33 23 15 29 22 3 32 19 13 39 22 22 39 38 39 13 32 29 13 20 29
14 15 12 35 5 15 21 15 38 11 28 14 17 19 17 0 36 41 15 22 29 25 39 20 23 38 25 13 26 23 39 15 27 19 15 32 32 24 30 33 20 8 44 36 40 31 14 15 8 12 6 30 37 20 30 14 29 1 34 40 41 5 9 29 15 15 27 43 33 19 26 38 13 22 27 28 30 22 15 26 38 27 29 13 19 19 31 6 26 27 34 35 31 27 31 29 35 29 15 33 14
31 41 28 36 40 40 18 41 7 30 53 44 20 17 22 36 0 38 44 13 13 17 8 46 18 33 23 35 51 47 34 40 14 21 47 3 12 17 26 23 15 35 39 25 11 11 23 44 36 23 29 38 2 49 5 28 7 35 25 17 36 34 31 6 42 44 8 34 8 27 10 5 32 44 52 31 27 26 22 36 26 22 7 44 27 19 32 36 9 50 11 1 42 46 42 11 28 29 22 4 44
49 55 29 6 43 33 42 35 45 45 37 55 30 35 41 41 38 0 39 35 25 45 31 38 25 5 18 31 39 37 4 54 25 26 43 37 26 24 13 15 33 46 3 13 28 27 39 39 35 36 38 15 39 42 36 27 38 42 13 21 2 37 32 36 55 39 35 5 30 22 32 34 29 31 40 13 12 19 30 18 12 17 39 40 22 39 10 37 36 35 27 37 18 28 18 43 10 12 30 34 40
29 29 17 33 12 6 35 4 50 26 13 26 24 30 30 15 44 39 0 32 35 39 46 5 29 38 28 9 11 8 39 30 33 25 4 41 38 29 32 36 30 23 42 39 45 37 27 0 9 25 19 25 46 6 39 17 39 16 37 44 40 12 13 39 29 0 37 43 40 21 34 46 12 9 12 27 32 24 23 21 41 30 39 2 21 31 30 10 36 12 39 44 23 14 23 41 37 29 22 41 1
18 28 16 32 27 28 7 29 15 17 41 31 8 4 9 22 13 35 32 0 11 10 17 34 10 31 18 23 39 35 32 27 10 11 35 10 12 11 22 21 2 22 37 24 18 11 10 32 24 10 16 33 15 37 8 16 6 22 23 21 34 21 19 7 29 32 5 33 11 19 4 16 20 32 40 26 23 20 10 30 26 18 7 32 19 6 28 23 4 38 13 13 36 36 36 9 26 25 10 11 32
28 37 18 23 33 29 18 31 20 26 41 39 12 13 19 29 13 25 35 11 0 20 10 36 6 20 10 26 41 38 21 37 2 10 38 12 3 5 13 10 11 30 26 13 11 2 19 35 27 18 23 25 15 40 11 17 13 29 12 11 23 26 22 11 38 35 10 22 5 15 7 11 22 32 42 17 14 14 14 24 15 9 14 35 15 17 19 28 11 38 5 12 29 34 29 18 15 16 14 9 35
15 25 24 42 30 36 4 36 15 16 49 28 18 11 9 25 17 45 39 10 20 0 23 42 20 40 28 32 47 44 41 24 20 21 40 14 21 21 32 30 12 21 46 33 25 20 11 39 29 14 19 43 18 44 12 26 10 24 32 30 43 25 26 12 26 38 11 42 18 29 13 20 29 41 48 36 33 30 19 40 35 28 10 37 29 7 38 27 10 47 21 17 46 45 46 6 35 35 20 15 37
35 45 29 30 43 40 22 42 14 34 52 48 22 21 26 39 8 31 46 17 10 23 0 46 16 26 20 36 51 48 27 44 12 20 48 9 8 15 21 17 19 39 32 18 3 8 27 45 37 27 33 35 8 50 9 27 11 39 18 10 29 36 32 10 46 45 12 27 6 25 13 3 32 42 52 27 22 24 24 34 19 19 12 45 25 23 27 38 13 48 6 7 39 44 39 16 21 25 24 6 45
34 34 19 32 17 7 38 6 52 30 8 31 26 33 34 20 46 38 5 34 36 42 46 0 31 38 29 10 6 3 39 35 35 27 8 43 39 31 32 37 32 28 41 39 47 38 31 5 13 29 23 23 48 4 41 19 40 21 37 45 40 16 16 41 34 5 39 43 41 22 36 47 13 7 7 27 32 25 25 20 41 31 41 7 22 35 30 14 38 7 41 46 21 12 21 43 37 29 24 43 6
24 32 12 22 27 24 16 25 22 21 36 33 6 10 16 23 18 25 29 10 6 20 16 31 0 21 8 20 36 32 22 32 4 4 32 15 9 1 12 12 8 24 27 15 17 8 14 29 21 13 17 23 19 34 13 11 14 23 14 17 24 20 16 13 33 29 11 24 11 10 8 17 16 27 37 16 13 10 8 20 17 8 15 29 10 14 18 22 12 33 11 17 26 29 26 19 16 15 8 14 29
45 52 26 6 41 32 37 34 40 41 37 52 26 31 37 38 33 5 38 31 20 40 26 38 21 0 14 29 39 37 1 51 21 22 42 32 21 20 9 10 29 43 6 8 23 22 35 38 33 32 35 15 34 42 31 24 33 39 8 16 3 34 29 31 52 38 30 5 25 19 27 29 27 31 40 11 8 16 26 18 7 13 34 39 19 35 8 35 31 35 22 32 18 28 18 38 5 9 26 29 39
30 37 13 14 28 22 24 24 29 26 32 38 11 18 22 25 23 18 28 18 10 28 20 29 8 14 0 19 32 29 15 37 9 8 32 22 12 7 5 8 16 29 20 11 20 12 20 28 22 18 21 15 25 33 20 11 22 26 9 16 17 21 17 20 38 28 19 18 15 7 16 21 16 23 33 8 6 4 12 14 13 2 23 29 7 22 10 23 20 29 14 22 19 24 19 27 10 7 12 19 29
27 28 8 25 12 3 28 5 41 23 16 26 15 22 24 13 35 31 9 23 26 32 36 10 20 29 19 0 15 12 30 28 24 16 13 32 29 20 23 27 21 21 34 30 36 28 21 9 5 19 15 18 37 14 30 8 29 14 28 35 32 9 6 30 28 9 28 34 31 12 25 37 3 9 16 18 23 15 14 14 32 21 30 10 12 25 21 7 27 15 30 35 18 14 18 32 28 20 13 32 10
40 40 24 33 23 12 44 11 57 36 2 37 31 38 39 26 51 39 11 39 41 47 51 6 36 39 32 15 0 3 40 41 39 31 13 47 44 35 34 39 36 34 42 41 51 43 36 11 18 34 28 24 52 6 45 23 44 27 39 48 41 22 21 45 40 11 43 44 46 25 40 52 18 8 1 28 33 27 29 21 42 33 45 13 25 40 31 20 42 4 45 50 21 11 21 47 38 30 28 47 12
37 37 20 31 20 9 40 8 53 33 5 34 27 34 36 23 47 37 8 35 38 44 48 3 32 37 29 12 3 0 38 38 36 28 11 44 41 32 32 37 33 31 40 38 48 40 33 8 15 31 25 22 49 5 42 20 41 24 36 45 39 19 18 42 37 8 40 42 43 23 37 49 15 6 4 26 31 25 26 19 40 31 42 10 23 37 29 17 39 4 42 47 19 9 19 44 36 28 25 44 9
46 53 27 7 42 33 38 35 41 42 38 53 27 32 38 39 34 4 39 32 21 41 27 39 22 1 15 30 40 38 0 52 22 23 43 33 22 21 10 11 30 44 5 9 24 23 35 39 34 33 36 16 35 43 32 25 34 40 9 17 2 35 30 32 53 39 31 4 26 20 28 30 28 32 41 12 9 17 27 19 8 14 35 40 20 36 9 36 32 36 23 33 19 29 19 39 6 10 27 30 40
9 1 25 48 18 30 22 30 39 11 43 5 26 24 18 15 40 54 30 27 37 24 44 35 32 51 37 28 41 38 52 0 35 29 28 37 39 33 42 44 26 8 57 47 45 38 18 30 23 19 16 45 42 35 35 27 33 14 46 48 54 19 24 34 2 30 32 55 38 32 31 43 27 37 42 41 43 35 25 40 49 38 33 28 32 21 44 21 31 42 40 40 45 42 45 30 47 42 25 38 29
26 35 16 23 31 28 17 29 20 24 39 37 10 11 17 27 14 25 33 10 2 20 12 35 4 21 9 24 39 36 22 35 0 8 36 13 5 3 13 11 9 28 27 14 13 4 17 33 25 16 21 24 16 38 11 15 13 27 13 13 24 24 20 11 36 33 10 23 7 13 7 13 20 30 40 17 14 12 12 22 16 9 14 33 13 15 19 26 11 36 7 13 28 32 28 18 16 16 12 10 33
22 29 8 22 23 20 17 21 26 18 32 30 3 10 14 19 21 26 25 11 10 21 20 27 4 22 8 16 31 28 23 29 8 0 28 18 13 5 13 15 9 21 28 18 21 12 12 25 17 10 13 22 23 30 16 7 16 19 16 21 25 16 12 16 30 25 14 26 15 8 11 21 12 24 32 15 14 9 4 19 20 9 17 25 8 14 18 18 14 30 15 20 25 27 25 20 18 15 4 17 25
28 27 20 37 10 10 36 8 51 25 15 24 27 32 31 15 47 43 4 35 38 40 48 8 32 42 32 13 13 11 43 28 36 28 0 44 41 33 36 40 33 21 46 43 49 40 28 4 11 26 20 29 49 7 42 21 41 15 41 48 44 13 16 42 27 4 40 47 43 25 37 49 16 13 14 31 36 28 25 25 45 34 42 3 25 32 34 11 39 15 43 47 27 18 27 42 41 33 25 44 3
28 38 25 35 37 37 15 38 8 27 50 41 17 14 19 32 3 37 41 10 12 14 9 43 15 32 22 32 47 44 33 37 13 18 44 0 11 16 25 22 12 32 38 24 12 10 20 41 33 20 26 37 5 46 2 25 4 32 24 17 35 31 28 3 39 41 5 33 7 25 7 6 29 41 48 29 26 25 19 35 25 21 4 41 25 16 31 33 6 47 10 3 41 44 41 9 27 28 19 3 41
30 39 21 24 36 32 19 34 19 28 44 41 15 15 21 32 12 26 38 12 3 21 8 39 9 21 12 29 44 41 22 39 5 13 41 11 0 8 14 11 13 32 27 13 8 1 21 38 30 20 26 27 13 43 10 20 12 32 13 9 24 29 25 10 40 38 9 22 4 18 8 10 25 35 45 19 15 16 17 26 14 11 13 38 18 18 20 31 10 41 2 11 31 36 31 17 16 18 17 8 38
25 33 13 21 28 24 17 25 23 22 36 34 7 11 17 24 17 24 29 11 5 21 15 31 1 20 7 20 35 32 21 33 3 5 33 16 8 0 11 11 9 25 26 14 16 7 15 29 22 14 18 22 19 34 14 12 15 24 13 16 23 21 17 13 34 29 12 23 10 10 9 16 17 27 36 15 12 9 9 19 16 7 16 30 10 15 17 23 13 33 10 16 25 29 25 20 15 14 9 13 30
35 42 18 10 33 26 28 28 33 31 33 43 16 22 27 30 26 13 32 22 13 32 21 32 12 9 5 23 34 32 10 42 13 13 36 25 14 11 0 5 20 34 15 7 20 15 25 32 26 23 26 14 27 36 24 16 26 31 5 15 12 26 21 24 43 32 23 13 18 11 20 24 20 26 35 6 1 8 17 14 9 4 27 33 11 26 6 27 24 31 16 25 18 25 18 31 5 4 17 22 33
36 44 21 13 36 30 28 32 30 33 38 45 18 22 28 33 23 15 36 21 10 30 17 37 12 10 8 27 39 37 11 44 11 15 40 22 11 11 5 0 20 36 16 3 15 12 26 36 30 25 28 18 24 41 21 19 23 34 2 10 13 29 25 21 45 36 20 12 15 15 17 19 24 30 40 10 5 12 19 18 5 6 24 37 15 26 10 31 21 35 12 22 22 29 22 28 5 8 19 19 37
17 26 13 30 25 25 8 26 17 15 38 29 6 2 8 20 15 33 30 2 11 12 19 32 8 29 16 21 36 33 30 26 9 9 33 12 13 9 20 20 0 20 35 23 20 12 8 30 22 8 14 31 17 35 10 14 8 20 22 22 32 19 17 9 27 30 7 32 13 17 6 18 18 30 37 24 21 18 8 28 25 16 9 30 17 6 26 21 6 36 14 15 34 34 34 11 24 23 8 13 30
7 8 17 40 11 23 17 23 34 5 36 9 18 18 13 8 35 46 23 22 30 21 39 28 24 43 29 21 34 31 44 8 28 21 21 32 32 25 34 36 20 0 49 39 40 31 12 23 16 12 8 37 37 28 30 19 28 7 37 41 46 12 16 29 9 23 27 47 33 24 26 38 20 30 35 33 35 27 17 33 41 30 28 21 24 16 36 14 26 35 34 35 38 35 38 25 39 34 17 33 22
50 57 32 9 46 36 43 38 46 46 40 58 31 37 42 44 39 3 42 37 26 46 32 41 27 6 20 34 42 40 5 57 27 28 46 38 27 26 15 16 35 49 0 14 29 28 40 42 38 38 41 18 40 45 37 30 39 45 14 22 3 40 35 37 58 42 36 5 31 25 33 35 32 34 43 16 14 22 32 21 13 19 40 43 25 41 13 40 37 38 28 38 21 31 21 44 11 15 32 35 43
39 47 24 12 39 33 31 35 32 36 40 48 21 25 31 36 25 13 39 24 13 33 18 39 15 8 11 30 41 38 9 47 14 18 43 24 13 14 7 3 23 39 14 0 15 14 29 39 33 28 31 19 26 43 23 22 25 37 2 9 11 32 28 23 48 39 22 9 17 18 20 21 27 32 42 12 7 15 22 20 2 9 26 40 18 29 11 34 23 37 14 24 23 31 23 30 3 10 22 21 40
36 46 29 27 44 40 25 41 17 35 52 49 23 22 27 40 11 28 45 18 11 25 3 47 17 23 20 36 51 48 24 45 13 21 49 12 8 16 20 15 20 40 29 15 0 9 28 45 38 28 34 33 11 50 12 28 14 40 16 7 26 37 33 13 47 45 14 24 7 26 14 6 33 43 52 25 20 24 25 33 16 18 15 46 26 24 25 39 15 49 6 10 37 44 37 19 18 23 25 9 46
29 38 20 25 35 31 18 33 18 27 43 40 14 14 20 31 11 27 37 11 2 20 8 38 8 22 12 28 43 40 23 38 4 12 40 10 1 7 15 12 12 31 28 14 9 0 20 36 29 19 25 27 12 41 9 19 11 31 14 10 25 28 24 9 39 36 8 23 3 17 7 9 24 34 43 19 16 16 16 26 15 11 12 37 17 17 21 30 9 40 3 10 31 36 31 16 17 18 16 7 37
10 18 14 34 18 24 7 25 24 7 37 21 9 6 3 14 23 39 27 10 19 11 27 31 14 35 20 21 36 33 35 18 17 12 28 20 21 15 25 26 8 12 40 29 28 20 0 27 18 3 8 33 25 33 18 16 16 13 28 30 37 14 15 17 19 27 15 38 21 19 14 26 19 30 37 27 26 21 9 30 31 21 16 26 19 5 30 16 14 36 22 23 36 35 36 15 30 27 10 21 26
29 29 17 33 12 6 35 4 48 26 13 26 24 30 30 15 44 39 0 32 35 39 45 5 29 38 28 9 11 8 39 30 33 25 4 41 38 29 32 36 30 23 42 39 45 36 27 0 9 25 19 25 46 6 39 17 38 16 37 44 40 12 13 39 29 0 37 43 39 21 34 45 12 9 12 27 32 24 23 21 41 30 39 2 21 31 30 10 36 12 39 44 23 14 23 41 37 29 22 41 1
22 23 9 29 7 7 25 7 39 18 20 21 16 21 21 8 36 35 9 24 27 29 37 13 21 33 22 5 18 15 34 23 25 17 11 33 30 22 26 30 22 16 38 33 38 29 18 9 0 16 10 23 38 15 31 11 30 9 31 38 36 4 5 31 23 9 29 38 32 15 26 38 6 14 19 22 26 18 14 19 35 24 31 8 15 23 25 2 28 19 32 36 23 19 23 33 31 24 14 33 9
12 19 11 32 17 22 10 23 25 8 35 21 7 6 6 12 23 36 25 10 18 14 27 29 13 32 18 19 34 31 33 19 16 10 26 20 20 14 23 25 8 12 38 28 28 19 3 25 16 0 6 30 25 31 18 13 16 12 26 29 35 12 13 17 20 25 15 36 21 16 14 26 16 28 35 24 24 18 6 27 30 19 17 24 16 7 27 14 14 34 22 23 33 32 33 17 28 24 7 21 24
12 16 9 32 11 17 15 17 31 8 30 17 11 12 11 6 29 38 19 16 23 19 33 23 17 35 21 15 28 25 36 16 21 13 20 26 26 18 26 28 14 8 41 31 34 25 8 19 10 6 0 29 31 25 24 11 22 6 29 34 38 6 9 23 17 19 21 39 27 16 20 32 13 24 29 25 27 19 9 25 33 22 23 18 16 13 28 8 20 29 28 29 31 29 31 23 31 26 9 27 18
41 45 20 9 30 19 39 21 44 37 22 44 25 32 36 30 38 15 25 33 25 43 35 23 23 15 15 18 24 22 16 45 24 22 29 37 27 22 14 18 31 37 18 19 33 27 33 25 23 30 29 0 39 27 35 18 37 31 17 27 17 25 21 35 45 25 34 20 30 14 31 36 17 16 25 8 13 13 24 4 20 16 38 26 14 36 8 25 35 20 29 37 4 13 4 42 16 10 23 34 26
33 43 30 37 42 42 20 43 6 32 55 46 22 19 24 37 2 39 46 15 15 18 8 48 19 34 25 37 52 49 35 42 16 23 49 5 13 19 27 24 17 37 40 26 11 12 25 46 38 25 31 39 0 51 7 30 9 37 26 18 37 36 33 8 44 46 10 35 9 29 12 5 34 46 53 31 28 28 24 38 27 23 9 46 29 21 33 38 11 52 12 2 43 48 43 12 29 30 24 5 46
35 34 22 36 17 11 40 9 54 32 8 31 29 36 36 20 49 42 6 37 40 44 50 4 34 42 33 14 6 5 43 35 38 30 7 46 43 34 36 41 35 28 45 43 50 41 33 6 15 31 25 27 51 0 44 22 43 21 41 49 44 18 19 44 34 6 42 47 44 26 39 50 17 11 7 31 36 29 28 24 45 35 44 7 26 37 34 16 41 9 44 49 24 14 24 46 41 33 27 46 6
26 36 23 34 35 35 13 36 9 25 48 39 15 12 17 30 5 36 39 8 11 12 9 41 13 31 20 30 45 42 32 35 11 16 42 2 10 14 24 21 10 30 37 23 12 9 18 39 31 18 24 35 7 44 0 23 2 30 23 17 34 29 26 1 37 39 3 32 6 23 5 8 27 39 46 28 25 23 17 33 24 20 3 39 23 14 30 31 4 45 9 5 39 42 39 7 26 27 17 3 39
23 27 2 21 17 12 22 13 32 19 25 28 8 15 19 14 28 27 17 16 17 26 27 19 11 24 11 8 23 20 25 27 15 7 21 25 20 12 16 19 14 19 30 22 28 19 16 17 11 13 11 18 30 22 23 0 22 15 20 27 27 10 6 23 28 17 21 29 22 5 18 28 5 17 24 14 16 8 7 14 24 13 23 18 5 19 17 12 20 23 22 27 20 20 20 25 21 15 6 24 18
24 34 23 36 34 35 11 36 9 23 48 37 15 10 15 29 7 38 39 6 13 10 11 40 14 33 22 29 44 41 34 33 13 16 41 4 12 15 26 23 8 28 39 25 14 11 16 38 30 16 22 37 9 43 2 22 0 28 25 19 36 27 25 2 35 38 3 34 8 24 6 10 26 38 45 30 27 24 16 34 26 22 1 38 24 12 32 29 2 44 11 7 40 42 40 5 28 29 16 5 38
13 14 13 36 5 16 20 16 37 10 29 13 17 18 16 1 35 42 16 22 29 24 39 21 23 39 26 14 27 24 40 14 27 19 15 32 32 24 31 34 20 7 45 37 40 31 13 16 9 12 6 31 37 21 30 15 28 0 35 40 42 5 10 29 14 16 27 44 33 20 26 38 13 23 28 29 31 23 15 26 39 28 29 14 20 18 32 7 26 28 34 35 31 28 31 28 36 30 15 33 15
38 46 22 12 37 31 30 33 32 35 38 47 20 24 30 34 25 13 37 23 12 32 18 37 14 8 9 28 39 36 9 46 13 16 41 24 13 13 5 2 22 37 14 2 16 14 28 37 31 26 29 17 26 41 23 20 25 35 0 10 11 30 26 23 46 37 22 10 17 16 19 21 25 30 40 10 5 13 20 18 4 7 26 38 16 28 9 32 23 35 14 24 21 29 21 30 3 8 20 21 38
39 48 29 21 44 38 28 40 24 37 48 50 23 24 30 40 17 21 44 21 11 30 10 45 17 16 16 35 48 45 17 48 13 21 48 17 9 16 15 10 22 41 22 9 7 10 30 44 38 29 34 27 18 49 17 27 19 40 10 0 19 37 33 18 49 44 18 17 11 23 17 13 32 39 49 20 15 20 25 28 9 14 20 45 23 27 19 39 19 45 8 16 31 39 31 24 12 18 25 14 45
47 54 29 8 44 34 40 36 43 43 39 55 28 34 39 41 36 2 40 34 23 43 29 40 24 3 17 32 41 39 2 54 24 25 44 35 24 23 12 13 32 46 3 11 26 25 37 40 36 35 38 17 37 44 34 27 36 42 11 19 0 37 32 34 55 40 33 3 28 22 30 32 30 33 42 13 11 19 29 20 10 16 37 41 22 38 10 38 34 37 25 35 20 30 20 41 8 12 29 32 41
18 19 8 31 7 11 21 11 36 14 24 18 14 18 17 5 34 37 12 21 26 25 36 16 20 34 21 9 22 19 35 19 24 16 13 31 29 21 26 29 19 12 40 32 37 28 14 12 4 12 6 25 36 18 29 10 27 5 30 37 37 0 5 28 19 12 26 39 30 15 24 36 8 18 23 24 26 18 12 21 34 23 28 11 15 19 27 2 25 23 31 34 26 23 26 29 31 25 12 31 12
21 24 4 26 11 9 22 10 35 17 22 23 11 17 18 9 31 32 13 19 22 26 32 16 16 29 17 6 21 18 30 24 20 12 16 28 25 17 21 25 17 16 35 28 33 24 15 13 5 13 9 21 33 19 26 6 25 10 26 33 32 5 0 26 24 13 24 34 27 10 21 33 4 15 22 19 21 13 10 17 30 19 26 13 10 20 22 6 23 21 27 31 22 20 22 28 26 20 9 28 13
25 35 22 34 34 34 12 35 10 24 47 38 15 11 16 29 6 36 39 7 11 12 10 41 13 31 20 30 45 42 32 34 11 16 42 3 10 13 24 21 9 29 37 23 13 9 17 39 31 17 23 35 8 44 1 23 2 29 23 18 34 28 26 0 36 39 2 32 7 23 5 9 27 39 46 28 25 22 17 32 24 20 3 39 23 13 30 30 3 45 10 6 38 42 38 7 26 27 17 4 39
11 1 26 49 17 30 24 29 41 12 42 3 27 25 20 15 42 55 29 29 38 26 46 34 33 52 38 28 40 37 53 2 36 30 27 39 40 34 43 45 27 9 58 48 47 39 19 29 23 20 17 45 44 34 37 28 35 14 46 49 55 19 24 36 0 29 34 56 40 33 33 45 27 36 41 42 44 36 26 40 50 39 35 27 33 23 45 21 33 41 41 42 45 41 45 32 48 43 26 40 28
29 29 17 33 12 6 34 4 48 26 13 26 24 30 30 15 44 39 0 32 35 38 45 5 29 38 28 9 11 8 39 30 33 25 4 41 38 29 32 36 30 23 42 39 45 36 27 0 9 25 19 25 46 6 39 17 38 16 37 44 40 12 13 39 29 0 37 43 39 21 34 45 12 9 12 27 32 24 23 21 41 30 39 2 21 31 30 10 36 12 39 44 23 14 23 41 37 29 22 41 1
23 33 20 33 32 32 10 33 12 22 45 36 13 9 14 27 8 35 37 5 10 11 12 39 11 30 19 28 43 40 31 32 10 14 40 5 9 12 23 20 7 27 36 22 14 8 15 37 29 15 21 34 10 42 3 21 3 27 22 18 33 26 24 2 34 37 0 31 7 21 3 11 25 37 44 27 24 21 15 31 23 19 4 37 21 11 29 28 1 43 10 8 37 40 37 8 25 26 15 6 37
48 55 31 11 46 37 40 39 41 44 42 56 29 34 40 43 34 5 43 33 22 42 27 43 24 5 18 34 44 42 4 55 23 26 47 33 22 23 13 12 32 47 5 9 24 23 38 43 38 36 39 20 35 47 32 29 34 44 10 17 3 39 34 32 56 43 31 0 26 24 29 30 32 36 45 16 13 21 30 23 8 17 35 44 24 38 13 40 32 40 23 33 23 33 23 39 8 14 30 30 44
29 39 23 28 37 34 17 36 15 28 46 42 16 15 20 33 8 30 40 11 5 18 6 41 11 25 15 31 46 43 26 38 7 15 43 7 4 10 18 15 13 33 31 17 7 3 21 39 32 21 27 30 9 44 6 22 8 33 17 11 28 30 27 7 40 39 7 26 0 20 7 6 27 37 46 22 19 19 18 29 18 14 9 40 20 17 24 32 8 43 3 7 34 39 34 13 20 21 18 4 40
28 32 7 16 21 15 25 17 32 24 25 33 11 18 22 19 27 22 21 19 15 29 25 22 10 19 7 12 25 23 20 32 13 8 25 25 18 10 11 15 17 24 25 18 26 17 19 21 15 16 16 14 29 26 23 5 24 20 16 23 22 15 10 23 33 21 21 24 20 0 18 26 9 17 26 9 11 3 10 11 20 9 25 22 0 22 12 16 22 23 20 26 17 19 17 28 16 10 9 23 22
22 32 17 30 31 29 11 30 14 21 42 35 10 8 13 26 10 32 34 4 7 13 13 36 8 27 16 25 40 37 28 31 7 11 37 7 8 9 20 17 6 26 33 20 14 7 14 34 26 14 20 31 12 39 5 18 6 26 19 17 30 24 21 5 33 34 3 29 7 18 0 12 22 34 41 24 21 18 12 28 22 16 7 34 18 10 26 26 4 40 9 10 34 37 34 11 22 23 12 7 34
34 44 29 32 43 40 21 42 11 33 52 47 22 20 25 38 5 34 46 16 11 20 3 47 17 29 21 37 52 49 30 43 13 21 49 6 10 16 24 19 18 38 35 21 6 9 26 45 38 26 32 36 5 50 8 28 10 38 21 13 32 36 33 9 45 45 11 30 6 26 12 0 33 43 52 28 24 25 24 35 22 20 10 46 26 22 29 38 12 49 8 4 40 45 40 15 24 27 24 5 46
25 27 5 23 13 6 25 8 37 21 19 26 12 19 22 13 32 29 12 20 22 29 32 13 16 27 16 3 18 15 28 27 20 12 16 29 25 17 20 24 18 20 32 27 33 24 19 12 6 16 13 17 34 17 27 5 26 13 25 32 30 8 4 27 27 12 25 32 27 9 22 33 0 12 19 16 20 12 11 13 29 18 27 13 9 22 19 8 24 18 27 32 18 16 18 29 25 18 10 29 13
36 36 17 25 19 7 37 7 49 32 8 33 24 31 33 22 44 31 9 32 32 41 42 7 27 31 23 9 8 6 32 37 30 24 13 41 35 27 26 30 30 30 34 32 43 34 30 9 14 28 24 16 46 11 39 17 38 23 30 39 33 18 15 39 36 9 37 36 37 17 34 43 12 0 9 20 25 19 23 13 34 25 39 11 17 34 23 16 36 6 37 43 14 5 14 41 30 22 22 40 10
41 41 25 34 24 13 45 12 58 37 3 38 32 39 40 27 52 40 12 40 42 48 52 7 37 40 33 16 1 4 41 42 40 32 14 48 45 36 35 40 37 35 43 42 52 43 37 12 19 35 29 25 53 7 46 24 45 28 40 49 42 23 22 46 41 12 44 45 46 26 41 52 19 9 0 29 34 28 30 22 43 34 46 14 26 41 32 21 43 5 46 51 22 12 22 48 39 31 29 48 13
36 41 16 7 29 21 32 23 37 32 27 42 18 25 29 28 31 13 27 26 17 36 27 27 16 11 8 18 28 26 12 41 17 15 31 29 19 15 6 10 24 33 16 12 25 19 27 27 22 24 25 8 31 31 28 14 30 29 10 20 13 24 19 28 42 27 27 16 22 9 24 28 16 20 29 0 5 6 18 8 14 8 31 28 9 29 3 24 28 25 21 29 12 19 12 35 10 2 17 26 28
36 43 18 9 32 26 29 28 34 32 32 44 17 23 28 30 27 12 32 23 14 33 22 32 13 8 6 23 33 31 9 43 14 14 36 26 15 12 1 5 21 35 14 7 20 16 26 32 26 24 27 13 28 36 25 16 27 31 5 15 11 26 21 25 44 32 24 13 19 11 21 24 20 25 34 5 0 8 18 13 9 5 28 33 11 27 5 27 25 30 17 26 17 24 17 32 5 3 18 23 33
30 35 10 13 24 18 26 20 32 26 27 36 12 19 23 22 26 19 24 20 14 30 24 25 10 16 4 15 27 25 17 35 12 9 28 25 16 9 8 12 18 27 22 15 24 16 21 24 18 18 19 13 28 29 23 8 24 23 13 20 19 18 13 22 36 24 21 21 19 3 18 25 12 19 28 6 8 0 12 10 17 6 25 25 3 23 9 19 22 25 18 25 16 20 16 29 13 7 11 22 25
18 25 6 25 19 18 15 19 25 14 31 26 2 8 12 15 22 30 23 10 14 19 24 25 8 26 12 14 29 26 27 25 12 4 25 19 17 9 17 19 8 17 32 22 25 16 9 23 14 6 9 24 24 28 17 7 16 15 20 25 29 12 10 17 26 23 15 30 18 10 12 24 11 23 30 18 18 12 0 21 24 13 17 22 10 12 21 14 14 29 19 22 27 27 27 19 22 18 1 19 23
37 40 16 12 26 15 36 17 42 33 19 39 22 29 33 26 36 18 21 30 24 40 34 20 20 18 14 14 21 19 19 40 22 19 25 35 26 19 14 18 28 33 21 20 33 26 30 21 19 27 25 4 38 24 33 14 34 26 18 28 20 21 17 32 40 21 31 23 29 11 28 35 13 13 22 8 13 10 21 0 22 15 35 22 11 33 10 21 32 17 28 35 6 11 6 39 18 10 20 32 22
41 49 26 13 41 35 33 37 33 38 41 50 23 27 33 38 26 12 41 26 15 35 19 41 17 7 13 32 42 40 8 49 16 20 45 25 14 16 9 5 25 41 13 2 16 15 31 41 35 30 33 20 27 45 24 24 26 39 4 9 10 34 30 24 50 41 23 8 18 20 22 22 29 34 43 14 9 17 24 22 0 11 27 42 20 31 12 36 24 39 15 25 24 33 24 31 4 12 24 22 42
31 38 15 14 30 24 24 26 29 27 33 39 12 18 23 27 22 17 30 18 9 28 19 31 8 13 2 21 33 31 14 38 9 9 34 21 11 7 4 6 16 30 19 9 18 11 21 30 24 19 22 16 23 35 20 13 22 28 7 14 16 23 19 20 39 30 19 17 14 9 16 20 18 25 34 8 5 6 13 15 11 0 23 31 9 22 10 25 20 31 13 21 20 26 20 27 9 7 13 18 31
24 34 23 37 34 35 11 36 8 23 48 37 15 11 15 29 7 39 39 7 14 10 12 41 15 34 23 30 45 42 35 33 14 17 42 4 13 16 27 24 9 28 40 26 15 12 16 39 31 17 23 38 9 44 3 23 1 29 26 20 37 28 26 3 35 39 4 35 9 25 7 10 27 39 46 31 28 25 17 35 27 23 0 39 25 12 33 30 3 45 12 7 41 43 41 5 29 30 17 6 39
27 27 17 34 10 7 33 5 47 24 15 24 24 29 29 13 44 40 2 32 35 37 45 7 29 39 29 10 13 10 40 28 33 25 3 41 38 30 33 37 30 21 43 40 46 37 26 2 8 24 18 26 46 7 39 18 38 14 38 45 41 11 13 39 27 2 37 44 40 22 34 46 13 11 14 28 33 25 22 22 42 31 39 0 22 30 31 9 36 14 40 44 25 16 25 40 38 30 22 41 1
28 32 7 16 21 15 25 17 32 24 25 33 11 18 22 19 27 22 21 19 15 29 25 22 10 19 7 12 25 23 20 32 13 8 25 25 18 10 11 15 17 24 25 18 26 17 19 21 15 16 16 14 29 26 23 5 24 20 16 23 22 15 10 23 33 21 21 24 20 0 18 26 9 17 26 9 11 3 10 11 20 9 25 22 0 22 12 16 22 23 20 26 17 19 17 28 16 10 9 23 22
12 22 17 36 23 29 3 30 19 11 42 25 11 4 3 19 19 39 31 6 17 7 23 35 14 35 22 25 40 37 36 21 15 14 32 16 18 15 26 26 6 16 41 29 24 17 5 31 23 7 13 36 21 37 14 19 12 18 28 27 38 19 20 13 23 31 11 38 17 22 10 22 22 34 41 29 27 23 12 33 31 22 12 30 22 0 32 21 10 40 19 19 39 38 39 10 30 29 13 17 31
39 44 19 4 32 24 34 26 39 35 29 45 21 28 32 31 32 10 30 28 19 38 27 30 18 8 10 21 31 29 9 44 19 18 34 31 20 17 6 10 26 36 13 11 25 21 30 30 25 27 28 8 33 34 30 17 32 32 9 19 10 27 22 30 45 30 29 13 24 12 26 29 19 23 32 3 5 9 21 10 12 10 33 31 12 32 0 27 30 27 22 31 12 21 12 37 8 3 20 28 31
20 21 10 31 5 9 23 9 38 16 22 19 16 20 19 6 36 37 10 23 28 27 38 14 22 35 23 7 20 17 36 21 26 18 11 33 31 23 27 31 21 14 40 34 39 30 16 10 2 14 8 25 38 16 31 12 29 7 32 39 38 2 6 30 21 10 28 40 32 16 26 38 8 16 21 24 27 19 14 21 36 25 30 9 16 21 27 0 27 21 33 36 25 21 25 31 32 26 14 33 10
22 32 20 34 31 32 9 33 11 21 45 35 12 8 13 26 9 36 36 4 11 10 13 38 12 31 20 27 42 39 32 31 11 14 39 6 10 13 24 21 6 26 37 23 15 9 14 36 28 14 20 35 11 41 4 20 2 26 23 19 34 25 23 3 33 36 1 32 8 22 4 12 24 36 43 28 25 22 14 32 24 20 3 36 22 10 30 27 0 42 11 9 38 40 38 7 26 27 14 7 36
41 41 23 29 24 12 43 12 55 37 2 38 30 37 39 27 50 35 12 38 38 47 48 7 33 35 29 15 4 4 36 42 36 30 15 47 41 33 31 35 36 35 38 37 49 40 36 12 19 34 29 20 52 9 45 23 44 28 35 45 37 23 21 45 41 12 43 40 43 23 40 49 18 6 5 25 30 25 29 17 39 31 45 14 23 40 27 21 42 0 43 49 17 7 17 47 35 27 28 46 13
31 40 23 25 38 34 20 35 18 29 45 43 17 16 22 34 11 27 39 13 5 21 6 41 11 22 14 30 45 42 23 40 7 15 43 10 2 10 16 12 14 34 28 14 6 3 22 39 32 22 28 29 12 44 9 22 11 34 14 8 25 31 27 10 41 39 10 23 3 20 9 8 27 37 46 21 17 18 19 28 15 13 12 40 20 19 22 33 11 43 0 10 33 38 33 16 17 20 19 7 40
31 41 27 35 40 39 18 40 8 30 52 44 20 17 22 35 1 37 44 13 12 17 7 46 17 32 22 35 50 47 33 40 13 20 47 3 11 16 25 22 15 35 38 24 10 10 23 44 36 23 29 37 2 49 5 27 7 35 24 16 35 34 31 6 42 44 8 33 7 26 10 4 32 43 51 29 26 25 22 35 25 21 7 44 26 19 31 36 9 49 10 0 41 45 41 11 27 28 22 3 44
43 45 22 12 30 19 42 20 48 39 19 44 28 35 39 31 42 18 23 36 29 46 39 21 26 18 19 18 21 19 19 45 28 25 27 41 31 25 18 22 34 38 21 23 37 31 36 23 23 33 31 4 43 24 39 20 40 31 21 31 20 26 22 38 45 23 37 23 34 17 34 40 18 14 22 12 17 16 27 6 24 20 41 25 17 39 12 25 38 17 33 41 0 10 0 45 20 14 26 38 24
41 41 21 22 24 12 41 12 51 37 9 38 28 35 38 27 46 28 14 36 34 45 44 12 29 28 24 14 11 9 29 42 32 27 18 44 36 29 25 29 34 35 31 31 44 36 35 14 19 32 29 13 48 14 42 20 42 28 29 39 30 23 20 42 41 14 40 33 39 19 37 45 16 5 12 19 24 20 27 11 33 26 43 16 19 38 21 21 40 7 38 45 10 0 10 45 29 21 26 42 15
43 45 22 12 30 19 42 20 48 39 19 44 28 35 39 31 42 18 23 36 29 46 39 21 26 18 19 18 21 19 19 45 28 25 27 41 31 25 18 22 34 38 21 23 37 31 36 23 23 33 31 4 43 24 39 20 40 31 21 31 20 26 22 38 45 23 37 23 34 17 34 40 18 14 22 12 17 16 27 6 24 20 41 25 17 39 12 25 38 17 33 41 0 10 0 45 20 14 26 38 24
21 31 25 41 33 37 8 38 9 20 50 34 17 12 13 29 11 43 41 9 18 6 16 43 19 38 27 32 47 44 39 30 18 20 42 9 17 20 31 28 11 25 44 30 19 16 15 41 33 17 23 42 12 46 7 25 5 28 30 24 41 29 28 7 32 41 8 39 13 28 11 15 29 41 48 35 32 29 19 39 31 27 5 40 28 10 37 31 7 47 16 11 45 45 45 0 33 34 19 10 41
40 47 23 9 37 31 32 33 35 36 37 48 21 26 32 35 28 10 37 26 15 35 21 37 16 5 10 28 38 36 6 47 16 18 41 27 16 15 5 5 24 39 11 3 18 17 30 37 31 28 31 16 29 41 26 21 28 36 3 12 8 31 26 26 48 37 25 8 20 16 22 24 25 30 39 10 5 13 22 18 4 9 29 38 16 30 8 32 26 35 17 27 20 29 20 33 0 8 22 24 38
36 42 17 7 31 23 31 25 36 32 29 43 18 25 29 29 29 12 29 25 16 35 25 29 15 9 7 20 30 28 10 42 16 15 33 28 18 14 4 8 23 34 15 10 23 18 27 29 24 24 26 10 30 33 27 15 29 30 8 18 12 25 20 27 43 29 26 14 21 10 23 27 18 22 31 2 3 7 18 10 12 7 30 30 10 29 3 26 27 27 20 28 14 21 14 34 8 0 18 25 30
19 25 5 24 19 17 16 18 26 15 30 26 2 9 13 15 22 30 22 10 14 20 24 24 8 26 12 13 28 25 27 25 12 4 25 19 17 9 17 19 8 17 32 22 25 16 10 22 14 7 9 23 24 27 17 6 16 15 20 25 29 12 9 17 26 22 15 30 18 9 12 24 10 22 29 17 18 11 1 20 24 13 17 22 9 13 20 14 14 28 19 22 26 26 26 19 22 18 0 19 22
29 39 24 32 38 36 16 37 11 28 49 42 17 15 20 33 4 34 41 11 9 15 6 43 14 29 19 32 47 44 30 38 10 17 44 3 8 13 22 19 13 33 35 21 9 7 21 41 33 21 27 34 5 46 3 24 5 33 21 14 32 31 28 4 40 41 6 30 4 23 7 5 29 40 48 26 23 22 19 32 22 18 6 41 23 17 28 33 7 46 7 3 38 42 38 10 24 25 19 0 41
28 28 17 34 11 7 33 5 48 25 14 25 24 30 29 14 44 40 1 32 35 37 45 6 29 39 29 10 12 9 40 29 33 25 3 41 38 30 33 37 30 22 43 40 46 37 26 1 9 24 18 26 46 6 39 18 38 15 38 45 41 12 13 39 28 1 37 44 40 22 34 46 13 10 13 28 33 25 23 22 42 31 39 1 22 31 31 10 36 13 40 44 24 15 24 41 38 30 22 41 0
0         1009     
441       570      
131       244      
756       890      
0         119      
102       234      
399       510      
22        149      
359       481      
402       528      
62        168      
0         78       
150       257      
474       602      
390       499      
0         111      
350       463      
214       330      
31        144      
316       439      
267       391      
382       491      
287       406      
66        191      
147       273      
204       338      
155       276      
26        135      
60        168      
55        170      
203       319      
0         76       
844       963      
150       273      
26        147      
725       851      
271       390      
661       784      
163       276      
189       314      
318       452      
458       568      
628       743      
224       355      
243       378      
256       384      
394       519      
19        155      
504       640      
475       591      
409       545      
559       677      
291       419      
70        183      
334       445      
122       246      
310       439      
427       545      
182       298      
242       354      
200       323      
12        122      
13        135      
310       438      
0         81       
29        151      
311       442      
211       332      
269       377      
536       640      
322       447      
342       467      
16        128      
92        225      
62        186      
162       290      
179       289      
532       659      
495       622      
571       693      
204       312      
151       287      
309       424      
35        155      
537       668      
383       513      
166       289      
0         116      
666       786      
75        207      
262       380      
287       407      
556       681      
581       718      
574       692      
368       489      
192       309      
161       283      
146       259      
342       450      
31        139      
