101
0 23 22 8 34 16 10 23 17 3 30 23 25 19 28 26 19 18 23 8 30 33 11 18 19 24 23 16 16 25 17 11 16 19 22 32 15 19 13 6 16 19 24 21 29 3 14 30 12 28 24 18 17 10 30 39 14 17 21 15 8 29 34 19 7 21 20 11 13 29 14 15 24 15 7 20 29 30 28 23 26 33 22 22 29 17 27 32 13 22 13 11 26 17 16 25 26 15 16 12 18
23 0 11 17 12 21 28 13 39 25 41 37 21 23 49 31 15 36 1 20 35 11 32 38 25 24 8 20 13 47 39 27 37 19 7 25 28 30 13 26 37 28 46 39 44 23 29 46 32 44 37 12 33 28 44 37 17 24 34 27 25 32 28 11 27 12 16 17 12 42 35 16 17 38 30 32 19 7 13 25 6 29 20 5 10 25 11 20 33 42 18 33 9 8 27 20 9 37 38 32 15
22 11 0 19 21 27 23 2 39 25 31 29 10 13 43 20 24 38 10 15 24 15 33 39 15 13 18 26 6 42 39 22 38 8 4 15 21 34 18 27 38 33 42 34 36 23 22 38 33 36 41 4 27 23 35 27 10 30 38 30 19 21 18 20 28 22 25 21 9 32 36 22 6 35 27 22 9 15 6 14 7 18 9 15 21 17 5 12 28 37 23 33 5 6 31 9 20 37 33 33 23
8 17 19 0 27 8 18 21 22 9 38 31 26 23 36 31 11 19 18 13 35 28 15 21 24 27 14 8 16 33 23 19 20 21 18 34 23 15 5 9 20 14 32 29 37 7 22 38 15 36 22 16 25 18 38 42 16 11 19 11 16 33 35 11 10 13 12 3 11 37 18 7 23 23 15 28 27 24 25 26 22 35 24 15 20 22 23 30 21 30 5 17 22 13 12 26 18 21 24 15 10
34 12 21 27 0 29 40 22 49 36 52 49 30 34 61 40 21 44 12 32 44 8 42 46 36 33 13 28 25 59 50 39 47 29 17 33 40 38 22 36 46 36 58 51 56 33 41 58 40 56 45 23 45 40 56 46 29 32 42 35 37 41 36 17 37 17 22 26 24 53 45 24 26 49 41 43 27 6 21 34 14 37 29 12 7 37 19 28 45 54 26 44 17 19 35 29 9 48 50 41 21
16 21 27 8 29 0 26 29 25 15 46 39 34 31 42 39 8 15 22 21 43 32 17 18 32 35 16 1 24 38 26 27 22 29 24 42 31 9 8 13 19 7 37 37 45 13 30 46 13 44 16 24 33 26 46 50 24 3 13 6 24 41 43 12 12 12 8 6 19 45 21 5 31 27 21 36 35 28 31 34 27 43 32 18 22 30 29 38 29 37 4 20 28 20 6 34 20 24 29 14 8
10 28 23 18 40 26 0 23 18 11 21 13 23 15 20 20 29 26 28 8 22 37 17 25 13 21 31 26 16 18 18 2 18 18 24 31 7 27 23 14 20 28 18 12 19 13 5 20 21 18 32 18 7 0 20 33 13 27 30 24 3 23 31 29 15 31 30 21 16 19 16 25 23 13 7 11 28 35 28 19 28 30 21 29 36 10 27 31 5 14 23 13 26 20 26 24 34 16 11 20 28
23 13 2 21 22 29 23 0 40 26 30 29 8 12 43 18 26 40 12 16 22 15 34 41 14 11 20 28 7 41 40 22 39 7 6 13 20 36 20 28 39 35 41 33 35 24 21 38 35 35 43 5 26 23 34 25 10 32 40 32 20 19 16 22 29 24 27 23 10 31 37 24 4 36 28 21 7 16 5 12 8 16 7 17 23 16 5 10 28 37 25 34 5 8 33 7 22 38 34 34 25
17 39 39 22 49 25 18 40 0 14 35 26 40 33 21 38 32 15 40 24 40 50 8 12 31 38 36 25 33 16 1 20 3 35 39 48 25 21 27 13 7 22 14 20 28 16 23 28 12 27 22 35 20 18 30 51 30 23 21 19 20 41 48 33 13 35 32 24 30 31 4 27 40 7 12 28 45 46 45 37 43 47 38 37 42 28 44 48 15 17 25 6 43 34 21 41 40 2 10 11 31
3 25 25 9 36 15 11 26 14 0 32 24 28 22 27 29 20 15 25 11 32 35 8 16 22 27 23 15 19 24 14 13 13 22 25 35 17 16 14 3 13 17 23 22 30 2 16 31 10 29 21 21 18 11 31 42 17 16 19 13 10 32 37 20 4 22 20 11 16 30 11 15 27 14 6 22 32 32 31 26 29 36 25 23 29 19 30 35 14 22 12 8 29 20 15 28 27 12 15 9 19
30 41 31 38 52 46 21 30 35 32 0 9 23 17 24 13 49 47 40 25 11 45 37 45 15 20 47 46 27 27 35 19 37 22 34 27 15 48 42 35 40 49 28 16 11 33 16 14 41 12 53 28 15 21 9 22 24 47 51 45 22 15 26 47 36 49 50 41 31 6 36 45 26 28 27 10 28 45 33 18 38 24 23 44 50 16 34 30 20 22 43 32 35 33 46 24 49 33 25 40 48
23 37 29 31 49 39 13 29 26 24 9 0 24 16 17 17 42 37 37 18 17 44 28 36 13 21 41 39 24 18 25 12 28 20 32 30 9 40 35 27 31 41 19 7 7 26 9 9 32 7 44 26 6 13 7 29 20 40 42 37 15 20 30 40 28 42 43 34 26 6 26 38 25 19 18 6 29 43 32 19 36 29 22 39 46 12 32 31 11 13 36 23 33 29 39 25 44 24 16 31 41
25 21 10 26 30 34 23 8 40 28 23 24 0 8 40 10 33 43 20 16 14 23 35 43 10 3 28 34 10 40 40 21 39 5 14 8 17 41 27 31 40 40 41 29 31 27 19 33 37 31 48 10 24 23 30 17 10 37 45 37 20 11 10 29 31 31 34 28 15 27 37 31 4 36 28 17 5 24 9 5 16 9 2 25 31 13 11 8 28 35 30 34 13 15 38 1 30 38 34 36 32
19 23 13 23 34 31 15 12 33 22 17 16 8 0 32 8 32 37 22 11 12 27 30 37 2 6 30 31 10 32 33 13 33 5 17 16 9 38 25 25 35 37 33 21 23 22 11 25 31 23 43 11 16 15 22 20 7 34 40 34 13 10 16 30 26 32 33 26 14 19 31 29 9 28 21 9 13 28 16 4 20 15 6 27 33 5 17 16 20 27 28 27 17 16 35 9 32 31 26 31 31
28 49 43 36 61 42 20 43 21 27 24 17 40 32 0 34 47 36 48 28 34 57 27 33 29 37 50 42 36 5 20 21 24 36 44 47 23 41 41 30 28 42 7 10 13 29 21 11 32 12 43 38 16 20 15 46 33 42 42 38 23 37 47 47 30 49 47 38 36 18 24 42 41 15 21 23 45 55 47 35 48 46 38 49 56 27 47 47 14 5 39 22 46 40 40 41 54 20 13 31 46
26 31 20 31 40 39 20 18 38 29 13 17 10 8 34 0 40 44 30 18 4 33 36 44 7 7 38 39 18 35 38 18 38 12 24 14 13 45 33 32 40 44 36 24 22 29 15 25 38 23 50 19 19 20 20 13 15 42 47 41 19 3 13 38 33 40 41 34 22 17 36 37 14 32 27 11 15 34 19 6 26 12 11 35 41 10 21 17 24 30 36 33 23 24 42 11 40 36 30 38 39
19 15 24 11 21 8 29 26 32 20 49 42 33 32 47 40 0 23 16 24 44 24 24 26 34 34 8 7 23 44 33 30 29 29 21 39 34 17 7 19 27 15 43 40 48 17 33 49 21 47 24 23 36 29 49 49 25 11 21 14 27 42 42 4 19 4 1 8 18 48 28 5 29 33 25 39 33 20 28 35 21 42 31 10 14 33 26 35 32 41 7 27 24 18 14 32 12 31 34 22 1
18 36 38 19 44 15 26 40 15 15 47 37 43 37 36 44 23 0 37 26 47 47 9 3 37 42 31 16 34 31 16 28 12 37 37 50 32 7 23 12 8 9 29 33 41 16 31 42 5 40 7 35 31 26 43 57 32 12 6 9 25 47 52 27 10 27 22 19 29 43 12 20 41 21 19 37 46 43 44 41 41 51 40 33 37 34 42 49 26 32 18 14 41 32 9 43 35 16 24 6 23
23 1 10 18 12 22 28 12 40 25 40 37 20 22 48 30 16 37 0 19 34 10 33 39 24 23 9 21 13 46 39 26 38 18 6 24 28 31 14 27 38 29 46 38 44 23 28 46 33 44 38 11 32 27 44 36 16 25 35 28 24 31 27 12 28 13 17 18 11 41 36 17 16 38 29 31 18 7 12 24 5 28 19 6 11 24 10 19 32 41 19 33 8 7 28 19 10 37 38 33 16
8 20 15 13 32 21 8 16 24 11 25 18 16 11 28 18 24 26 19 0 22 29 19 26 11 16 23 21 9 26 24 7 23 11 17 24 10 27 17 14 24 26 26 19 25 11 9 27 20 25 32 11 13 8 25 31 6 24 29 23 5 21 26 22 15 24 25 16 8 24 21 20 16 20 12 15 21 26 21 15 21 25 14 21 28 9 20 24 13 22 18 18 19 12 24 17 26 22 19 20 23
30 35 24 35 44 43 22 22 40 32 11 17 14 12 34 4 44 47 34 22 0 37 39 47 11 11 42 43 22 35 40 20 40 16 28 16 15 48 37 35 42 48 36 24 21 33 17 24 42 22 53 23 20 22 19 12 19 46 51 45 22 4 14 42 36 44 45 38 26 16 38 41 18 33 29 12 19 38 23 10 30 13 15 39 45 13 25 20 25 30 40 35 27 28 46 15 44 38 31 41 43
33 11 15 28 8 32 37 15 50 35 45 44 23 27 57 33 24 47 10 29 37 0 43 49 29 26 16 31 20 55 49 36 48 22 12 25 35 41 24 37 48 39 55 48 50 33 36 52 43 50 48 18 41 37 49 38 24 35 45 38 33 34 28 20 38 20 25 28 21 46 46 27 19 48 39 36 19 4 13 27 8 29 22 14 13 31 12 20 42 51 29 43 10 17 38 21 14 47 47 43 24
11 32 33 15 42 17 17 34 8 8 37 28 35 30 27 36 24 9 33 19 39 43 0 8 29 35 29 17 27 22 9 19 5 30 33 43 24 14 20 6 5 15 21 24 32 10 22 33 5 31 16 29 22 17 34 49 25 16 15 12 17 39 45 26 5 27 24 16 24 34 4 19 35 12 10 28 40 39 39 34 37 44 33 30 35 26 38 43 17 23 17 5 37 28 13 36 33 8 15 4 23
18 38 39 21 46 18 25 41 12 16 45 36 43 37 33 44 26 3 39 26 47 49 8 0 37 42 33 19 34 28 13 27 9 37 39 50 32 10 25 12 5 12 26 31 39 16 30 39 6 38 10 35 30 25 41 57 32 15 9 12 25 47 52 29 11 30 25 21 30 41 9 22 42 18 18 36 46 45 45 41 43 51 40 35 39 34 44 49 24 29 20 12 43 34 12 43 37 13 21 6 26
19 25 15 24 36 32 13 14 31 22 15 13 10 2 29 7 34 37 24 11 11 29 29 37 0 8 32 32 12 30 31 11 31 7 19 18 7 38 27 25 33 37 31 19 20 22 9 22 31 20 43 13 14 13 19 20 9 35 40 34 12 10 18 32 26 34 35 27 16 17 29 31 11 26 20 7 15 30 18 6 22 17 8 29 35 3 19 18 18 25 29 26 19 18 35 11 34 29 24 31 33
24 24 13 27 33 35 21 11 38 27 20 21 3 6 37 7 34 42 23 16 11 26 35 42 8 0 31 35 11 38 38 19 38 5 17 10 15 42 28 30 40 41 39 27 28 27 17 30 36 28 48 12 22 21 27 15 10 38 45 37 18 8 10 31 31 33 35 29 16 24 36 32 7 34 26 15 8 27 12 2 19 9 4 28 34 11 14 11 26 33 31 32 16 17 39 4 33 36 32 36 33
23 8 18 14 13 16 31 20 36 23 47 41 28 30 50 38 8 31 9 23 42 16 29 33 32 31 0 15 20 47 37 30 34 26 14 33 33 25 9 23 33 23 46 42 48 21 32 50 27 48 32 19 36 31 48 45 23 19 29 22 28 39 35 4 24 4 9 13 16 47 32 11 24 37 29 37 26 12 21 32 14 36 27 3 6 31 19 28 35 44 13 31 17 14 22 27 4 35 38 28 8
16 20 26 8 28 1 26 28 25 15 46 39 34 31 42 39 7 16 21 21 43 31 17 19 32 35 15 0 23 38 26 27 22 29 24 41 31 10 8 13 20 8 37 37 45 13 30 46 14 44 17 24 33 26 46 50 24 4 14 7 24 41 43 11 13 11 7 5 18 45 21 4 30 28 21 36 35 27 31 34 26 43 31 17 21 30 29 38 29 37 3 21 28 20 7 33 19 25 30 15 7
16 13 6 16 25 24 16 7 33 19 27 24 10 10 36 18 23 34 13 9 22 20 27 34 12 11 20 23 0 34 33 16 32 6 8 18 15 31 17 22 32 30 34 28 31 18 16 33 28 31 38 2 21 16 31 26 4 27 35 27 13 19 19 20 23 22 24 18 5 29 30 21 8 29 21 18 13 19 12 12 12 19 8 17 23 12 11 16 21 30 20 27 10 6 28 10 22 31 27 28 22
25 47 42 33 59 38 18 41 16 24 27 18 40 32 5 35 44 31 46 26 35 55 22 28 30 38 47 38 34 0 15 20 19 35 42 48 23 36 38 25 23 37 2 11 16 26 21 15 27 15 38 36 16 18 18 47 31 37 37 34 21 38 48 44 25 46 44 35 34 21 19 39 40 10 18 24 45 52 46 36 46 47 38 47 53 27 45 48 13 5 36 17 44 38 35 41 51 15 9 26 43
17 39 39 23 50 26 18 40 1 14 35 25 40 33 20 38 33 16 39 24 40 49 9 13 31 38 37 26 33 15 0 20 4 35 39 48 25 22 28 14 8 23 13 19 27 16 23 27 13 26 23 35 20 18 29 51 30 24 22 20 20 41 48 34 14 36 33 25 30 30 5 28 40 6 12 28 45 46 45 37 43 47 38 37 43 28 44 48 14 16 26 6 43 34 22 41 41 2 9 12 32
11 27 22 19 39 27 2 22 20 13 19 12 21 13 21 18 30 28 26 7 20 36 19 27 11 19 30 27 16 20 20 0 20 16 24 29 5 29 23 16 22 30 20 12 18 14 3 19 22 17 34 18 6 2 19 31 12 28 31 26 3 21 29 29 17 31 31 22 15 18 18 26 21 15 9 9 26 33 27 17 28 28 19 28 35 8 27 29 7 16 24 15 26 19 27 22 33 18 13 22 29
16 37 38 20 47 22 18 39 3 13 37 28 39 33 24 38 29 12 38 23 40 48 5 9 31 38 34 22 32 19 4 20 0 34 38 47 25 18 25 11 4 19 17 22 30 15 23 31 9 29 19 34 22 18 32 51 29 20 18 16 20 41 48 31 10 32 29 21 29 33 2 24 39 9 11 29 44 44 44 37 42 47 37 35 40 28 43 47 17 20 22 5 42 33 18 40 38 4 12 8 28
19 19 8 21 29 29 18 7 35 22 22 20 5 5 36 12 29 37 18 11 16 22 30 37 7 5 26 29 6 35 35 16 34 0 12 13 13 36 23 25 35 35 36 26 27 21 14 29 31 27 42 7 19 18 26 20 5 32 40 32 15 13 15 26 26 28 30 24 11 24 32 27 5 31 23 14 10 23 12 6 15 14 3 23 29 9 12 13 23 30 26 29 12 12 33 6 28 33 29 31 28
22 7 4 18 17 24 24 6 39 25 34 32 14 17 44 24 21 37 6 17 28 12 33 39 19 17 14 24 8 42 39 24 38 12 0 18 23 33 16 27 38 31 42 36 39 23 24 41 33 39 40 6 29 24 38 31 12 27 37 29 21 25 21 17 28 18 22 19 9 36 36 20 10 36 27 26 12 11 7 18 4 22 13 11 17 20 5 14 29 38 21 33 4 5 30 13 16 37 35 33 20
32 25 15 34 33 42 31 13 48 35 27 30 8 16 47 14 39 50 24 24 16 25 43 50 18 10 33 41 18 48 48 29 47 13 18 0 25 49 33 38 48 48 49 37 36 34 27 39 44 37 55 17 32 31 34 13 18 45 53 45 28 12 3 35 39 36 40 36 22 31 45 37 10 44 36 24 6 27 12 12 19 4 10 29 34 21 14 5 36 43 37 42 16 21 46 8 34 46 42 44 38
15 28 21 23 40 31 7 20 25 17 15 9 17 9 23 13 34 32 28 10 15 35 24 32 7 15 33 31 15 23 25 5 25 13 23 25 0 33 27 20 27 34 24 13 16 18 2 18 27 16 38 17 7 7 16 26 11 32 36 30 7 16 25 32 21 34 35 26 17 14 23 30 18 19 14 5 22 34 25 13 27 24 15 30 37 4 25 25 11 18 28 20 25 20 31 18 35 23 17 26 33
19 30 34 15 38 9 27 36 21 16 48 40 41 38 41 45 17 7 31 27 48 41 14 10 38 42 25 10 31 36 22 29 18 36 33 49 33 0 17 13 14 2 34 38 46 16 32 47 9 45 7 31 34 27 47 56 31 6 4 4 26 48 50 21 12 21 16 14 26 46 17 14 38 26 22 38 42 37 40 41 36 50 39 27 31 35 38 45 30 37 12 19 37 28 3 41 29 21 29 10 17
13 13 18 5 22 8 23 20 27 14 42 35 27 25 41 33 7 23 14 17 37 24 20 25 27 28 9 8 17 38 28 23 25 23 16 33 27 17 0 14 24 15 37 34 41 12 26 42 19 40 24 17 29 23 42 43 18 11 21 14 20 35 36 6 15 8 8 4 12 41 23 4 23 28 20 32 27 20 23 28 19 36 25 10 15 26 21 30 26 35 5 22 20 12 14 26 13 26 29 19 6
6 26 27 9 36 13 14 28 13 3 35 27 31 25 30 32 19 12 27 14 35 37 6 12 25 30 23 13 22 25 14 16 11 25 27 38 20 13 14 0 11 14 24 25 33 4 19 34 6 32 18 23 21 14 34 45 20 13 15 10 13 35 40 20 1 22 19 11 18 33 9 14 30 15 9 25 34 33 33 29 31 39 28 24 29 22 32 37 17 25 12 8 31 22 12 31 27 12 17 6 18
16 37 38 20 46 19 20 39 7 13 40 31 40 35 28 40 27 8 38 24 42 48 5 5 33 40 33 20 32 23 8 22 4 35 38 48 27 14 24 11 0 16 21 26 34 15 25 34 6 33 15 34 25 20 36 53 30 17 14 13 22 43 50 30 10 30 27 20 29 36 4 22 40 13 13 31 45 44 44 39 42 49 38 34 39 30 43 48 19 24 20 7 42 33 15 41 37 8 16 5 26
19 28 33 14 36 7 28 35 22 17 49 41 40 37 42 44 15 9 29 26 48 39 15 12 37 41 23 8 30 37 23 30 19 35 31 48 34 2 15 14 16 0 35 39 47 15 32 48 10 46 9 30 35 28 48 55 30 4 6 4 26 47 49 19 13 19 14 13 25 47 18 12 37 27 23 38 41 35 38 40 34 49 38 25 29 35 36 44 31 38 11 20 35 27 2 40 27 22 30 11 15
24 46 42 32 58 37 18 41 14 23 28 19 41 33 7 36 43 29 46 26 36 55 21 26 31 39 46 37 34 2 13 20 17 36 42 49 24 34 37 24 21 35 0 12 18 25 22 17 25 17 36 36 17 18 20 48 31 36 35 32 21 39 49 43 24 45 43 34 34 22 17 38 41 9 17 25 46 52 46 37 46 48 39 46 52 28 45 49 13 6 35 16 44 38 34 42 50 13 8 24 42
21 39 34 29 51 37 12 33 20 22 16 7 29 21 10 24 40 33 38 19 24 48 24 31 19 27 42 37 28 11 19 12 22 26 36 37 13 38 34 25 26 39 12 0 8 24 11 9 29 7 40 29 6 12 10 36 23 38 39 35 15 27 37 40 26 42 41 32 27 11 22 36 30 13 16 13 34 45 37 25 39 36 27 40 47 17 37 37 8 6 34 19 37 31 37 30 45 18 10 28 39
29 44 36 37 56 45 19 35 28 30 11 7 31 23 13 22 48 41 44 25 21 50 32 39 20 28 48 45 31 16 27 18 30 27 39 36 16 46 41 33 34 47 18 8 0 32 16 3 37 1 48 33 12 19 2 33 27 46 47 43 21 25 35 47 34 49 49 40 33 5 30 44 31 21 24 13 35 50 38 26 42 34 28 46 53 19 39 38 16 12 42 27 39 36 45 31 51 26 18 36 47
3 23 23 7 33 13 13 24 16 2 33 26 27 22 29 29 17 16 23 11 33 33 10 16 22 27 21 13 18 26 16 14 15 21 23 34 18 16 12 4 15 15 25 24 32 0 17 33 10 31 21 19 20 13 33 41 16 14 19 12 11 32 36 18 5 20 18 9 14 32 13 12 26 16 8 23 30 30 29 26 27 35 24 21 27 20 28 33 16 24 10 10 27 18 13 27 25 14 17 10 16
14 29 22 22 41 30 5 21 23 16 16 9 19 11 21 15 33 31 28 9 17 36 22 30 9 17 32 30 16 21 23 3 23 14 24 27 2 32 26 19 25 32 22 11 16 17 0 18 25 16 37 18 5 5 16 28 12 31 34 29 6 18 27 31 20 33 34 25 17 15 21 29 19 17 12 6 24 35 26 15 28 26 17 30 37 6 26 27 9 16 27 18 26 21 30 20 35 21 15 25 32
30 46 38 38 58 46 20 38 28 31 14 9 33 25 11 25 49 42 46 27 24 52 33 39 22 30 50 46 33 15 27 19 31 29 41 39 18 47 42 34 34 48 17 9 3 33 18 0 38 2 49 35 13 20 5 36 29 47 48 44 22 27 38 48 35 50 50 41 34 8 30 45 33 21 25 15 37 52 40 28 44 36 30 47 54 21 41 40 17 11 43 28 41 38 46 33 52 26 18 37 48
12 32 33 15 40 13 21 35 12 10 41 32 37 31 32 38 21 5 33 20 42 43 5 6 31 36 27 14 28 27 13 22 9 31 33 44 27 9 19 6 6 10 25 29 37 10 25 38 0 36 12 29 26 20 38 51 26 11 10 7 19 41 46 23 5 24 21 15 24 38 8 16 36 17 14 31 40 39 39 35 37 45 34 29 33 28 38 43 21 28 14 10 37 28 9 37 31 12 20 1 20
28 44 36 36 56 44 18 35 27 29 12 7 31 23 12 23 47 40 44 25 22 50 31 38 20 28 48 44 31 15 26 17 29 27 39 37 16 45 40 32 33 46 17 7 1 31 16 2 36 0 47 33 11 18 3 34 27 45 46 42 20 25 36 46 33 48 48 39 32 6 29 43 31 20 23 13 35 50 38 26 42 34 28 45 52 19 39 38 15 11 41 26 39 36 44 31 50 25 17 35 46
24 37 41 22 45 16 32 43 22 21 53 44 48 43 43 50 24 7 38 32 53 48 16 10 43 48 32 17 38 38 23 34 19 42 40 55 38 7 24 18 15 9 36 40 48 21 37 49 12 47 0 38 38 32 50 62 37 13 3 11 31 53 57 28 17 28 23 21 33 50 19 21 45 28 26 43 49 44 47 47 43 56 45 34 38 40 45 52 33 39 19 21 44 35 10 48 36 23 31 13 24
18 12 4 16 23 24 18 5 35 21 28 26 10 11 38 19 23 35 11 11 23 18 29 35 13 12 19 24 2 36 35 18 34 7 6 17 17 31 17 23 34 30 36 29 33 19 18 35 29 33 38 0 23 18 32 27 6 27 35 27 15 20 19 19 24 21 24 18 5 30 32 21 7 31 23 20 11 17 10 13 10 19 8 16 22 14 9 14 23 32 20 29 8 5 28 10 21 33 29 29 22
17 33 27 25 45 33 7 26 20 18 15 6 24 16 16 19 36 31 32 13 20 41 22 30 14 22 36 33 21 16 20 6 22 19 29 32 7 34 29 21 25 35 17 6 12 20 5 13 26 11 38 23 0 7 13 32 17 34 36 31 9 22 32 35 22 37 37 28 21 12 20 32 24 13 12 8 29 39 31 20 33 31 22 34 41 11 31 32 5 11 30 17 31 25 33 25 39 18 11 25 35
10 28 23 18 40 26 0 23 18 11 21 13 23 15 20 20 29 26 27 8 22 37 17 25 13 21 31 26 16 18 18 2 18 18 24 31 7 27 23 14 20 28 18 12 19 13 5 20 20 18 32 18 7 0 20 33 13 27 29 24 3 23 31 29 15 31 30 21 16 19 16 25 23 13 7 11 28 34 28 19 28 30 21 29 36 10 27 31 5 14 23 13 26 20 26 24 34 16 11 20 28
30 44 35 38 56 46 20 34 30 31 9 7 30 22 15 20 49 43 44 25 19 49 34 41 19 27 48 46 31 18 29 19 32 26 38 34 16 47 42 34 36 48 20 10 2 33 16 5 38 3 50 32 13 20 0 31 27 47 48 44 22 23 33 47 35 49 50 41 33 3 32 45 30 23 25 12 34 49 37 25 41 32 27 46 53 18 38 37 17 14 43 29 38 36 46 30 51 28 20 37 48
39 37 27 42 46 50 33 25 51 42 22 29 17 20 46 13 49 57 36 31 12 38 49 57 20 15 45 50 26 47 51 31 51 20 31 13 26 56 43 45 53 55 48 36 33 41 28 36 51 34 62 27 32 33 31 0 25 52 60 52 32 10 10 46 46 48 50 44 31 28 49 47 21 45 40 24 19 40 25 16 32 9 19 42 47 23 27 18 37 42 46 46 29 32 53 18 46 49 43 51 48
14 17 10 16 29 24 13 10 30 17 24 20 10 7 33 15 25 32 16 6 19 24 25 32 9 10 23 24 4 31 30 12 29 5 12 18 11 31 18 20 30 30 31 23 27 16 12 29 26 27 37 6 17 13 27 25 0 27 35 27 10 17 20 23 21 25 26 19 7 25 27 22 10 26 18 14 15 23 15 10 16 19 8 20 26 8 15 18 18 27 21 24 14 9 28 11 25 28 24 26 24
17 24 30 11 32 3 27 32 23 16 47 40 37 34 42 42 11 12 25 24 46 35 16 15 35 38 19 4 27 37 24 28 20 32 27 45 32 6 11 13 17 4 36 38 46 14 31 47 11 45 13 27 34 27 47 52 27 0 10 4 25 44 46 15 12 15 10 9 22 46 19 8 34 27 22 37 38 31 34 37 30 46 35 21 25 33 32 41 30 37 7 20 31 23 3 37 23 23 29 12 11
21 34 38 19 42 13 30 40 21 19 51 42 45 40 42 47 21 6 35 29 51 45 15 9 40 45 29 14 35 37 22 31 18 40 37 53 36 4 21 15 14 6 35 39 47 19 34 48 10 46 3 35 36 29 48 60 35 10 0 8 28 50 54 25 14 25 20 18 30 48 18 18 42 27 24 40 46 41 44 44 40 54 43 31 35 37 42 49 31 38 16 20 41 32 7 45 33 22 30 11 21
15 27 30 11 35 6 24 32 19 13 45 37 37 34 38 41 14 9 28 23 45 38 12 12 34 37 22 7 27 34 20 26 16 32 29 45 30 4 14 10 13 4 32 35 43 12 29 44 7 42 11 27 31 24 44 52 27 4 8 0 23 44 46 18 9 18 14 10 22 43 15 11 34 23 19 35 38 34 36 37 32 46 35 24 28 32 34 41 27 34 9 16 33 24 2 37 26 19 26 8 14
8 25 19 16 37 24 3 20 20 10 22 15 20 13 23 19 27 25 24 5 22 33 17 25 12 18 28 24 13 21 20 3 20 15 21 28 7 26 20 13 22 26 21 15 21 11 6 22 19 20 31 15 9 3 22 32 10 25 28 23 0 22 28 26 14 28 28 19 13 21 18 23 20 16 8 12 25 31 25 17 25 27 18 26 33 9 24 28 8 17 21 14 23 17 24 21 31 18 14 19 26
29 32 21 33 41 41 23 19 41 32 15 20 11 10 37 3 42 47 31 21 4 34 39 47 10 8 39 41 19 38 41 21 41 13 25 12 16 48 35 35 43 47 39 27 25 32 18 27 41 25 53 20 22 23 23 10 17 44 50 44 22 0 10 39 36 41 43 36 24 20 39 39 15 35 30 14 15 35 20 7 27 9 12 36 42 13 22 16 27 33 38 36 24 25 45 12 41 39 33 41 41
34 28 18 35 36 43 31 16 48 37 26 30 10 16 47 13 42 52 27 26 14 28 45 52 18 10 35 43 19 48 48 29 48 15 21 3 25 50 36 40 50 49 49 37 35 36 27 38 46 36 57 19 32 31 33 10 20 46 54 46 28 10 0 38 41 39 43 37 24 30 46 40 12 44 36 24 9 30 15 12 22 1 12 32 37 21 17 8 36 43 39 42 19 23 47 9 37 46 42 46 40
19 11 20 11 17 12 29 22 33 20 47 40 29 30 47 38 4 27 12 22 42 20 26 29 32 31 4 11 20 44 34 29 31 26 17 35 32 21 6 20 30 19 43 40 47 18 31 48 23 46 28 19 35 29 47 46 23 15 25 18 26 39 38 0 21 2 5 10 16 46 29 7 25 34 26 37 29 16 24 32 17 38 27 6 10 31 22 31 32 41 9 28 20 14 18 28 8 32 35 24 4
7 27 28 10 37 12 15 29 13 4 36 28 31 26 30 33 19 10 28 15 36 38 5 11 26 31 24 13 23 25 14 17 10 26 28 39 21 12 15 1 10 13 24 26 34 5 20 35 5 33 17 24 22 15 35 46 21 12 14 9 14 36 41 21 0 22 19 11 19 34 9 14 31 15 10 26 35 34 34 30 32 40 29 25 30 23 33 38 18 25 12 8 32 23 11 32 28 12 17 5 18
21 12 22 13 17 12 31 24 35 22 49 42 31 32 49 40 4 27 13 24 44 20 27 30 34 33 4 11 22 46 36 31 32 28 18 36 34 21 8 22 30 19 45 42 49 20 33 50 24 48 28 21 37 31 49 48 25 15 25 18 28 41 39 2 22 0 5 11 18 48 31 8 27 36 28 39 30 16 25 34 18 40 29 7 10 33 23 32 34 43 10 30 21 16 18 30 8 34 37 25 4
20 16 25 12 22 8 30 27 32 20 50 43 34 33 47 41 1 22 17 25 45 25 24 25 35 35 9 7 24 44 33 31 29 30 22 40 35 16 8 19 27 14 43 41 49 18 34 50 21 48 23 24 37 30 50 50 26 10 20 14 28 43 43 5 19 5 0 9 19 49 28 5 30 34 26 40 34 21 29 36 22 43 32 11 15 34 27 36 33 42 7 27 25 19 13 33 13 31 35 22 2
11 17 21 3 26 6 21 23 24 11 41 34 28 26 38 34 8 19 18 16 38 28 16 21 27 29 13 5 18 35 25 22 21 24 19 36 26 14 4 11 20 13 34 32 40 9 25 41 15 39 21 18 28 21 41 44 19 9 18 10 19 36 37 10 11 11 9 0 13 40 20 4 25 25 17 31 29 24 26 29 22 37 26 14 19 25 24 32 24 33 2 19 23 15 11 28 17 23 26 15 8
13 12 9 11 24 19 16 10 30 16 31 26 15 14 36 22 18 29 11 8 26 21 24 30 16 16 16 18 5 34 30 15 29 11 9 22 17 26 12 18 29 25 34 27 33 14 17 34 24 32 33 5 21 16 33 31 7 22 30 22 13 24 24 16 19 18 19 13 0 31 27 16 12 26 18 21 16 18 15 17 13 24 13 13 20 15 14 19 21 30 15 24 13 4 23 15 18 28 27 24 17
29 42 32 37 53 45 19 31 31 30 6 6 27 19 18 17 48 43 41 24 16 46 34 41 17 24 47 45 29 21 30 18 33 24 36 31 14 46 41 33 36 47 22 11 5 32 15 8 38 6 50 30 12 19 3 28 25 46 48 43 21 20 30 46 34 48 49 40 31 0 32 44 28 24 24 10 32 47 35 22 39 29 25 44 51 16 36 34 17 16 42 29 36 34 45 28 49 29 21 37 47
14 35 36 18 45 21 16 37 4 11 36 26 37 31 24 36 28 12 36 21 38 46 4 9 29 36 32 21 30 19 5 18 2 32 36 45 23 17 23 9 4 18 17 22 30 13 21 30 8 29 19 32 20 16 32 49 27 19 18 15 18 39 46 29 9 31 28 20 27 32 0 23 37 9 9 27 42 42 42 35 40 45 35 33 38 26 41 45 15 20 21 3 40 31 17 38 36 4 12 7 27
15 16 22 7 24 5 25 24 27 15 45 38 31 29 42 37 5 20 17 20 41 27 19 22 31 32 11 4 21 39 28 26 24 27 20 37 30 14 4 14 22 12 38 36 44 12 29 45 16 43 21 21 32 25 45 47 22 8 18 11 23 39 40 7 14 8 5 4 16 44 23 0 27 28 20 35 31 23 27 32 22 40 29 13 17 29 25 34 28 36 2 22 24 16 11 30 15 26 29 17 4
24 17 6 23 26 31 23 4 40 27 26 25 4 9 41 14 29 41 16 16 18 19 35 42 11 7 24 30 8 40 40 21 39 5 10 10 18 38 23 30 40 37 41 30 31 26 19 33 36 31 45 7 24 23 30 21 10 34 42 34 20 15 12 25 31 27 30 25 12 28 37 27 0 36 28 18 5 20 7 8 12 13 3 21 27 14 8 8 28 35 27 34 9 11 35 3 26 38 34 36 28
15 38 35 23 49 27 13 36 7 14 28 19 36 28 15 32 33 21 38 20 33 48 12 18 26 34 37 28 29 10 6 15 9 31 36 44 19 26 28 15 13 27 9 13 21 16 17 21 17 20 28 31 13 13 23 45 26 27 27 23 16 35 44 34 15 36 34 25 26 24 9 28 36 0 8 21 41 44 41 32 39 43 34 37 43 23 40 44 8 11 26 7 39 30 25 37 41 5 3 16 32
7 30 27 15 41 21 7 28 12 6 27 18 28 21 21 27 25 19 29 12 29 39 10 18 20 26 29 21 21 18 12 9 11 23 27 36 14 22 20 9 13 23 17 16 24 8 12 25 14 23 26 23 12 7 25 40 18 22 24 19 8 30 36 26 10 28 26 17 18 24 9 20 28 8 0 18 33 36 33 25 31 35 26 29 35 17 32 36 8 16 18 6 31 22 21 29 33 10 9 13 24
20 32 22 28 43 36 11 21 28 22 10 6 17 9 23 11 39 37 31 15 12 36 28 36 7 15 37 36 18 24 28 9 29 14 26 24 5 38 32 25 31 38 25 13 13 23 6 15 31 13 43 20 8 11 12 24 14 37 40 35 12 14 24 37 26 39 40 31 21 10 27 35 18 21 18 0 22 37 25 13 29 23 15 34 40 6 26 25 13 19 33 24 26 23 36 18 39 26 19 31 38
29 19 9 27 27 35 28 7 45 32 28 29 5 13 45 15 33 46 18 21 19 19 40 46 15 8 26 35 13 45 45 26 44 10 12 6 22 42 27 34 45 41 46 34 35 30 24 37 40 35 49 11 29 28 34 19 15 38 46 38 25 15 9 29 35 30 34 29 16 32 42 31 5 41 33 22 0 21 6 10 13 10 7 23 28 18 8 3 33 40 31 39 10 15 39 4 28 43 39 40 32
30 7 15 24 6 28 35 16 46 32 45 43 24 28 55 34 20 43 7 26 38 4 39 45 30 27 12 27 19 52 46 33 44 23 11 27 34 37 20 33 44 35 52 45 50 30 35 52 39 50 44 17 39 34 49 40 23 31 41 34 31 35 30 16 34 16 21 24 18 47 42 23 20 44 36 37 21 0 15 28 8 31 23 10 9 31 13 22 39 48 25 40 11 14 34 23 10 44 45 39 20
28 13 6 25 21 31 28 5 45 31 33 32 9 16 47 19 28 44 12 21 23 13 39 45 18 12 21 31 12 46 45 27 44 12 7 12 25 40 23 33 44 38 46 37 38 29 26 40 39 38 47 10 31 28 37 25 15 34 44 36 25 20 15 24 34 25 29 26 15 35 42 27 7 41 33 25 6 15 0 14 7 16 10 18 22 21 2 7 33 42 28 39 4 12 37 8 22 43 39 39 27
23 25 14 26 34 34 19 12 37 26 18 19 5 4 35 6 35 41 24 15 10 27 34 41 6 2 32 34 12 36 37 17 37 6 18 12 13 41 28 29 39 40 37 25 26 26 15 28 35 26 47 13 20 19 25 16 10 37 44 37 17 7 12 32 30 34 36 29 17 22 35 32 8 32 25 13 10 28 14 0 20 11 5 29 35 9 16 13 24 31 31 31 17 18 38 6 34 35 30 35 34
26 6 7 22 14 27 28 8 43 29 38 36 16 20 48 26 21 41 5 21 30 8 37 43 22 19 14 26 12 46 43 28 42 15 4 19 27 36 19 31 42 34 46 39 42 27 28 44 37 42 43 10 33 28 41 32 16 30 40 32 25 27 22 17 32 18 22 22 13 39 40 22 12 39 31 29 13 8 7 20 0 23 15 11 15 24 5 14 33 42 24 37 3 9 33 15 15 41 39 37 21
33 29 18 35 37 43 30 16 47 36 24 29 9 15 46 12 42 51 28 25 13 29 44 51 17 9 36 43 19 47 47 28 47 14 22 4 24 50 36 39 49 49 48 36 34 35 26 36 45 34 56 19 31 30 32 9 19 46 54 46 27 9 1 38 40 40 43 37 24 29 45 40 13 43 35 23 10 31 16 11 23 0 11 33 38 20 18 9 35 42 39 41 20 24 47 10 38 45 41 45 41
22 20 9 24 29 32 21 7 38 25 23 22 2 6 38 11 31 40 19 14 15 22 33 40 8 4 27 31 8 38 38 19 37 3 13 10 15 39 25 28 38 38 39 27 28 24 17 30 34 28 45 8 22 21 27 19 8 35 43 35 18 12 12 27 29 29 32 26 13 25 35 29 3 34 26 15 7 23 10 5 15 11 0 24 30 11 11 10 26 33 28 32 12 13 36 3 29 36 32 34 30
22 5 15 15 12 18 29 17 37 23 44 39 25 27 49 35 10 33 6 21 39 14 30 35 29 28 3 17 17 47 37 28 35 23 11 29 30 27 10 24 34 25 46 40 46 21 30 47 29 45 34 16 34 29 46 42 20 21 31 24 26 36 32 6 25 7 11 14 13 44 33 13 21 37 29 34 23 10 18 29 11 33 24 0 7 28 16 25 34 43 15 31 14 11 24 24 5 35 38 29 10
29 10 21 20 7 22 36 23 42 29 50 46 31 33 56 41 14 37 11 28 45 13 35 39 35 34 6 21 23 53 43 35 40 29 17 34 37 31 15 29 39 29 52 47 53 27 37 54 33 52 38 22 41 36 53 47 26 25 35 28 33 42 37 10 30 10 15 19 20 51 38 17 27 43 35 40 28 9 22 35 15 38 30 7 0 34 20 29 41 50 19 37 18 17 28 30 2 41 44 34 14
17 25 17 22 37 30 10 16 28 19 16 12 13 5 27 10 33 34 24 9 13 31 26 34 3 11 31 30 12 27 28 8 28 9 20 21 4 35 26 22 30 35 28 17 19 20 6 21 28 19 40 14 11 10 18 23 8 33 37 32 9 13 21 31 23 33 34 25 15 16 26 29 14 23 17 6 18 31 21 9 24 20 11 28 34 0 21 21 15 22 27 23 21 17 33 14 33 26 21 28 32
27 11 5 23 19 29 27 5 44 30 34 32 11 17 47 21 26 42 10 20 25 12 38 44 19 14 19 29 11 45 44 27 43 12 5 14 25 38 21 32 43 36 45 37 39 28 26 41 38 39 45 9 31 27 38 27 15 32 42 34 24 22 17 22 33 23 27 24 14 36 41 25 8 40 32 26 8 13 2 16 5 18 11 16 20 21 0 9 32 41 26 38 2 10 35 10 20 42 38 38 25
32 20 12 30 28 38 31 10 48 35 30 31 8 16 47 17 35 49 19 24 20 20 43 49 18 11 28 38 16 48 48 29 47 13 14 5 25 45 30 37 48 44 49 37 38 33 27 40 43 38 52 14 32 31 37 18 18 41 49 41 28 16 8 31 38 32 36 32 19 34 45 34 8 44 36 25 3 22 7 13 14 9 10 25 29 21 9 0 36 43 34 42 11 18 42 7 29 46 42 43 34
13 33 28 21 45 29 5 28 15 14 20 11 28 20 14 24 32 26 32 13 25 42 17 24 18 26 35 29 21 13 14 7 17 23 29 36 11 30 26 17 19 31 13 8 16 16 9 17 21 15 33 23 5 5 17 37 18 30 31 27 8 27 36 32 18 34 33 24 21 17 15 28 28 8 8 13 33 39 33 24 33 35 26 34 41 15 32 36 0 9 26 12 31 25 29 29 39 13 6 20 31
22 42 37 30 54 37 14 37 17 22 22 13 35 27 5 30 41 32 41 22 30 51 23 29 25 33 44 37 30 5 16 16 20 30 38 43 18 37 35 25 24 38 6 6 12 24 16 11 28 11 39 32 11 14 14 42 27 37 38 34 17 33 43 41 25 43 42 33 30 16 20 36 35 11 16 19 40 48 42 31 42 42 33 43 50 22 41 43 9 0 34 18 40 34 36 36 48 16 8 27 40
13 18 23 5 26 4 23 25 25 12 43 36 30 28 39 36 7 18 19 18 40 29 17 20 29 31 13 3 20 36 26 24 22 26 21 37 28 12 5 12 20 11 35 34 42 10 27 43 14 41 19 20 30 23 43 46 21 7 16 9 21 38 39 9 12 10 7 2 15 42 21 2 27 26 18 33 31 25 28 31 24 39 28 15 19 27 26 34 26 34 0 20 25 17 9 30 17 24 27 15 6
11 33 33 17 44 20 13 34 6 8 32 23 34 27 22 33 27 14 33 18 35 43 5 12 26 32 31 21 27 17 6 15 5 29 33 42 20 19 22 8 7 20 16 19 27 10 18 28 10 26 21 29 17 13 29 46 24 20 20 16 14 36 42 28 8 30 27 19 24 29 3 22 34 7 6 24 39 40 39 31 37 41 32 31 37 23 38 42 12 18 20 0 37 28 18 35 35 4 10 9 26
26 9 5 22 17 28 26 5 43 29 35 33 13 17 46 23 24 41 8 19 27 10 37 43 19 16 17 28 10 44 43 26 42 12 4 16 25 37 20 31 42 35 44 37 39 27 26 41 37 39 44 8 31 26 38 29 14 31 41 33 23 24 19 20 32 21 25 23 13 36 40 24 9 39 31 26 10 11 4 17 3 20 12 14 18 21 2 11 31 40 25 37 0 9 34 12 18 41 37 37 24
17 8 6 13 19 20 20 8 34 20 33 29 15 16 40 24 18 32 7 12 28 17 28 34 18 17 14 20 6 38 34 19 33 12 5 21 20 28 12 22 33 27 38 31 36 18 21 38 28 36 35 5 25 20 36 32 9 23 32 24 17 25 23 14 23 16 19 15 4 34 31 16 11 30 22 23 15 14 12 18 9 24 13 11 17 17 10 18 25 34 17 28 9 0 25 14 16 32 31 28 17
16 27 31 12 35 6 26 33 21 15 46 39 38 35 40 42 14 9 28 24 46 38 13 12 35 39 22 7 28 35 22 27 18 33 30 46 31 3 14 12 15 2 34 37 45 13 30 46 9 44 10 28 33 26 46 53 28 3 7 2 24 45 47 18 11 18 13 11 23 45 17 11 35 25 21 36 39 34 37 38 33 47 36 24 28 33 35 42 29 36 9 18 34 25 0 38 26 21 28 10 14
25 20 9 26 29 34 24 7 41 28 24 25 1 9 41 11 32 43 19 17 15 21 36 43 11 4 27 33 10 41 41 22 40 6 13 8 18 41 26 31 41 40 42 30 31 27 20 33 37 31 48 10 25 24 30 18 11 37 45 37 21 12 9 28 32 30 33 28 15 28 38 30 3 37 29 18 4 23 8 6 15 10 3 24 30 14 10 7 29 36 30 35 12 14 38 0 29 39 35 37 31
26 9 20 18 9 20 34 22 40 27 49 44 30 32 54 40 12 35 10 26 44 14 33 37 34 33 4 19 22 51 41 33 38 28 16 34 35 29 13 27 37 27 50 45 51 25 35 52 31 50 36 21 39 34 51 46 25 23 33 26 31 41 37 8 28 8 13 17 18 49 36 15 26 41 33 39 28 10 22 34 15 38 29 5 2 33 20 29 39 48 17 35 18 16 26 29 0 39 42 32 12
15 37 37 21 48 24 16 38 2 12 33 24 38 31 20 36 31 16 37 22 38 47 8 13 29 36 35 25 31 15 2 18 4 33 37 46 23 21 26 12 8 22 13 18 26 14 21 26 12 25 23 33 18 16 28 49 28 23 22 19 18 39 46 32 12 34 31 23 28 29 4 26 38 5 10 26 43 44 43 35 41 45 36 35 41 26 42 46 13 16 24 4 41 32 21 39 39 0 8 11 30
16 38 33 24 50 29 11 34 10 15 25 16 34 26 13 30 34 24 38 19 31 47 15 21 24 32 38 30 27 9 9 13 12 29 35 42 17 29 29 17 16 30 8 10 18 17 15 18 20 17 31 29 11 11 20 43 24 29 30 26 14 33 42 35 17 37 35 26 27 21 12 29 34 3 9 19 39 45 39 30 39 41 32 38 44 21 38 42 6 8 27 10 37 31 28 35 42 8 0 19 33
12 32 33 15 41 14 20 34 11 9 40 31 36 31 31 38 22 6 33 20 41 43 4 6 31 36 28 15 28 26 12 22 8 31 33 44 26 10 19 6 5 11 24 28 36 10 25 37 1 35 13 29 25 20 37 51 26 12 11 8 19 41 46 24 5 25 22 15 24 37 7 17 36 16 13 31 40 39 39 35 37 45 34 29 34 28 38 43 20 27 15 9 37 28 10 37 32 11 19 0 21
18 15 23 10 21 8 28 25 31 19 48 41 32 31 46 39 1 23 16 23 43 24 23 26 33 33 8 7 22 43 32 29 28 28 20 38 33 17 6 18 26 15 42 39 47 16 32 48 20 46 24 22 35 28 48 48 24 11 21 14 26 41 40 4 18 4 2 8 17 47 27 4 28 32 24 38 32 20 27 34 21 41 30 10 14 32 25 34 31 40 6 26 24 17 14 31 12 30 33 21 0
0         1148     
387       535      
316       446      
66        208      
975       1114     
18        174      
136       259      
289       432      
0         123      
0         81       
232       382      
223       396      
296       452      
274       413      
663       793      
611       734      
791       914      
2         122      
388       542      
77        236      
265       398      
463       574      
0         112      
0         107      
572       692      
570       704      
419       543      
48        202      
540       707      
928       1072     
163       308      
121       277      
0         97       
308       411      
308       456      
351       478      
80        245      
53        166      
40        217      
0         99       
0         112      
32        147      
675       779      
198       328      
624       764      
766       880      
103       259      
691       809      
0         147      
219       361      
730       877      
490       637      
111       252      
125       269      
205       346      
355       511      
542       673      
24        146      
35        168      
0         146      
135       274      
284       401      
355       501      
417       577      
0         82       
404       541      
416       549      
60        193      
544       667      
206       361      
0         110      
40        178      
283       433      
166       305      
161       294      
102       250      
380       522      
428       582      
373       509      
288       414      
337       447      
344       466      
295       457      
416       548      
448       611      
85        239      
307       454      
340       456      
138       252      
662       789      
61        198      
158       282      
324       441      
516       630      
2         137      
564       715      
441       574      
0         119      
172       294      
800       921      
427       574      
