101
0 18 40 23 10 15 22 28 42 40 21 19 43 16 27 40 39 15 27 44 40 10 19 14 34 9 40 35 42 21 16 17 32 5 20 17 39 39 22 3 5 37 42 25 18 33 8 17 10 35 16 25 38 9 39 46 31 14 4 46 46 36 24 30 39 48 38 13 34 5 36 11 14 47 39 49 34 13 43 45 22 7 29 28 13 12 15 33 43 31 32 24 31 24 31 6 38 28 29 51 17
18 0 22 5 26 27 28 34 43 28 23 9 31 4 17 45 37 18 37 35 30 28 19 23 16 25 38 37 41 14 24 4 34 21 2 22 39 34 35 21 23 31 33 29 22 35 25 27 26 44 3 7 38 10 29 35 30 9 19 41 37 41 9 32 21 39 47 9 24 19 41 9 15 41 29 41 18 29 34 35 28 23 29 29 8 14 21 34 42 31 30 24 30 28 23 12 36 26 11 42 29
40 22 0 17 46 45 42 47 47 19 36 22 24 24 19 57 39 34 52 29 24 50 32 40 9 47 39 45 43 23 40 23 43 43 20 38 42 34 51 43 45 30 27 43 38 43 47 43 46 59 24 15 42 32 21 26 35 27 41 39 31 54 16 43 6 33 61 28 20 41 53 30 32 36 23 35 8 49 28 29 44 45 35 38 28 32 38 40 42 37 34 33 35 42 23 34 37 31 13 36 47
23 5 17 0 31 32 33 39 46 27 28 13 32 9 19 50 40 23 42 36 31 33 24 28 11 30 41 41 44 17 29 8 38 26 3 27 42 37 40 26 28 33 34 34 27 39 30 32 31 49 7 2 41 15 28 35 33 14 24 44 38 46 10 37 16 40 52 14 24 24 46 13 20 42 29 41 15 34 34 35 33 28 32 33 11 19 26 37 45 34 33 28 33 33 25 17 39 29 6 42 34
10 26 46 31 0 5 14 18 35 42 16 24 44 23 31 30 35 13 17 43 41 9 18 8 42 4 36 28 37 25 9 24 25 5 28 12 34 36 12 12 11 35 42 17 13 26 6 7 0 25 26 33 31 19 42 48 27 19 14 42 45 26 30 22 47 47 28 18 37 15 26 21 15 44 41 47 40 3 43 46 12 4 25 23 23 14 10 28 39 26 28 21 27 15 32 14 34 26 37 50 7
15 27 45 32 5 0 8 13 29 40 12 23 40 23 29 25 30 11 12 39 37 14 15 5 42 9 31 22 31 23 5 24 20 10 29 8 29 32 7 17 16 31 38 11 9 21 11 2 5 20 28 33 26 23 39 44 23 18 19 37 41 21 29 17 46 43 23 18 35 20 21 25 13 40 38 43 38 5 39 42 7 9 21 18 27 13 7 22 34 21 24 17 23 10 30 17 29 22 38 46 2
22 28 42 33 14 8 0 6 21 34 6 21 34 23 24 18 21 9 10 32 31 22 10 8 41 17 22 14 22 19 6 24 11 17 29 5 20 24 11 24 23 24 31 3 5 12 19 6 13 17 29 33 17 27 33 38 14 18 26 28 34 14 27 9 45 36 20 18 29 27 14 29 11 32 32 35 34 13 32 35 2 17 13 10 31 13 7 14 25 13 16 11 15 2 24 21 21 16 38 38 9
28 34 47 39 18 13 6 0 18 36 11 27 36 29 28 12 20 15 7 34 33 27 15 14 47 22 21 11 20 24 12 30 9 23 35 11 18 25 10 30 29 26 33 4 11 10 24 11 18 12 35 39 15 33 35 40 16 24 32 27 36 8 32 7 50 38 14 24 31 33 8 35 17 32 34 36 39 17 34 37 6 22 15 11 37 19 13 13 23 14 18 14 17 5 26 27 21 18 44 39 12
42 43 47 46 35 29 21 18 0 30 21 34 27 39 28 16 8 27 24 22 24 43 24 28 49 38 9 7 5 29 26 39 9 37 44 24 5 13 28 44 43 17 21 18 23 8 40 27 34 23 46 44 5 46 27 28 13 34 45 14 24 16 36 11 51 25 23 35 27 46 15 48 29 19 25 23 39 34 22 25 21 37 14 14 49 31 26 9 9 12 13 19 13 18 24 40 9 17 49 26 28
40 28 19 27 42 40 34 36 30 0 28 21 5 26 12 42 21 29 43 10 5 49 25 35 26 44 21 30 25 18 35 26 28 41 27 32 24 15 45 43 45 12 8 33 31 28 45 38 42 47 31 25 26 36 2 8 21 25 42 20 12 40 19 30 25 14 47 26 5 43 39 36 28 17 4 16 13 45 9 10 36 42 22 25 36 29 33 25 23 23 19 23 20 33 10 33 19 18 27 17 42
21 23 36 28 16 12 6 11 21 28 0 16 28 18 18 22 18 6 16 27 25 25 4 8 35 19 19 15 20 13 7 19 12 17 24 4 18 20 17 24 23 18 25 7 3 13 20 10 16 23 25 28 16 25 27 32 10 13 25 25 28 19 21 10 39 30 25 14 23 26 18 27 8 28 26 30 28 17 26 29 8 18 9 7 28 10 6 12 23 10 12 5 11 6 18 19 17 10 33 33 14
19 9 22 13 24 23 21 27 34 21 16 0 24 5 9 38 28 12 31 27 22 28 12 18 20 25 29 28 32 5 18 5 25 21 10 16 30 25 29 22 24 22 25 23 16 26 25 21 24 38 12 12 29 15 21 28 21 5 21 32 29 35 6 25 24 31 41 6 16 22 34 15 10 32 21 33 16 27 26 27 22 23 20 20 15 10 16 25 33 22 21 15 21 22 15 13 27 17 17 34 25
43 31 24 32 44 40 34 36 27 5 28 24 0 29 14 41 18 30 43 5 3 50 26 36 31 46 18 28 22 20 35 28 27 42 31 32 21 12 45 46 47 10 4 33 31 26 46 38 43 46 34 29 23 39 3 4 20 27 44 16 7 39 22 29 30 9 46 28 7 45 38 39 29 12 2 11 18 45 4 5 36 44 21 25 39 31 34 23 20 22 18 23 19 33 10 35 16 18 32 12 42
16 4 24 9 23 23 23 29 39 26 18 5 29 0 14 40 33 14 33 32 27 26 15 18 19 23 34 33 37 10 19 1 30 19 6 18 35 30 30 19 21 27 30 25 18 31 23 22 23 40 7 10 34 10 26 33 26 5 18 37 34 37 8 28 24 36 43 5 21 18 36 10 11 37 26 38 18 26 31 32 24 21 25 25 10 10 17 30 38 27 26 20 26 24 20 10 32 22 15 39 25
27 17 19 19 31 29 24 28 28 12 18 9 14 14 0 38 21 18 34 18 13 36 14 24 21 32 22 25 25 6 24 14 23 29 17 21 24 18 34 30 32 14 16 24 20 23 33 27 31 40 20 17 23 24 12 18 16 13 30 25 20 35 9 24 23 22 42 14 7 31 34 24 16 24 12 24 11 34 17 18 26 30 16 19 24 17 22 21 26 18 15 14 16 24 6 21 20 12 21 25 31
40 45 57 50 30 25 18 12 16 42 22 38 41 40 38 0 23 27 13 37 38 39 26 26 57 34 24 13 21 35 24 41 14 35 46 23 20 28 18 42 41 30 36 16 23 14 36 23 30 8 47 50 17 45 40 43 21 35 44 30 39 4 43 14 61 41 7 36 38 45 4 47 29 35 38 39 48 28 37 40 18 34 21 19 49 31 25 17 25 19 23 24 22 17 33 39 24 25 55 42 23
39 37 39 40 35 30 21 20 8 21 18 28 18 33 21 23 0 24 27 14 15 43 19 26 42 37 1 11 4 23 25 33 11 35 38 22 3 5 30 42 41 8 13 19 21 10 38 27 34 30 40 38 6 41 18 20 8 28 43 7 16 23 30 13 43 18 30 29 18 44 22 42 24 12 16 16 30 34 14 17 23 36 9 11 43 26 24 7 5 8 7 14 7 19 15 35 1 11 42 19 30
15 18 34 23 13 11 9 15 27 29 6 12 30 14 18 27 24 0 18 31 27 21 5 6 32 16 25 21 26 12 6 14 18 13 19 4 24 24 17 18 19 22 29 11 4 19 16 9 13 26 20 23 22 19 28 34 16 8 19 31 32 23 18 16 36 34 28 8 24 20 23 21 2 32 27 34 27 16 30 33 10 14 15 13 22 4 4 18 29 16 17 10 17 10 19 13 23 14 28 37 13
27 37 52 42 17 12 10 7 24 43 16 31 43 33 34 13 27 18 0 41 40 26 20 15 50 21 28 17 26 29 13 32 16 22 37 14 25 32 5 29 28 33 40 10 14 17 23 11 17 8 38 41 22 35 42 47 23 26 31 34 43 9 36 14 54 45 11 26 38 32 10 37 20 39 41 43 44 15 41 44 8 21 22 18 39 22 15 20 30 21 25 20 24 10 33 28 28 25 46 46 10
44 35 29 36 43 39 32 34 22 10 27 27 5 32 18 37 14 31 41 0 5 51 26 35 36 46 14 25 18 22 34 32 25 43 34 31 17 9 43 47 49 8 2 31 30 24 47 37 43 44 38 33 20 42 8 6 18 29 46 11 2 37 26 27 35 4 44 30 11 47 36 42 30 7 6 6 23 44 1 3 34 45 19 23 42 32 33 21 15 20 16 22 17 31 12 37 13 16 37 7 41
40 30 24 31 41 37 31 33 24 5 25 22 3 27 13 38 15 27 40 5 0 48 23 33 31 43 15 25 19 18 32 27 24 40 29 29 18 10 42 43 45 7 3 30 28 23 43 35 40 43 33 28 21 37 3 7 17 25 42 15 7 36 21 26 30 9 43 26 6 43 35 37 26 12 1 11 18 42 4 6 33 41 18 22 37 28 31 20 18 19 15 20 16 30 8 33 14 15 32 12 39
10 28 50 33 9 14 22 27 43 49 25 28 50 26 36 39 43 21 26 51 48 0 26 16 44 5 44 36 44 30 17 27 33 8 30 20 42 45 21 7 5 43 49 25 21 34 4 16 9 34 26 35 39 18 48 54 35 23 9 50 53 35 34 31 49 55 37 22 43 10 35 20 21 53 48 55 44 11 50 53 21 6 34 31 22 19 18 36 47 34 37 29 36 24 39 16 42 34 39 58 16
19 19 32 24 18 15 10 15 24 25 4 12 26 15 14 26 19 5 20 26 23 26 0 10 31 21 20 18 22 9 10 16 15 18 21 7 20 19 20 22 24 17 24 11 6 16 21 13 18 27 22 24 19 22 24 30 11 10 23 26 27 23 17 13 35 29 29 11 20 24 22 24 5 27 23 29 24 20 25 28 12 19 10 10 25 7 8 15 24 12 12 5 12 10 15 16 18 9 29 32 17
14 23 40 28 8 5 8 14 28 35 8 18 36 18 24 26 26 6 15 35 33 16 10 0 37 11 27 22 28 18 2 19 19 9 24 4 26 28 12 16 15 26 33 11 5 20 12 4 8 23 24 28 24 19 34 40 18 13 18 33 36 22 24 17 41 38 26 13 30 19 22 21 8 36 33 38 33 10 34 37 8 10 17 15 23 8 2 20 31 18 20 13 19 10 25 13 25 18 33 41 7
34 16 9 11 42 42 41 47 49 26 35 20 31 19 21 57 42 32 50 36 31 44 31 37 0 41 43 46 46 22 38 18 44 37 14 36 45 38 49 37 39 34 34 42 36 44 41 41 42 58 18 9 44 26 28 33 37 24 35 45 38 54 14 43 5 40 60 24 25 35 53 24 30 43 30 42 13 45 35 36 42 39 37 39 22 29 36 42 46 39 36 33 37 41 27 28 41 33 5 43 44
9 25 47 30 4 9 17 22 38 44 19 25 46 23 32 34 37 16 21 46 43 5 21 11 41 0 38 31 39 26 12 24 28 4 27 15 37 39 16 8 7 37 44 20 16 29 2 11 4 29 24 32 34 18 44 50 29 20 10 44 47 30 31 26 46 49 32 19 39 11 30 20 17 47 43 49 41 6 45 48 16 2 28 26 22 15 13 31 42 29 31 24 30 19 35 13 36 29 36 52 11
40 38 39 41 36 31 22 21 9 21 19 29 18 34 22 24 1 25 28 14 15 44 20 27 43 38 0 12 4 24 26 34 12 36 39 23 4 5 31 42 42 9 13 20 22 11 39 28 35 31 41 39 7 42 18 20 9 29 43 6 15 24 31 14 44 17 31 30 19 44 23 43 25 11 16 15 31 35 14 17 24 37 10 12 44 27 25 8 4 9 8 15 8 20 16 36 2 12 43 18 31
35 37 45 41 28 22 14 11 7 30 15 28 28 33 25 13 11 21 17 25 25 36 18 22 46 31 12 0 9 24 20 33 3 31 38 18 8 16 21 38 37 18 24 11 17 2 33 20 27 19 40 40 5 40 28 31 9 28 39 18 27 12 32 5 48 29 19 29 26 40 11 42 23 23 26 27 36 27 25 28 15 31 9 8 43 25 20 5 13 7 11 13 10 12 21 34 12 13 45 30 22
42 41 43 44 37 31 22 20 5 25 20 32 22 37 25 21 4 26 26 18 19 44 22 28 46 39 4 9 0 27 27 37 11 37 42 24 2 9 30 44 43 12 17 20 23 10 40 28 35 28 44 42 5 44 22 24 11 32 45 9 19 21 34 13 47 20 28 33 22 46 20 46 27 14 20 18 34 35 18 21 23 38 12 13 47 29 26 8 4 10 11 17 11 20 19 38 5 15 46 21 30
21 14 23 17 25 23 19 24 29 18 13 5 20 10 6 35 23 12 29 22 18 30 9 18 22 26 24 24 27 0 18 10 21 23 15 15 25 20 28 24 26 17 20 20 15 22 26 21 25 36 17 16 24 20 18 24 16 7 24 27 24 32 8 21 26 26 38 8 13 25 31 20 10 27 18 28 15 28 21 24 21 24 15 16 20 11 16 20 28 17 16 11 16 19 10 15 22 12 21 29 25
16 24 40 29 9 5 6 12 26 35 7 18 35 19 24 24 25 6 13 34 32 17 10 2 38 12 26 20 27 18 0 20 17 11 25 3 25 27 11 18 17 25 32 9 4 18 13 3 9 21 25 29 23 21 34 39 17 14 20 32 35 20 24 15 42 37 24 14 30 21 20 23 8 35 33 37 33 10 33 36 6 11 16 14 25 9 2 19 30 17 19 12 18 8 25 15 24 17 34 40 7
17 4 23 8 24 24 24 30 39 26 19 5 28 1 14 41 33 14 32 32 27 27 16 19 18 24 34 33 37 10 20 0 30 20 5 18 35 30 31 20 22 27 30 25 18 31 24 23 24 40 7 9 34 11 26 32 26 6 18 37 34 37 7 29 23 36 42 6 21 19 37 11 12 37 26 38 17 27 31 32 24 22 25 25 11 11 18 30 38 27 26 20 26 24 20 11 32 22 14 39 26
32 34 43 38 25 20 11 9 9 28 12 25 27 30 23 14 11 18 16 25 24 33 15 19 44 28 12 3 11 21 17 30 0 28 35 15 9 16 19 35 34 17 24 8 14 1 30 17 24 19 37 37 6 37 26 31 7 25 36 18 27 12 29 2 46 29 19 26 24 37 11 39 20 23 25 27 34 24 25 28 12 28 7 5 40 22 17 4 14 5 9 10 8 9 19 31 12 11 42 30 19
5 21 43 26 5 10 17 23 37 41 17 21 42 19 29 35 35 13 22 43 40 8 18 9 37 4 36 31 37 23 11 20 28 0 23 13 35 37 17 7 6 35 41 20 14 29 4 12 5 30 20 28 33 14 40 46 27 16 9 42 45 31 27 26 42 47 33 15 36 10 31 16 13 45 40 47 37 8 42 45 17 2 26 24 18 12 11 29 40 27 29 22 28 19 31 9 34 27 32 50 12
20 2 20 3 28 29 29 35 44 27 24 10 31 6 17 46 38 19 37 34 29 30 21 24 14 27 39 38 42 15 25 5 35 23 0 23 40 35 36 23 25 31 32 30 23 36 27 28 28 45 4 5 39 12 28 35 31 11 21 42 36 42 8 34 19 38 47 11 23 21 42 10 17 40 28 40 17 31 33 34 29 25 30 30 9 16 23 35 43 32 31 25 31 29 23 14 37 27 9 41 31
17 22 38 27 12 8 5 11 24 32 4 16 32 18 21 23 22 4 14 31 29 20 7 4 36 15 23 18 24 15 3 18 15 13 23 0 22 24 13 20 19 22 29 8 1 16 16 6 12 22 24 27 20 22 31 36 14 12 21 29 32 19 22 13 40 34 24 12 27 22 19 24 6 32 30 34 30 13 30 33 6 14 13 11 26 8 2 16 27 14 16 9 15 7 22 16 21 14 32 37 10
39 39 42 42 34 29 20 18 5 24 18 30 21 35 24 20 3 24 25 17 18 42 20 26 45 37 4 8 2 25 25 35 9 35 40 22 0 8 28 42 41 11 16 17 21 8 38 26 33 27 42 40 3 42 21 23 9 30 43 10 19 20 32 11 46 21 27 31 21 44 19 44 25 15 19 19 33 33 17 20 21 36 10 11 45 27 24 6 5 8 9 15 9 18 18 36 4 13 45 22 28
39 34 34 37 36 32 24 25 13 15 20 25 12 30 18 28 5 24 32 9 10 45 19 28 38 39 5 16 9 20 27 30 16 37 35 24 8 0 34 41 43 4 8 22 23 15 40 29 36 35 37 35 11 40 13 15 9 27 42 7 11 28 27 18 39 13 35 28 14 43 27 40 24 8 11 11 26 37 9 12 26 38 10 14 40 26 26 12 8 11 8 15 8 22 12 35 4 10 39 14 33
22 35 51 40 12 7 11 10 28 45 17 29 45 30 34 18 30 17 5 43 42 21 20 12 49 16 31 21 30 28 11 31 19 17 36 13 28 34 0 24 23 35 42 12 14 20 18 8 12 13 35 40 25 30 44 49 25 25 26 37 45 14 35 17 53 47 16 25 40 27 15 32 19 42 43 45 43 10 43 46 9 16 24 20 34 20 13 23 33 23 27 22 26 12 35 24 31 27 45 48 5
3 21 43 26 12 17 24 30 44 43 24 22 46 19 30 42 42 18 29 47 43 7 22 16 37 8 42 38 44 24 18 20 35 7 23 20 42 41 24 0 2 39 44 27 21 36 7 19 12 37 19 28 40 11 42 48 33 17 2 48 48 38 27 33 42 50 40 16 37 3 38 13 17 49 42 51 37 14 45 48 24 8 32 31 15 15 18 36 46 34 34 27 34 26 34 9 40 31 32 53 19
5 23 45 28 11 16 23 29 43 45 23 24 47 21 32 41 41 19 28 49 45 5 24 15 39 7 42 37 43 26 17 22 34 6 25 19 41 43 23 2 0 41 46 26 20 35 5 18 11 36 21 30 39 13 44 50 33 19 4 48 50 37 29 32 44 52 39 18 39 5 37 15 19 51 44 53 39 13 47 50 23 7 32 30 17 17 17 35 46 33 35 28 34 25 36 11 40 33 34 55 18
37 31 30 33 35 31 24 26 17 12 18 22 10 27 14 30 8 22 33 8 7 43 17 26 34 37 9 18 12 17 25 27 17 35 31 22 11 4 35 39 41 0 7 23 21 16 38 28 34 36 34 31 14 37 10 14 10 24 40 11 10 29 23 19 35 12 36 25 10 41 28 37 22 10 8 12 22 35 8 11 26 36 11 15 37 24 24 13 12 12 8 13 9 23 8 32 7 8 35 15 32
42 33 27 34 42 38 31 33 21 8 25 25 4 30 16 36 13 29 40 2 3 49 24 33 34 44 13 24 17 20 32 30 24 41 32 29 16 8 42 44 46 7 0 30 28 23 45 35 41 43 36 31 19 40 6 7 17 27 44 12 4 36 24 26 33 6 43 28 9 45 35 40 28 9 4 8 21 42 1 4 33 43 18 22 40 30 31 20 16 19 15 20 16 30 10 35 12 15 35 9 39
25 29 43 34 17 11 3 4 18 33 7 23 33 25 24 16 19 11 10 31 30 25 11 11 42 20 20 11 20 20 9 25 8 20 30 8 17 22 12 27 26 23 30 0 7 9 22 9 16 16 31 34 14 30 32 37 13 19 29 26 33 12 28 6 46 35 18 19 28 30 12 32 13 30 31 33 35 16 31 34 4 20 12 8 33 15 10 12 22 11 15 10 14 1 23 24 19 15 39 36 11
18 22 38 27 13 9 5 11 23 31 3 16 31 18 20 23 21 4 14 30 28 21 6 5 36 16 22 17 23 15 4 18 14 14 23 1 21 23 14 21 20 21 28 7 0 15 17 7 13 22 24 27 19 23 30 35 13 12 22 28 31 19 22 12 40 33 24 12 26 23 19 25 6 31 29 33 30 14 29 32 6 15 12 10 26 8 3 15 26 13 15 8 14 6 21 17 20 13 32 36 11
33 35 43 39 26 21 12 10 8 28 13 26 26 31 23 14 10 19 17 24 23 34 16 20 44 29 11 2 10 22 18 31 1 29 36 16 8 15 20 36 35 16 23 9 15 0 31 18 25 20 38 38 5 38 26 30 7 26 37 17 26 13 30 3 46 28 20 27 24 38 12 40 21 22 24 26 34 25 24 27 13 29 7 6 41 23 18 3 13 5 9 11 8 10 19 32 11 11 43 29 20
8 25 47 30 6 11 19 24 40 45 20 25 46 23 33 36 38 16 23 47 43 4 21 12 41 2 39 33 40 26 13 24 30 4 27 16 38 40 18 7 5 38 45 22 17 31 0 13 6 31 24 32 36 17 44 50 30 20 9 45 48 32 31 28 46 50 34 19 39 10 32 19 17 48 43 50 41 8 46 49 18 2 29 27 21 15 14 32 43 30 32 25 31 21 35 13 37 30 36 53 13
17 27 43 32 7 2 6 11 27 38 10 21 38 22 27 23 27 9 11 37 35 16 13 4 41 11 28 20 28 21 3 23 17 12 28 6 26 29 8 19 18 28 35 9 7 18 13 0 7 19 28 32 23 23 37 42 20 17 21 34 38 19 27 15 45 40 22 17 33 22 19 25 11 37 36 40 36 7 36 39 5 11 19 16 27 12 5 20 31 19 22 15 21 8 28 17 27 20 37 43 4
10 26 46 31 0 5 13 18 34 42 16 24 43 23 31 30 34 13 17 43 40 9 18 8 42 4 35 27 35 25 9 24 24 5 28 12 33 36 12 12 11 34 41 16 13 25 6 7 0 25 25 33 30 19 41 47 26 19 14 41 44 26 30 22 47 46 28 18 37 15 26 21 15 44 40 46 40 3 42 45 12 4 25 23 23 14 10 27 38 26 28 21 27 15 32 14 33 26 37 49 7
35 44 59 49 25 20 17 12 23 47 23 38 46 40 40 8 30 26 8 44 43 34 27 23 58 29 31 19 28 36 21 40 19 30 45 22 27 35 13 37 36 36 43 16 22 20 31 19 25 0 46 49 24 42 45 50 26 34 39 37 46 7 44 17 62 48 3 34 43 40 8 44 28 42 44 46 51 23 44 47 16 29 25 22 46 30 23 23 32 24 28 26 27 17 38 36 31 29 54 49 18
16 3 24 7 26 28 29 35 46 31 25 12 34 7 20 47 40 20 38 38 33 26 22 24 18 24 41 40 44 17 25 7 37 20 4 24 42 37 35 19 21 34 36 31 24 38 24 28 25 46 0 9 41 8 32 38 33 12 17 44 40 43 12 35 23 42 48 11 27 17 43 6 17 44 32 44 21 28 37 38 30 22 32 32 5 16 23 37 45 34 33 27 33 30 26 11 39 29 13 45 30
25 7 15 2 33 33 33 39 44 25 28 12 29 10 17 50 38 23 41 33 28 35 24 28 9 32 39 40 42 16 29 9 37 28 5 27 40 35 40 28 30 31 31 34 27 38 32 32 33 49 9 0 39 17 26 33 31 15 26 42 35 46 8 37 14 37 51 15 22 26 46 15 21 40 27 39 13 36 32 33 33 30 31 32 13 20 27 36 43 33 31 27 31 33 23 19 37 27 5 40 35
38 38 42 41 31 26 17 15 5 26 16 29 23 34 23 17 6 22 22 20 21 39 19 24 44 34 7 5 5 24 23 34 6 33 39 20 3 11 25 40 39 14 19 14 19 5 36 23 30 24 41 39 0 41 24 26 8 29 41 13 22 17 31 8 46 24 24 30 23 42 16 43 24 18 22 22 34 30 20 23 18 34 9 9 44 26 22 4 8 7 8 14 8 15 19 35 7 12 44 25 25
9 10 32 15 19 23 27 33 46 36 25 15 39 10 24 45 41 19 35 42 37 18 22 19 26 18 42 40 44 20 21 11 37 14 12 22 42 40 30 11 13 37 40 30 23 38 17 23 19 42 8 17 41 0 36 42 33 12 9 46 44 41 18 35 31 46 45 11 31 9 41 2 17 47 36 48 28 22 41 42 27 16 32 32 4 15 20 37 46 34 33 27 33 29 30 6 39 29 21 49 25
39 29 21 28 42 39 33 35 27 2 27 21 3 26 12 40 18 28 42 8 3 48 24 34 28 44 18 28 22 18 34 26 26 40 28 31 21 13 44 42 44 10 6 32 30 26 44 37 41 45 32 26 24 36 0 7 19 25 42 18 10 38 20 28 27 12 45 26 5 43 37 36 27 15 2 14 15 44 7 8 35 42 20 24 36 29 32 23 21 21 18 22 18 32 9 33 17 17 29 15 41
46 35 26 35 48 44 38 40 28 8 32 28 4 33 18 43 20 34 47 6 7 54 30 40 33 50 20 31 24 24 39 32 31 46 35 36 23 15 49 48 50 14 7 37 35 30 50 42 47 50 38 33 26 42 7 0 24 31 48 17 6 43 26 33 32 7 50 32 11 49 42 42 33 12 6 9 20 49 6 4 40 48 25 29 42 35 38 27 21 26 22 27 23 37 14 39 19 22 34 10 46
31 30 35 33 27 23 14 16 13 21 10 21 20 26 16 21 8 16 23 18 17 35 11 18 37 29 9 9 11 16 17 26 7 27 31 14 9 9 25 33 33 10 17 13 13 7 30 20 26 26 33 31 8 33 19 24 0 21 34 14 20 19 23 9 39 22 26 22 17 35 18 35 16 17 18 20 27 27 18 21 16 28 1 5 36 18 16 5 13 2 2 6 1 13 12 27 7 4 36 23 23
14 9 27 14 19 18 18 24 34 25 13 5 27 5 13 35 28 8 26 29 25 23 10 13 24 20 29 28 32 7 14 6 25 16 11 12 30 27 25 17 19 24 27 19 12 26 20 17 19 34 12 15 29 12 25 31 21 0 17 34 31 31 11 23 28 33 36 1 20 18 31 14 6 34 25 35 21 22 28 31 18 18 20 20 15 5 12 25 33 22 21 15 21 18 17 8 27 17 20 36 20
4 19 41 24 14 19 26 32 45 42 25 21 44 18 30 44 43 19 31 46 42 9 23 18 35 10 43 39 45 24 20 18 36 9 21 21 43 42 26 2 4 40 44 29 22 37 9 21 14 39 17 26 41 9 42 48 34 17 0 48 48 40 25 34 40 50 42 15 37 1 40 11 18 50 42 52 35 16 45 48 26 10 33 32 13 16 19 37 47 35 35 28 35 28 34 8 41 32 30 53 21
46 41 39 44 42 37 28 27 14 20 25 32 16 37 25 30 7 31 34 11 15 50 26 33 45 44 6 18 9 27 32 37 18 42 42 29 10 7 37 48 48 11 12 26 28 17 45 34 41 37 44 42 13 46 18 17 14 34 48 0 11 30 34 20 45 11 37 35 20 49 29 47 30 5 16 9 32 41 12 13 30 42 15 18 47 32 30 14 5 15 13 20 14 26 19 41 7 17 46 12 37
46 37 31 38 45 41 34 36 24 12 28 29 7 34 20 39 16 32 43 2 7 53 27 36 38 47 15 27 19 24 35 34 27 45 36 32 19 11 45 48 50 10 4 33 31 26 48 38 44 46 40 35 22 44 10 6 20 31 48 11 0 39 28 29 37 2 46 32 13 49 38 44 32 6 8 4 25 45 3 2 36 46 21 25 44 34 34 23 16 22 18 23 19 33 14 39 15 18 39 5 42
36 41 54 46 26 21 14 8 16 40 19 35 39 37 35 4 23 23 9 37 36 35 23 22 54 30 24 12 21 32 20 37 12 31 42 19 20 28 14 38 37 29 36 12 19 13 32 19 26 7 43 46 17 41 38 43 19 31 40 30 39 0 40 11 58 41 7 31 36 41 1 43 25 35 37 39 46 24 37 40 14 30 19 16 45 27 21 16 25 17 21 21 20 13 31 35 24 23 51 42 19
24 9 16 10 30 29 27 32 36 19 21 6 22 8 9 43 30 18 36 26 21 34 17 24 14 31 31 32 34 8 24 7 29 27 8 22 32 27 35 27 29 23 24 28 22 30 31 27 30 44 12 8 31 18 20 26 23 11 25 34 28 40 0 29 18 30 46 12 15 26 39 18 16 32 20 32 10 33 25 26 28 29 23 24 17 16 22 28 35 25 23 19 23 27 15 18 29 19 13 33 31
30 32 43 37 22 17 9 7 11 30 10 25 29 28 24 14 13 16 14 27 26 31 13 17 43 26 14 5 13 21 15 29 2 26 34 13 11 18 17 33 32 19 26 6 12 3 28 15 22 17 35 37 8 35 28 33 9 23 34 20 29 11 29 0 47 31 18 24 25 35 10 37 18 25 27 29 35 22 27 30 10 26 8 5 38 20 15 6 16 7 11 10 10 7 20 29 14 12 42 32 17
39 21 6 16 47 46 45 50 51 25 39 24 30 24 23 61 43 36 54 35 30 49 35 41 5 46 44 48 47 26 42 23 46 42 19 40 46 39 53 42 44 35 33 46 40 46 46 45 47 62 23 14 46 31 27 32 39 28 40 45 37 58 18 47 0 39 64 29 25 40 57 29 34 42 29 41 13 50 34 35 46 44 39 42 27 33 40 44 47 41 38 37 39 45 28 33 42 35 10 42 48
48 39 33 40 47 43 36 38 25 14 30 31 9 36 22 41 18 34 45 4 9 55 29 38 40 49 17 29 20 26 37 36 29 47 38 34 21 13 47 50 52 12 6 35 33 28 50 40 46 48 42 37 24 46 12 7 22 33 50 11 2 41 30 31 39 0 48 34 15 51 40 46 34 6 10 2 27 47 5 4 38 48 23 27 46 36 36 25 16 24 20 25 21 35 16 41 17 20 41 3 44
38 47 61 52 28 23 20 14 23 47 25 41 46 43 42 7 30 28 11 44 43 37 29 26 60 32 31 19 28 38 24 42 19 33 47 24 27 35 16 40 39 36 43 18 24 20 34 22 28 3 48 51 24 45 45 50 26 36 42 37 46 7 46 18 64 48 0 36 43 43 8 47 30 42 44 46 53 26 44 47 18 32 26 23 49 32 25 23 32 24 28 28 27 19 38 39 31 30 56 49 21
13 9 28 14 18 18 18 24 35 26 14 6 28 5 14 36 29 8 26 30 26 22 11 13 24 19 30 29 33 8 14 6 26 15 11 12 31 28 25 16 18 25 28 19 12 27 19 17 18 34 11 15 30 11 26 32 22 1 15 35 32 31 12 24 29 34 36 0 21 16 31 13 6 35 26 36 22 21 29 32 18 17 21 21 14 5 12 26 34 23 22 16 22 18 18 7 28 18 20 37 20
34 24 20 24 37 35 29 31 27 5 23 16 7 21 7 38 18 24 38 11 6 43 20 30 25 39 19 26 22 13 30 21 24 36 23 27 21 14 40 37 39 10 9 28 26 24 39 33 37 43 27 22 23 31 5 11 17 20 37 20 13 36 15 25 25 15 43 21 0 37 35 31 23 18 5 17 12 40 10 11 31 37 17 20 31 24 28 21 22 19 15 18 16 28 5 28 17 13 26 18 37
5 19 41 24 15 20 27 33 46 43 26 22 45 18 31 45 44 20 32 47 43 10 24 19 35 11 44 40 46 25 21 19 37 10 21 22 44 43 27 3 5 41 45 30 23 38 10 22 15 40 17 26 42 9 43 49 35 18 1 49 49 41 26 35 40 51 43 16 37 0 41 11 19 51 42 52 36 17 45 48 27 11 34 33 13 17 20 38 48 36 36 29 36 29 34 9 42 33 30 53 22
36 41 53 46 26 21 14 8 15 39 18 34 38 36 34 4 22 23 10 36 35 35 22 22 53 30 23 11 20 31 20 37 11 31 42 19 19 27 15 38 37 28 35 12 19 12 32 19 26 8 43 46 16 41 37 42 18 31 40 29 38 1 39 10 57 40 8 31 35 41 0 43 25 34 36 38 45 24 36 39 14 30 18 15 45 27 21 15 24 16 20 20 19 13 30 35 23 22 51 41 19
11 9 30 13 21 25 29 35 48 36 27 15 39 10 24 47 42 21 37 42 37 20 24 21 24 20 43 42 46 20 23 11 39 16 10 24 44 40 32 13 15 37 40 32 25 40 19 25 21 44 6 15 43 2 36 42 35 14 11 47 44 43 18 37 29 46 47 13 31 11 43 0 19 47 36 48 27 24 41 42 29 18 34 34 2 17 22 39 47 36 35 29 35 31 30 8 41 31 19 49 27
14 15 32 20 15 13 11 17 29 28 8 10 29 11 16 29 24 2 20 30 26 21 5 8 30 17 25 23 27 10 8 12 20 13 17 6 25 24 19 17 19 22 28 13 6 21 17 11 15 28 17 21 24 17 27 33 16 6 18 30 32 25 16 18 34 34 30 6 23 19 25 19 0 32 26 34 25 18 29 32 12 15 15 15 20 2 6 20 29 17 17 10 17 12 18 11 23 14 26 37 15
47 41 36 42 44 40 32 32 19 17 28 32 12 37 24 35 12 32 39 7 12 53 27 36 43 47 11 23 14 27 35 37 23 45 40 32 15 8 42 49 51 10 9 30 31 22 48 37 44 42 44 40 18 47 15 12 17 34 50 5 6 35 32 25 42 6 42 35 18 51 34 47 32 0 13 4 30 44 8 8 33 45 18 22 47 34 33 19 10 19 16 23 16 30 18 42 11 18 44 7 40
39 29 23 29 41 38 32 34 25 4 26 21 2 26 12 38 16 27 41 6 1 48 23 33 30 43 16 26 20 18 33 26 25 40 28 30 19 11 43 42 44 8 4 31 29 24 43 36 40 44 32 27 22 36 2 6 18 25 42 16 8 37 20 27 29 10 44 26 5 42 36 36 26 13 0 12 17 43 5 6 34 41 19 23 36 28 31 21 19 20 16 21 17 31 8 33 15 16 31 13 40
49 41 35 41 47 43 35 36 23 16 30 33 11 38 24 39 16 34 43 6 11 55 29 38 42 49 15 27 18 28 37 38 27 47 40 34 19 11 45 51 53 12 8 33 33 26 50 40 46 46 44 39 22 48 14 9 20 35 52 9 4 39 32 29 41 2 46 36 17 52 38 48 34 4 12 0 29 47 7 6 36 48 21 25 48 36 36 23 14 22 19 25 19 33 18 43 15 20 43 3 43
34 18 8 15 40 38 34 39 39 13 28 16 18 18 11 48 30 27 44 23 18 44 24 33 13 41 31 36 34 15 33 17 34 37 17 30 33 26 43 37 39 22 21 35 30 34 41 36 40 51 21 13 34 28 15 20 27 21 35 32 25 46 10 35 13 27 53 22 12 36 45 27 25 30 17 29 0 43 22 23 36 39 27 30 26 26 31 32 34 29 26 25 27 34 15 28 29 23 14 30 40
13 29 49 34 3 5 13 17 34 45 17 27 45 26 34 28 34 16 15 44 42 11 20 10 45 6 35 27 35 28 10 27 24 8 31 13 33 37 10 14 13 35 42 16 14 25 8 7 3 23 28 36 30 22 44 49 27 22 16 41 45 24 33 22 50 47 26 21 40 17 24 24 18 44 43 47 43 0 43 46 12 7 26 23 26 17 12 27 38 26 29 22 28 15 35 17 34 27 40 50 5
43 34 28 34 43 39 32 34 22 9 26 26 4 31 17 37 14 30 41 1 4 50 25 34 35 45 14 25 18 21 33 31 25 42 33 30 17 9 43 45 47 8 1 31 29 24 46 36 42 44 37 32 20 41 7 6 18 28 45 12 3 37 25 27 34 5 44 29 10 45 36 41 29 8 5 7 22 43 0 3 34 44 19 23 41 31 32 21 16 20 16 21 17 31 11 36 13 16 36 8 40
45 35 29 35 46 42 35 37 25 10 29 27 5 32 18 40 17 33 44 3 6 53 28 37 36 48 17 28 21 24 36 32 28 45 34 33 20 12 46 48 50 11 4 34 32 27 49 39 45 47 38 33 23 42 8 4 21 31 48 13 2 40 26 30 35 4 47 32 11 48 39 42 32 8 6 6 23 46 3 0 37 47 22 26 42 34 35 24 18 23 19 24 20 34 14 39 16 19 37 7 43
22 28 44 33 12 7 2 6 21 36 8 22 36 24 26 18 23 10 8 34 33 21 12 8 42 16 24 15 23 21 6 24 12 17 29 6 21 26 9 24 23 26 33 4 6 13 18 5 12 16 30 33 18 27 35 40 16 18 26 30 36 14 28 10 46 38 18 18 31 27 14 29 12 33 34 36 36 12 34 37 0 16 15 11 31 14 7 15 26 14 18 13 17 3 26 21 22 18 38 39 7
7 23 45 28 4 9 17 22 37 42 18 23 44 21 30 34 36 14 21 45 41 6 19 10 39 2 37 31 38 24 11 22 28 2 25 14 36 38 16 8 7 36 43 20 15 29 2 11 4 29 22 30 34 16 42 48 28 18 10 42 46 30 29 26 44 48 32 17 37 11 30 18 15 45 41 48 39 7 44 47 16 0 27 25 20 13 12 30 41 28 30 23 29 19 33 11 35 28 34 51 11
29 29 35 32 25 21 13 15 14 22 9 20 21 25 16 21 9 15 22 19 18 34 10 17 37 28 10 9 12 15 16 25 7 26 30 13 10 10 24 32 32 11 18 12 12 7 29 19 25 25 32 31 9 32 20 25 1 20 33 15 21 19 23 8 39 23 26 21 17 34 18 34 15 18 19 21 27 26 19 22 15 27 0 4 35 17 15 5 14 2 3 5 2 12 12 26 8 4 36 24 22
28 29 38 33 23 18 10 11 14 25 7 20 25 25 19 19 11 13 18 23 22 31 10 15 39 26 12 8 13 16 14 25 5 24 30 11 11 14 20 31 30 15 22 8 10 6 27 16 23 22 32 32 9 32 24 29 5 20 32 18 25 16 24 5 42 27 23 21 20 33 15 34 15 22 23 25 30 23 23 26 11 25 4 0 35 17 13 5 16 3 7 5 6 8 15 26 11 7 37 28 18
13 8 28 11 23 27 31 37 49 36 28 15 39 10 24 49 43 22 39 42 37 22 25 23 22 22 44 43 47 20 25 11 40 18 9 26 45 40 34 15 17 37 40 33 26 41 21 27 23 46 5 13 44 4 36 42 36 15 13 47 44 45 17 38 27 46 49 14 31 13 45 2 20 47 36 48 26 26 41 42 31 20 35 35 0 18 24 40 48 37 36 30 36 32 30 10 42 32 17 49 29
12 14 32 19 14 13 13 19 31 29 10 10 31 10 17 31 26 4 22 32 28 19 7 8 29 15 27 25 29 11 9 11 22 12 16 8 27 26 20 15 17 24 30 15 8 23 15 12 14 30 16 20 26 15 29 35 18 5 16 32 34 27 16 20 33 36 32 5 24 17 27 17 2 34 28 36 26 17 31 34 14 13 17 17 18 0 7 22 31 19 19 12 19 14 20 9 25 16 25 39 15
15 21 38 26 10 7 7 13 26 33 6 16 34 17 22 25 24 4 15 33 31 18 8 2 36 13 25 20 26 16 2 18 17 11 23 2 24 26 13 18 17 24 31 10 3 18 14 5 10 23 23 27 22 20 32 38 16 12 19 30 34 21 22 15 40 36 25 12 28 20 21 22 6 33 31 36 31 12 32 35 7 12 15 13 24 7 0 18 29 16 18 11 17 9 23 14 23 16 32 39 9
33 34 40 37 28 22 14 13 9 25 12 25 23 30 21 17 7 18 20 21 20 36 15 20 42 31 8 5 8 20 19 30 4 29 35 16 6 12 23 36 35 13 20 12 15 3 32 20 27 23 37 36 4 37 23 27 5 25 37 14 23 16 28 6 44 25 23 26 21 38 15 39 20 19 21 23 32 27 21 24 15 30 5 5 40 22 18 0 11 3 6 10 5 12 17 31 8 9 41 26 22
43 42 42 45 39 34 25 23 9 23 23 33 20 38 26 25 5 29 30 15 18 47 24 31 46 42 4 13 4 28 30 38 14 40 43 27 5 8 33 46 46 12 16 22 26 13 43 31 38 32 45 43 8 46 21 21 13 33 47 5 16 25 35 16 47 16 32 34 22 48 24 47 29 10 19 14 34 38 16 18 26 41 14 16 48 31 29 11 0 13 12 19 12 23 20 40 6 16 47 17 33
31 31 37 34 26 21 13 14 12 23 10 22 22 27 18 19 8 16 21 20 19 34 12 18 39 29 9 7 10 17 17 27 5 27 32 14 8 11 23 34 33 12 19 11 13 5 30 19 26 24 34 33 7 34 21 26 2 22 35 15 22 17 25 7 41 24 24 23 19 36 16 36 17 19 20 22 29 26 20 23 14 28 2 3 37 19 16 3 13 0 4 7 3 11 14 28 8 6 38 25 21
32 30 34 33 28 24 16 18 13 19 12 21 18 26 15 23 7 17 25 16 15 37 12 20 36 31 8 11 11 16 19 26 9 29 31 16 9 8 27 34 35 8 15 15 15 9 32 22 28 28 33 31 8 33 18 22 2 21 35 13 18 21 23 11 38 20 28 22 15 36 20 35 17 16 16 19 26 29 16 19 18 30 3 7 36 19 18 6 12 4 0 7 1 15 11 28 6 4 36 22 25
24 24 33 28 21 17 11 14 19 23 5 15 23 20 14 24 14 10 20 22 20 29 5 13 33 24 15 13 17 11 12 20 10 22 25 9 15 15 22 27 28 13 20 10 8 11 25 15 21 26 27 27 14 27 22 27 6 15 28 20 23 21 19 10 37 25 28 16 18 29 20 29 10 23 21 25 25 22 21 24 13 23 5 5 30 12 11 10 19 7 7 0 7 10 13 21 13 5 32 28 19
31 30 35 33 27 23 15 17 13 20 11 21 19 26 16 22 7 17 24 17 16 36 12 19 37 30 8 10 11 16 18 26 8 28 31 15 9 8 26 34 34 9 16 14 14 8 31 21 27 27 33 31 8 33 18 23 1 21 35 14 19 20 23 10 39 21 27 22 16 36 19 35 17 16 17 19 27 28 17 20 17 29 2 6 36 19 17 5 12 3 1 7 0 14 12 28 7 4 36 22 24
24 28 42 33 15 10 2 5 18 33 6 22 33 24 24 17 19 10 10 31 30 24 10 10 41 19 20 12 20 19 8 24 9 19 29 7 18 22 12 26 25 23 30 1 6 10 21 8 15 17 30 33 15 29 32 37 13 18 28 26 33 13 27 7 45 35 19 18 28 29 13 31 12 30 31 33 34 15 31 34 3 19 12 8 32 14 9 12 23 11 15 10 14 0 23 23 19 15 38 36 10
31 23 23 25 32 30 24 26 24 10 18 15 10 20 6 33 15 19 33 12 8 39 15 25 27 35 16 21 19 10 25 20 19 31 23 22 18 12 35 34 36 8 10 23 21 19 35 28 32 38 26 23 19 30 9 14 12 17 34 19 14 31 15 20 28 16 38 18 5 34 30 30 18 18 8 18 15 35 11 14 26 33 12 15 30 20 23 17 20 14 11 13 12 23 0 25 14 8 27 19 32
6 12 34 17 14 17 21 27 40 33 19 13 35 10 21 39 35 13 28 37 33 16 16 13 28 13 36 34 38 15 15 11 31 9 14 16 36 35 24 9 11 32 35 24 17 32 13 17 14 36 11 19 35 6 33 39 27 8 8 41 39 35 18 29 33 41 39 7 28 9 35 8 11 42 33 43 28 17 36 39 21 11 26 26 10 9 14 31 40 28 28 21 28 23 25 0 34 25 23 44 19
38 36 37 39 34 29 21 21 9 19 17 27 16 32 20 24 1 23 28 13 14 42 18 25 41 36 2 12 5 22 24 32 12 34 37 21 4 4 31 40 40 7 12 19 20 11 37 27 33 31 39 37 7 39 17 19 7 27 41 7 15 24 29 14 42 17 31 28 17 42 23 41 23 11 15 15 29 34 13 16 22 35 8 11 42 25 23 8 6 8 6 13 7 19 14 34 0 10 41 18 29
28 26 31 29 26 22 16 18 17 18 10 17 18 22 12 25 11 14 25 16 15 34 9 18 33 29 12 13 15 12 17 22 11 27 27 14 13 10 27 31 33 8 15 15 13 11 30 20 26 29 29 27 12 29 17 22 4 17 32 17 18 23 19 12 35 20 30 18 13 33 22 31 14 18 16 20 23 27 16 19 18 28 4 7 32 16 16 9 16 6 4 5 4 15 8 25 10 0 32 23 24
29 11 13 6 37 38 38 44 49 27 33 17 32 15 21 55 42 28 46 37 32 39 29 33 5 36 43 45 46 21 34 14 42 32 9 32 45 39 45 32 34 35 35 39 32 43 36 37 37 54 13 5 44 21 29 34 36 20 30 46 39 51 13 42 10 41 56 20 26 30 51 19 26 44 31 43 14 40 36 37 38 34 36 37 17 25 32 41 47 38 36 32 36 38 27 23 41 32 0 44 40
51 42 36 42 50 46 38 39 26 17 33 34 12 39 25 42 19 37 46 7 12 58 32 41 43 52 18 30 21 29 40 39 30 50 41 37 22 14 48 53 55 15 9 36 36 29 53 43 49 49 45 40 25 49 15 10 23 36 53 12 5 42 33 32 42 3 49 37 18 53 41 49 37 7 13 3 30 50 8 7 39 51 24 28 49 39 39 26 17 25 22 28 22 36 19 44 18 23 44 0 46
17 29 47 34 7 2 9 12 28 42 14 25 42 25 31 23 30 13 10 41 39 16 17 7 44 11 31 22 30 25 7 26 19 12 31 10 28 33 5 19 18 32 39 11 11 20 13 4 7 18 30 35 25 25 41 46 23 20 21 37 42 19 31 17 48 44 21 20 37 22 19 27 15 40 40 43 40 5 40 43 7 11 22 18 29 15 9 22 33 21 25 19 24 10 32 19 29 24 40 46 0
0         807      
0         43       
561       646      
539       573      
589       717      
502       541      
102       226      
123       236      
748       761      
302       434      
40        141      
0         71       
288       314      
0         53       
273       345      
393       517      
60        166      
52        66       
439       522      
327       403      
300       399      
208       262      
406       502      
166       247      
579       598      
193       264      
107       123      
82        131      
61        142      
262       342      
0         134      
0         100      
96        134      
198       266      
515       587      
67        76       
82        139      
62        156      
481       555      
0         18       
162       252      
335       417      
372       437      
113       208      
16        97       
93        148      
127       230      
132       247      
156       242      
392       514      
20        57       
502       605      
74        114      
0         85       
239       320      
248       329      
557       648      
23        92       
0         59       
279       346      
296       366      
443       480      
239       285      
78        231      
539       573      
280       378      
400       527      
210       325      
281       297      
0         54       
635       705      
217       298      
0         111      
262       400      
288       323      
301       400      
678       773      
463       508      
334       372      
290       428      
431       502      
146       273      
52        149      
146       232      
15        48       
501       591      
2         77       
45        153      
119       181      
37        158      
362       465      
48        106      
338       466      
168       232      
327       403      
206       308      
101       169      
396       460      
509       614      
303       322      
592       738      
