101
0 34 11 22 14 30 31 18 5 12 8 34 39 15 34 9 5 21 37 29 0 40 20 24 17 23 40 2 35 20 34 11 8 10 1 43 12 34 19 22 26 4 43 39 21 23 7 19 13 18 37 23 41 29 20 29 8 7 8 37 23 30 6 19 24 10 5 42 27 30 25 10 11 8 23 18 28 15 12 30 12 32 25 27 27 25 45 12 22 46 38 46 34 40 28 12 41 25 11 26 13
34 0 40 20 39 15 16 27 37 27 39 8 5 32 4 25 32 25 6 19 34 9 34 19 35 37 25 36 20 18 23 25 37 39 35 24 24 12 35 39 13 34 14 20 13 21 32 15 33 18 11 21 14 13 25 27 41 31 29 3 31 27 34 23 37 26 31 17 15 4 27 27 33 26 42 33 31 19 35 20 28 15 42 15 23 9 24 35 22 25 6 25 22 23 17 41 13 16 23 29 31
11 40 0 33 24 34 42 17 15 14 18 43 45 11 40 18 16 21 43 31 11 48 14 27 27 17 51 9 37 31 45 22 18 20 11 54 16 39 13 13 31 14 48 50 27 34 8 28 23 28 46 25 50 34 20 27 16 9 19 43 34 41 16 30 34 14 16 52 31 36 23 21 7 18 33 28 39 21 5 41 13 42 35 31 27 31 56 22 33 56 44 47 35 41 31 22 50 35 18 23 23
22 20 33 0 22 28 10 29 22 24 23 16 24 30 23 15 17 30 26 31 22 22 35 28 16 38 17 24 34 3 12 11 21 23 22 21 22 29 34 38 24 19 34 18 17 2 25 10 16 6 18 29 21 26 29 37 25 25 14 23 12 10 19 4 18 22 17 21 26 19 35 12 29 15 22 14 12 18 30 8 25 11 23 25 33 17 24 19 3 24 26 44 35 39 28 25 23 5 16 37 14
14 39 24 22 0 41 32 31 9 25 6 38 43 29 40 17 10 34 43 41 14 44 34 36 6 37 37 15 46 22 30 14 6 4 13 41 24 43 33 36 35 10 51 39 29 22 21 24 6 21 40 35 43 38 32 41 8 21 10 42 14 24 8 18 12 23 11 43 37 36 38 11 25 15 9 8 21 24 26 29 25 33 11 36 39 31 44 3 21 44 44 56 46 50 38 3 45 27 19 39 8
30 15 34 28 41 0 29 17 35 20 38 22 18 23 11 22 30 13 12 5 30 23 23 7 39 24 39 31 6 25 37 27 35 37 31 38 18 5 24 28 5 31 14 34 11 30 26 18 35 22 25 9 29 2 14 13 38 25 29 14 38 37 32 28 42 20 28 31 3 12 14 29 27 23 46 38 40 15 29 32 21 29 47 3 9 11 38 36 31 39 13 17 8 11 3 39 27 26 20 16 34
31 16 42 10 32 29 0 34 32 31 33 9 17 37 19 23 27 34 22 33 31 13 41 30 26 44 10 33 35 10 8 19 31 33 30 12 28 27 41 45 25 28 30 8 20 10 33 14 26 12 8 32 11 27 33 39 35 32 23 19 19 11 28 14 25 29 25 11 28 17 38 21 36 22 31 24 15 22 38 4 32 1 31 27 35 18 14 29 11 15 22 41 37 38 30 35 13 5 22 40 24
18 27 17 29 31 17 34 0 23 6 26 32 32 6 25 16 21 4 27 14 18 36 7 10 32 10 44 18 20 26 41 22 26 28 19 46 8 22 8 12 15 21 31 42 15 31 11 19 28 23 35 8 39 17 3 10 26 11 22 28 37 39 23 29 39 8 19 41 14 23 7 24 10 17 38 33 41 11 12 35 6 34 40 14 10 19 48 27 32 48 28 30 18 24 14 30 39 28 14 8 28
5 37 15 22 9 35 32 23 0 17 3 37 42 20 37 12 5 26 40 34 5 43 25 29 12 28 39 6 40 21 34 12 3 5 4 43 17 38 24 27 30 3 47 40 24 23 12 22 9 20 39 28 42 33 25 33 4 12 8 40 20 28 3 18 19 15 6 43 32 33 30 10 16 11 18 14 27 19 17 30 17 33 20 31 32 28 46 7 22 46 41 51 39 45 33 7 44 26 14 31 10
12 27 14 24 25 20 31 6 17 0 20 30 32 6 26 10 14 9 29 18 12 35 11 13 26 14 41 12 24 21 36 16 19 21 13 43 2 25 10 14 17 15 34 39 13 26 6 16 22 18 33 12 37 20 8 16 20 5 16 29 31 34 16 23 33 2 13 39 17 22 13 18 7 11 32 27 35 7 9 31 1 31 34 17 15 17 45 21 26 45 30 35 23 29 17 23 37 25 8 14 22
8 39 18 23 6 38 33 26 3 20 0 39 44 23 39 14 7 29 42 37 8 45 28 32 10 31 40 9 43 23 34 14 2 2 7 44 20 40 27 30 32 6 49 41 26 23 15 24 8 22 41 31 44 35 28 36 2 15 10 42 18 28 5 19 17 18 8 44 34 35 33 12 19 13 15 12 25 21 20 30 20 34 17 33 35 30 46 5 23 46 43 53 42 47 35 4 46 28 16 34 10
34 8 43 16 38 22 9 32 37 30 39 0 8 36 12 25 32 31 14 26 34 6 39 25 32 42 17 36 28 16 16 25 37 39 35 16 28 20 40 44 19 34 21 12 17 16 35 15 32 17 3 27 7 20 30 34 41 34 29 10 26 20 34 20 32 30 31 9 22 10 33 27 37 26 38 30 24 23 39 13 31 8 38 21 29 14 16 35 17 17 13 33 30 31 23 41 7 11 24 35 30
39 5 45 24 43 18 17 32 42 32 44 8 0 37 6 30 37 29 7 22 39 6 39 23 39 41 24 41 21 22 24 30 42 44 40 23 29 13 40 44 16 39 14 19 18 24 37 20 37 22 10 24 13 16 28 30 46 36 34 3 34 28 39 27 40 31 36 16 18 9 30 32 38 31 46 37 32 24 40 21 33 16 46 18 26 14 23 40 25 24 6 26 23 24 20 46 10 19 28 32 35
15 32 11 30 29 23 37 6 20 6 23 36 37 0 30 16 20 10 32 20 15 41 5 16 32 8 47 15 26 27 42 22 23 25 16 49 8 28 4 8 20 19 37 45 19 32 8 22 28 24 39 14 43 23 9 15 23 8 22 33 37 40 21 29 39 8 19 45 20 28 12 24 5 17 38 33 41 13 6 37 5 37 40 20 16 23 51 27 32 51 33 36 24 30 20 27 43 31 14 12 28
34 4 40 23 40 11 19 25 37 26 39 12 6 30 0 25 32 22 3 16 34 12 32 16 37 34 29 36 16 20 27 26 37 39 35 28 24 8 33 37 10 34 11 24 13 24 32 16 35 19 15 18 18 10 22 24 41 31 30 3 34 30 34 25 39 26 31 21 12 4 24 28 33 26 44 35 34 19 35 23 27 19 44 12 20 9 28 36 25 29 4 22 18 19 14 41 16 19 23 26 32
9 25 18 15 17 22 23 16 12 10 14 25 30 16 25 0 7 17 28 23 9 31 21 18 17 24 32 11 28 13 27 6 12 14 10 35 8 26 20 24 18 9 34 31 12 17 10 10 13 10 28 18 32 21 16 25 16 10 6 28 21 24 9 13 23 8 6 34 19 21 22 8 14 1 23 17 25 7 15 23 11 24 25 19 22 16 37 13 17 38 29 39 28 33 21 16 32 17 2 24 12
5 32 16 17 10 30 27 21 5 14 7 32 37 20 32 7 0 23 35 30 5 38 25 25 12 28 34 7 35 16 29 7 5 7 5 38 14 33 24 27 25 2 41 35 19 18 12 17 8 15 34 25 37 28 22 30 9 12 3 35 18 25 2 14 19 13 1 38 26 28 27 5 16 6 18 13 23 14 17 25 15 28 20 26 29 23 41 7 17 41 36 46 35 40 28 9 39 21 9 28 8
21 25 21 30 34 13 34 4 26 9 29 31 29 10 22 17 23 0 23 10 21 34 10 6 34 12 44 21 16 27 41 23 28 30 22 46 9 18 11 15 12 23 27 41 14 32 15 20 30 24 34 4 38 13 1 8 29 14 23 25 38 40 25 30 40 11 22 40 10 21 5 25 14 18 40 34 42 12 16 36 9 34 42 11 6 17 47 30 33 48 24 26 14 20 10 32 38 29 15 7 29
37 6 43 26 43 12 22 27 40 29 42 14 7 32 3 28 35 23 0 16 37 13 33 17 40 35 31 39 15 23 29 29 40 42 38 30 27 7 34 38 12 37 8 26 16 27 35 19 38 22 17 19 20 10 24 24 44 34 33 4 37 33 37 28 42 29 34 23 13 7 25 31 36 29 47 38 37 22 38 26 30 21 47 13 20 12 30 39 28 31 1 19 17 17 14 44 17 22 26 27 35
29 19 31 31 41 5 33 14 34 18 37 26 22 20 16 23 30 10 16 0 29 28 20 5 40 20 43 30 6 28 41 28 35 37 30 42 18 10 21 25 8 32 17 38 14 33 24 21 36 25 29 6 33 6 11 8 37 23 29 19 41 41 32 31 45 19 29 35 5 16 9 30 24 24 46 39 43 16 26 36 19 33 48 6 4 15 42 36 34 43 17 17 5 11 3 39 32 30 21 11 35
0 34 11 22 14 30 31 18 5 12 8 34 39 15 34 9 5 21 37 29 0 40 20 24 17 23 39 2 35 20 34 11 8 10 1 43 12 34 19 22 26 4 43 39 21 23 7 19 13 18 37 23 41 29 20 28 8 7 8 37 23 30 6 19 24 10 5 42 27 30 25 10 11 8 23 18 28 15 12 30 12 32 25 27 27 25 45 12 22 46 38 46 34 40 28 12 41 25 11 26 13
40 9 48 22 44 23 13 36 43 35 45 6 6 41 12 31 38 34 13 28 40 0 43 28 38 46 18 42 27 22 20 31 43 45 41 17 32 19 44 48 22 40 20 13 21 22 40 21 38 23 5 30 7 22 34 36 47 39 35 9 32 24 40 26 38 34 37 10 24 13 36 33 41 32 44 36 28 27 43 17 36 13 44 24 32 18 17 41 23 18 12 32 29 30 26 47 4 17 30 38 36
20 34 14 35 34 23 41 7 25 11 28 39 39 5 32 21 25 10 33 20 20 43 0 16 37 3 51 19 26 32 47 27 28 30 21 53 13 28 1 5 22 24 37 49 22 37 13 26 33 29 42 14 46 23 10 14 27 13 27 35 42 45 26 34 44 13 24 48 20 30 11 29 9 22 43 38 46 18 9 42 10 41 45 21 16 26 55 32 37 55 34 36 24 30 20 32 46 35 19 10 33
24 19 27 28 36 7 30 10 29 13 32 25 23 16 16 18 25 6 17 5 24 28 16 0 35 18 40 25 11 25 38 23 30 32 25 41 13 12 17 21 6 27 21 37 11 30 19 18 31 22 28 2 32 7 7 9 32 18 24 19 37 38 27 28 41 14 24 34 4 15 8 25 20 19 41 34 40 11 22 33 14 30 43 5 5 12 41 31 31 42 18 22 10 16 4 34 32 27 16 10 30
17 35 27 16 6 39 26 32 12 26 10 32 39 32 37 17 12 34 40 40 17 38 37 35 0 40 31 18 45 17 24 11 9 9 16 35 24 41 36 39 33 13 48 33 26 16 24 21 4 17 34 35 37 36 32 41 12 24 10 38 8 18 11 12 7 24 13 37 35 32 38 9 28 15 7 2 15 23 29 23 27 27 9 34 39 29 38 5 15 38 40 54 44 48 37 9 39 21 19 40 4
23 37 17 38 37 24 44 10 28 14 31 42 41 8 34 24 28 12 35 20 23 46 3 18 40 0 54 22 26 35 50 30 31 33 24 56 16 29 4 5 24 27 37 52 25 40 16 29 36 32 45 16 49 25 12 14 30 16 30 37 45 48 29 37 47 16 27 51 22 33 11 32 12 25 46 41 49 21 12 45 13 44 48 23 16 29 58 35 40 58 36 36 24 30 21 35 49 38 22 10 36
40 25 51 17 37 39 10 44 39 41 40 17 24 47 29 32 34 44 31 43 39 18 51 40 31 54 0 41 45 19 6 28 38 39 39 5 38 37 51 55 35 36 38 5 30 16 42 24 32 22 14 42 12 37 43 49 42 42 31 27 23 13 36 20 29 39 34 10 38 27 48 28 46 32 35 28 17 32 47 9 42 10 35 37 45 28 8 35 17 8 30 50 47 48 40 40 15 15 32 50 30
2 36 9 24 15 31 33 18 6 12 9 36 41 15 36 11 7 21 39 30 2 42 19 25 18 22 41 0 36 22 36 13 9 11 2 45 13 36 18 21 28 5 45 41 23 25 7 21 14 20 39 24 43 31 20 28 8 7 10 39 25 32 7 21 25 11 7 44 28 32 25 12 10 10 24 19 30 17 11 32 12 34 26 28 27 27 47 13 24 48 40 47 35 41 29 13 43 27 13 26 14
35 20 37 34 46 6 35 20 40 24 43 28 21 26 16 28 35 16 15 6 35 27 26 11 45 26 45 36 0 31 43 33 40 42 36 44 23 8 27 31 11 37 13 40 17 36 30 24 41 28 31 12 34 8 17 12 43 29 34 18 44 43 37 34 48 25 34 37 9 18 15 35 30 29 51 44 46 21 32 38 25 35 53 9 10 17 44 41 37 45 16 11 2 5 7 44 31 32 26 16 40
20 18 31 3 22 25 10 26 21 21 23 16 22 27 20 13 16 27 23 28 20 22 32 25 17 35 19 22 31 0 15 9 21 23 20 22 19 26 31 35 21 18 31 18 14 5 23 7 16 3 18 26 21 23 26 34 25 23 13 21 14 13 18 5 19 19 15 21 23 16 32 11 27 13 23 15 15 15 28 10 22 11 24 22 30 14 24 19 6 25 24 41 32 36 25 25 23 5 13 34 14
34 23 45 12 30 37 8 41 34 36 34 16 24 42 27 27 29 41 29 41 34 20 47 38 24 50 6 36 43 15 0 23 32 33 34 11 34 35 46 50 33 31 37 9 27 11 37 20 26 18 15 39 15 35 39 47 36 37 26 26 17 7 31 15 23 34 29 14 36 25 45 23 41 27 29 22 11 28 42 5 37 8 29 35 43 26 14 29 11 14 29 48 45 46 38 33 18 11 28 47 24
11 25 22 11 14 27 19 22 12 16 14 25 30 22 26 6 7 23 29 28 11 31 27 23 11 30 28 13 33 9 23 0 12 14 11 31 14 29 26 30 22 9 37 27 15 12 15 10 8 8 27 23 30 25 22 31 16 15 4 28 15 19 9 8 17 14 6 30 24 22 28 2 19 5 18 11 19 12 20 19 17 20 20 23 27 18 33 10 12 34 30 43 33 37 26 16 32 14 8 30 7
8 37 18 21 6 35 31 26 3 19 2 37 42 23 37 12 5 28 40 35 8 43 28 30 9 31 38 9 40 21 32 12 0 2 7 42 19 38 27 30 30 5 46 39 24 22 15 22 7 20 39 30 42 33 27 35 4 15 8 40 17 26 3 18 16 18 6 42 31 33 32 10 19 11 15 11 24 19 20 29 20 32 17 31 34 28 45 4 21 45 41 51 40 45 33 4 44 26 14 33 8
10 39 20 23 4 37 33 28 5 21 2 39 44 25 39 14 7 30 42 37 10 45 30 32 9 33 39 11 42 23 33 14 2 0 9 44 21 40 29 32 32 7 48 40 26 23 17 24 7 22 41 32 44 35 29 37 4 17 10 42 17 27 5 19 16 20 8 44 33 35 34 12 21 13 13 11 24 21 22 30 22 34 15 33 36 30 46 4 22 46 43 53 42 47 35 2 46 28 16 35 9
1 35 11 22 13 31 30 19 4 13 7 35 40 16 35 10 5 22 38 30 1 41 21 25 16 24 39 2 36 20 34 11 7 9 0 42 13 35 20 23 27 3 44 38 22 23 8 20 12 19 38 24 41 30 21 29 7 8 8 38 23 30 5 19 23 11 5 41 28 31 26 10 12 9 22 17 28 16 13 30 13 31 24 28 28 26 44 11 22 45 39 47 35 41 29 11 42 25 12 27 12
43 24 54 21 41 38 12 46 43 43 44 16 23 49 28 35 38 46 30 42 43 17 53 41 35 56 5 45 44 22 11 31 42 44 42 0 40 36 53 57 35 40 37 4 31 20 45 26 36 24 13 43 10 36 44 50 46 44 35 26 28 18 40 24 34 41 37 7 38 26 49 32 48 34 40 33 22 34 50 13 44 11 40 37 45 29 3 39 21 3 29 49 46 47 39 44 13 17 34 51 34
12 24 16 22 24 18 28 8 17 2 20 28 29 8 24 8 14 9 27 18 12 32 13 13 24 16 38 13 23 19 34 14 19 21 13 40 0 23 12 16 15 14 32 36 11 24 8 13 20 16 31 12 35 18 8 17 20 7 14 27 29 32 16 21 31 2 13 37 15 20 14 16 9 9 31 25 33 5 11 29 3 28 33 15 15 15 42 21 24 42 28 34 23 28 16 23 35 22 6 16 20
34 12 39 29 43 5 27 22 38 25 40 20 13 28 8 26 33 18 7 10 34 19 28 12 41 29 37 36 8 26 35 29 38 40 35 36 23 0 29 33 8 35 9 32 14 30 31 20 37 24 23 14 26 5 19 18 42 30 32 10 40 37 35 30 44 25 32 29 8 10 19 31 32 27 47 40 40 19 34 30 26 27 49 8 14 12 36 39 31 37 8 15 10 11 8 42 23 25 24 21 36
19 35 13 34 33 24 41 8 24 10 27 40 40 4 33 20 24 11 34 21 19 44 1 17 36 4 51 18 27 31 46 26 27 29 20 53 12 29 0 5 22 23 38 48 23 36 12 25 32 28 43 15 47 24 10 15 26 12 26 36 41 44 25 33 43 12 23 49 21 31 12 28 8 21 42 37 45 17 8 41 9 40 44 21 17 27 54 31 36 54 35 37 25 31 21 31 47 34 18 11 32
22 39 13 38 36 28 45 12 27 14 30 44 44 8 37 24 27 15 38 25 22 48 5 21 39 5 55 21 31 35 50 30 30 32 23 57 16 33 5 0 27 26 42 52 27 40 15 29 35 32 47 19 51 28 15 19 28 15 29 40 44 48 28 37 46 16 26 53 25 35 16 31 11 25 45 40 49 21 10 45 13 44 47 26 21 31 58 34 40 58 39 41 29 35 25 34 51 38 22 15 35
26 13 31 24 35 5 25 15 30 17 32 19 16 20 10 18 25 12 12 8 26 22 22 6 33 24 35 28 11 21 33 22 30 32 27 35 15 8 22 27 0 27 17 31 7 25 23 14 30 18 22 8 26 3 12 14 34 22 24 13 34 33 27 24 38 17 24 28 3 9 14 24 24 19 40 33 35 11 26 28 18 25 42 2 10 7 35 31 26 36 13 21 12 16 5 34 26 22 16 16 29
4 34 14 19 10 31 28 21 3 15 6 34 39 19 34 9 2 23 37 32 4 40 24 27 13 27 36 5 37 18 31 9 5 7 3 40 14 35 23 26 27 0 43 36 21 20 11 19 9 17 36 26 39 30 22 31 7 11 5 37 19 27 2 16 20 13 3 39 28 30 28 7 15 8 19 14 25 16 16 27 15 29 21 28 29 25 42 8 19 43 38 48 37 42 30 9 41 23 11 29 9
43 14 48 34 51 14 30 31 47 34 49 21 14 37 11 34 41 27 8 17 43 20 37 21 48 37 38 45 13 31 37 37 46 48 44 37 32 9 38 42 17 43 0 33 22 35 40 27 45 30 24 23 27 14 28 25 50 39 40 11 45 41 43 36 50 34 40 30 17 15 26 39 41 35 54 46 45 28 43 34 35 29 55 17 21 19 37 47 36 38 8 12 15 12 17 50 24 30 32 28 43
39 20 50 18 39 34 8 42 40 39 41 12 19 45 24 31 35 41 26 38 39 13 49 37 33 52 5 41 40 18 9 27 39 40 38 4 36 32 48 52 31 36 33 0 27 17 41 22 33 20 9 39 7 32 40 45 43 40 31 22 26 16 36 21 32 37 33 5 34 22 45 29 44 30 38 31 20 30 46 10 39 7 38 33 41 25 6 36 18 7 25 45 42 43 35 42 10 13 30 47 31
21 13 27 17 29 11 20 15 24 13 26 17 18 19 13 12 19 14 16 14 21 21 22 11 26 25 30 23 17 14 27 15 24 26 22 31 11 14 23 27 7 21 22 27 0 19 19 7 23 11 20 12 24 10 13 20 28 18 18 16 27 27 21 17 31 13 18 26 9 9 18 17 20 13 33 26 29 6 22 22 14 20 35 8 16 4 33 25 20 34 17 28 18 22 11 28 24 16 10 20 22
23 21 34 2 22 30 10 31 23 26 23 16 24 32 24 17 18 32 27 33 23 22 37 30 16 40 16 25 36 5 11 12 22 23 23 20 24 30 36 40 25 20 35 17 19 0 27 12 16 8 18 31 21 28 31 39 25 27 15 24 10 8 20 4 16 24 18 21 28 20 37 12 31 17 21 14 10 20 32 7 27 11 22 27 35 19 23 19 1 23 27 45 37 41 30 25 23 5 18 39 14
7 32 8 25 21 26 33 11 12 6 15 35 37 8 32 10 12 15 35 24 7 40 13 19 24 16 42 7 30 23 37 15 15 17 8 45 8 31 12 15 23 11 40 41 19 27 0 19 20 20 37 18 41 26 13 21 15 1 14 35 29 34 13 23 31 6 11 43 23 28 18 16 4 10 30 25 34 13 5 33 5 34 32 23 21 23 47 19 27 48 36 41 29 35 23 19 42 27 10 19 20
19 15 28 10 24 18 14 19 22 16 24 15 20 22 16 10 17 20 19 21 19 21 26 18 21 29 24 21 24 7 20 10 22 24 20 26 13 20 25 29 14 19 27 22 7 12 19 0 18 4 18 19 22 17 19 27 26 19 14 18 20 20 19 10 24 15 16 24 16 12 25 12 22 11 28 20 22 8 24 15 16 15 29 15 23 8 28 20 13 29 20 35 25 29 18 26 22 9 9 27 17
13 33 23 16 6 35 26 28 9 22 8 32 37 28 35 13 8 30 38 36 13 38 33 31 4 36 32 14 41 16 26 8 7 7 12 36 20 37 32 35 30 9 45 33 23 16 20 18 0 15 34 31 37 33 28 37 10 20 6 36 11 20 7 12 11 20 9 37 32 30 34 6 24 11 11 5 18 20 25 23 23 27 13 31 35 26 39 3 15 39 38 51 41 45 34 9 39 21 15 36 2
18 18 28 6 21 22 12 23 20 18 22 17 22 24 19 10 15 24 22 25 18 23 29 22 17 32 22 20 28 3 18 8 20 22 19 24 16 24 28 32 18 17 30 20 11 8 20 4 15 0 19 23 23 21 23 31 24 20 12 21 15 16 17 6 20 16 14 23 20 15 29 10 24 10 24 16 18 12 25 13 19 13 25 19 27 12 26 18 9 27 23 39 29 33 22 24 24 7 10 31 13
37 11 46 18 40 25 8 35 39 33 41 3 10 39 15 28 34 34 17 29 37 5 42 28 34 45 14 39 31 18 15 27 39 41 38 13 31 23 43 47 22 36 24 9 20 18 37 18 34 19 0 30 4 23 33 36 43 37 31 13 27 19 36 22 33 33 33 6 25 13 36 29 40 29 39 32 23 26 42 12 34 8 39 24 32 17 13 37 19 14 16 36 33 34 26 43 5 13 27 38 32
23 21 25 29 35 9 32 8 28 12 31 27 24 14 18 18 25 4 19 6 23 30 14 2 35 16 42 24 12 26 39 23 30 32 24 43 12 14 15 19 8 26 23 39 12 31 18 19 31 23 30 0 34 9 5 8 31 17 24 21 37 39 27 29 40 13 24 36 6 17 6 25 18 19 41 34 41 11 20 34 13 32 43 7 4 14 43 31 32 44 20 23 11 17 6 34 34 28 16 8 30
41 14 50 21 43 29 11 39 42 37 44 7 13 43 18 32 37 38 20 33 41 7 46 32 37 49 12 43 34 21 15 30 42 44 41 10 35 26 47 51 26 39 27 7 24 21 41 22 37 23 4 34 0 27 37 40 46 41 34 16 30 21 39 25 36 37 36 3 29 17 40 32 44 33 42 35 25 30 46 14 38 10 42 28 36 21 10 40 22 11 19 39 36 37 30 46 3 16 31 42 35
29 13 34 26 38 2 27 17 33 20 35 20 16 23 10 21 28 13 10 6 29 22 23 7 36 25 37 31 8 23 35 25 33 35 30 36 18 5 24 28 3 30 14 32 10 28 26 17 33 21 23 9 27 0 14 14 37 25 27 13 36 35 30 27 41 20 27 29 3 10 15 27 27 22 43 36 38 14 29 30 21 27 45 3 10 9 36 34 29 37 11 18 10 13 4 37 26 24 19 17 32
20 25 20 29 32 14 33 3 25 8 28 30 28 9 22 16 22 1 24 11 20 34 10 7 32 12 43 20 17 26 39 22 27 29 21 44 8 19 10 15 12 22 28 40 13 31 13 19 28 23 33 5 37 14 0 9 28 13 22 25 37 39 24 29 39 10 21 39 11 21 6 24 13 17 39 33 41 11 15 34 8 33 41 11 7 17 46 29 32 47 25 27 15 21 11 31 37 28 14 8 28
29 27 27 37 41 13 39 10 33 16 36 34 30 15 24 25 30 8 24 8 28 36 14 9 41 14 49 28 12 34 47 31 35 37 29 50 17 18 15 19 14 31 25 45 20 39 21 27 37 31 36 8 40 14 9 0 36 21 31 27 45 47 32 37 48 18 29 42 12 23 3 33 20 26 48 42 49 19 21 42 16 39 50 12 4 21 49 37 40 50 25 22 10 16 10 39 40 36 23 4 37
8 41 16 25 8 38 35 26 4 20 2 41 46 23 41 16 9 29 44 37 8 47 27 32 12 30 42 8 43 25 36 16 4 4 7 46 20 42 26 28 34 7 50 43 28 25 15 26 10 24 43 31 46 37 28 36 0 15 12 44 20 30 7 21 19 18 10 46 35 37 33 14 18 15 17 14 27 23 18 32 20 36 19 35 35 32 48 7 25 48 45 54 42 48 36 6 48 30 18 34 12
7 31 9 25 21 25 32 11 12 5 15 34 36 8 31 10 12 14 34 23 7 39 13 18 24 16 42 7 29 23 37 15 15 17 8 44 7 30 12 15 22 11 39 40 18 27 1 19 20 20 37 17 41 25 13 21 15 0 14 34 29 34 13 23 31 5 11 43 22 27 18 16 4 10 30 25 34 12 6 33 5 33 32 22 20 22 46 19 27 47 35 40 28 34 22 19 41 27 10 19 20
8 29 19 14 10 29 23 22 8 16 10 29 34 22 30 6 3 23 33 29 8 35 27 24 10 30 31 10 34 13 26 4 8 10 8 35 14 32 26 29 24 5 40 31 18 15 14 14 6 12 31 24 34 27 22 31 12 14 0 32 15 21 5 10 17 14 3 34 25 26 28 2 18 5 17 11 20 13 19 22 17 24 19 25 28 21 37 7 14 38 34 45 34 39 27 12 36 18 8 30 6
37 3 43 23 42 14 19 28 40 29 42 10 3 33 3 28 35 25 4 19 37 9 35 19 38 37 27 39 18 21 26 28 40 42 38 26 27 10 36 40 13 37 11 22 16 24 35 18 36 21 13 21 16 13 25 27 44 34 32 0 34 30 37 26 40 29 34 19 15 7 27 30 36 29 44 36 34 22 38 23 30 18 45 15 23 12 26 38 25 27 3 23 20 21 17 44 13 19 26 29 34
23 31 34 12 14 38 19 37 20 31 18 26 34 37 34 21 18 38 37 41 23 32 42 37 8 45 23 25 44 14 17 15 17 17 23 28 29 40 41 44 34 19 45 26 27 10 29 20 11 15 27 37 30 36 37 45 20 29 15 34 0 10 18 9 6 29 18 30 35 30 43 13 33 20 12 6 7 26 34 16 32 20 12 34 41 27 31 13 9 31 37 54 44 48 37 17 32 15 23 45 10
30 27 41 10 24 37 11 39 28 34 28 20 28 40 30 24 25 40 33 41 30 24 45 38 18 48 13 32 43 13 7 19 26 27 30 18 32 37 44 48 33 27 41 16 27 8 34 20 20 16 19 39 21 35 39 47 30 34 21 30 10 0 26 11 16 32 24 20 36 26 45 19 38 24 22 16 4 28 39 7 35 12 22 35 43 26 21 23 7 21 33 51 45 47 38 27 24 11 25 47 18
6 34 16 19 8 32 28 23 3 16 5 34 39 21 34 9 2 25 37 32 6 40 26 27 11 29 36 7 37 18 31 9 3 5 5 40 16 35 25 28 27 2 43 36 21 20 13 19 7 17 36 27 39 30 24 32 7 13 5 37 18 26 0 15 18 15 3 39 28 30 29 7 17 8 17 12 25 16 18 27 17 29 19 28 31 25 42 6 19 43 38 48 37 42 30 7 41 23 11 30 8
19 23 30 4 18 28 14 29 18 23 19 20 27 29 25 13 14 30 28 31 19 26 34 28 12 37 20 21 34 5 15 8 18 19 19 24 21 30 33 37 24 16 36 21 17 4 23 10 12 6 22 29 25 27 29 37 21 23 10 26 9 11 15 0 14 21 13 25 26 21 35 8 27 13 18 10 12 18 28 11 24 15 19 25 33 18 27 15 4 27 29 45 35 39 28 21 27 9 15 37 10
24 37 34 18 12 42 25 39 19 33 17 32 40 39 39 23 19 40 42 45 24 38 44 41 7 47 29 25 48 19 23 17 16 16 23 34 31 44 43 46 38 20 50 32 31 16 31 24 11 20 33 40 36 41 39 48 19 31 17 40 6 16 18 14 0 31 20 36 40 35 45 15 35 22 6 6 12 29 36 22 34 26 6 39 44 32 37 12 15 37 43 59 49 53 42 15 38 21 25 47 11
10 26 14 22 23 20 29 8 15 2 18 30 31 8 26 8 13 11 29 19 10 34 13 14 24 16 39 11 25 19 34 14 18 20 11 41 2 25 12 16 17 13 34 37 13 24 6 15 20 16 33 13 37 20 10 18 18 5 14 29 29 32 15 21 31 0 12 39 17 22 15 16 8 9 31 25 33 7 10 29 3 29 33 17 17 17 42 20 24 43 30 36 24 30 18 22 37 23 6 16 20
5 31 16 17 11 28 25 19 6 13 8 31 36 19 31 6 1 22 34 29 5 37 24 24 13 27 34 7 34 15 29 6 6 8 5 37 13 32 23 26 24 3 40 33 18 18 11 16 9 14 33 24 36 27 21 29 10 11 3 34 18 24 3 13 20 12 0 36 25 27 26 5 15 5 19 14 23 13 16 24 14 26 21 25 28 22 39 8 17 40 35 45 34 39 27 10 38 20 8 27 9
42 17 52 21 43 31 11 41 43 39 44 9 16 45 21 34 38 40 23 35 42 10 48 34 37 51 10 44 37 21 14 30 42 44 41 7 37 29 49 53 28 39 30 5 26 21 43 24 37 23 6 36 3 29 39 42 46 43 34 19 30 20 39 25 36 39 36 0 31 19 42 32 46 33 42 35 24 32 48 14 40 10 42 30 38 23 7 40 22 8 22 42 39 40 32 46 6 16 33 44 35
27 15 31 26 37 3 28 14 32 17 34 22 18 20 12 19 26 10 13 5 27 24 20 4 35 22 38 28 9 23 36 24 31 33 28 38 15 8 21 25 3 28 17 34 9 28 23 16 32 20 25 6 29 3 11 12 35 22 25 15 35 36 28 26 40 17 25 31 0 12 12 26 24 20 42 35 38 12 26 31 18 28 44 1 8 10 38 32 29 39 14 20 9 14 2 35 28 25 17 14 31
30 4 36 19 36 12 17 23 33 22 35 10 9 28 4 21 28 21 7 16 30 13 30 15 32 33 27 32 18 16 25 22 33 35 31 26 20 10 31 35 9 30 15 22 9 20 28 12 30 15 13 17 17 10 21 23 37 27 26 7 30 26 30 21 35 22 27 19 12 0 23 24 29 22 39 31 30 15 31 20 23 17 40 11 19 5 26 32 21 27 8 25 20 21 13 37 17 15 19 25 28
25 27 23 35 38 14 38 7 30 13 33 33 30 12 24 22 27 5 25 9 25 36 11 8 38 11 48 25 15 32 45 28 32 34 26 49 14 19 12 16 14 28 26 45 18 37 18 25 34 29 36 6 40 15 6 3 33 18 28 27 43 45 29 35 45 15 26 42 12 23 0 30 17 23 45 39 47 17 18 40 13 38 47 13 5 20 49 34 38 50 26 25 13 19 11 36 40 34 20 2 34
10 27 21 12 11 29 21 24 10 18 12 27 32 24 28 8 5 25 31 30 10 33 29 25 9 32 28 12 35 11 23 2 10 12 10 32 16 31 28 31 24 7 39 29 17 12 16 12 6 10 29 25 32 27 24 33 14 16 2 30 13 19 7 8 15 16 5 32 26 24 30 0 20 7 16 9 18 14 21 19 19 22 18 25 29 20 35 8 12 35 32 45 35 39 28 14 34 16 10 32 5
11 33 7 29 25 27 36 10 16 7 19 37 38 5 33 14 16 14 36 24 11 41 9 20 28 12 46 10 30 27 41 19 19 21 12 48 9 32 8 11 24 15 41 44 20 31 4 22 24 24 40 18 44 27 13 20 18 4 18 36 33 38 17 27 35 8 15 46 24 29 17 20 0 14 34 29 38 14 2 37 6 37 36 24 20 24 50 23 31 51 37 40 28 34 24 23 44 31 14 17 24
8 26 18 15 15 23 22 17 11 11 13 26 31 17 26 1 6 18 29 24 8 32 22 19 15 25 32 10 29 13 27 5 11 13 9 34 9 27 21 25 19 8 35 30 13 17 10 11 11 10 29 19 33 22 17 26 15 10 5 29 20 24 8 13 22 9 5 33 20 22 23 7 14 0 22 16 24 8 15 23 12 23 24 20 23 17 36 12 17 37 30 40 29 34 22 15 33 17 3 25 11
23 42 33 22 9 46 31 38 18 32 15 38 46 38 44 23 18 40 47 46 23 44 43 41 7 46 35 24 51 23 29 18 15 13 22 40 31 47 42 45 40 19 54 38 33 21 30 28 11 24 39 41 42 43 39 48 17 30 17 44 12 22 17 18 6 31 19 42 42 39 45 16 34 22 0 8 18 30 35 28 33 32 2 41 45 36 43 11 20 43 47 61 51 55 44 11 44 26 25 46 11
18 33 28 14 8 38 24 33 14 27 12 30 37 33 35 17 13 34 38 39 18 36 38 34 2 41 28 19 44 15 22 11 11 11 17 33 25 40 37 40 33 14 46 31 26 14 25 20 5 16 32 34 35 36 33 42 14 25 11 36 6 16 12 10 6 25 14 35 35 31 39 9 29 16 8 0 13 23 30 21 28 25 9 34 38 28 36 7 13 36 39 54 44 48 37 11 37 19 19 41 5
28 31 39 12 21 40 15 41 27 35 25 24 32 41 34 25 23 42 37 43 28 28 46 40 15 49 17 30 46 15 11 19 24 24 28 22 33 40 45 49 35 25 45 20 29 10 34 22 18 18 23 41 25 38 41 49 27 34 20 34 7 4 25 12 12 33 23 24 38 30 47 18 38 24 18 13 0 30 39 11 36 16 18 37 45 29 25 20 9 25 37 55 47 51 40 24 28 15 27 49 17
15 19 21 18 24 15 22 11 19 7 21 23 24 13 19 7 14 12 22 16 15 27 18 11 23 21 32 17 21 15 28 12 19 21 16 34 5 19 17 21 11 16 28 30 6 20 13 8 20 12 26 11 30 14 11 19 23 12 13 22 26 28 16 18 29 7 13 32 12 15 17 14 14 8 30 23 30 0 16 23 8 23 32 12 15 10 36 20 21 37 23 32 21 26 14 23 30 17 5 19 19
12 35 5 30 26 29 38 12 17 9 20 39 40 6 35 15 17 16 38 26 12 43 9 22 29 12 47 11 32 28 42 20 20 22 13 50 11 34 8 10 26 16 43 46 22 32 5 24 25 25 42 20 46 29 15 21 18 6 19 38 34 39 18 28 36 10 16 48 26 31 18 21 2 15 35 30 39 16 0 38 8 38 37 26 22 26 51 24 32 52 39 42 30 36 26 24 46 32 15 18 25
30 20 41 8 29 32 4 35 30 31 30 13 21 37 23 23 25 36 26 36 30 17 42 33 23 45 9 32 38 10 5 19 29 30 30 13 29 30 41 45 28 27 34 10 22 7 33 15 23 13 12 34 14 30 34 42 32 33 22 23 16 7 27 11 22 29 24 14 31 20 40 19 37 23 28 21 11 23 38 0 31 5 28 30 38 21 16 26 8 16 26 45 40 41 33 32 17 6 23 42 21
12 28 13 25 25 21 32 6 17 1 20 31 33 5 27 11 15 9 30 19 12 36 10 14 27 13 42 12 25 22 37 17 20 22 13 44 3 26 9 13 18 15 35 39 14 27 5 16 23 19 34 13 38 21 8 16 20 5 17 30 32 35 17 24 34 3 14 40 18 23 13 19 6 12 33 28 36 8 8 31 0 31 35 18 15 18 44 22 27 45 31 35 23 29 18 24 38 25 9 14 23
32 15 42 11 33 29 1 34 33 31 34 8 16 37 19 24 28 34 21 33 32 13 41 30 27 44 10 34 35 11 8 20 32 34 31 11 28 27 40 44 25 29 29 7 20 11 34 15 27 13 8 32 10 27 33 39 36 33 24 18 20 12 29 15 26 29 26 10 28 17 38 22 37 23 32 25 16 23 38 5 31 0 32 27 35 18 13 30 12 14 21 40 37 38 30 36 12 6 23 40 25
25 42 35 23 11 47 31 40 20 34 17 38 46 40 44 25 20 42 47 48 25 44 45 43 9 48 35 26 53 24 29 20 17 15 24 40 33 49 44 47 42 21 55 38 35 22 32 29 13 25 39 43 42 45 41 50 19 32 19 45 12 22 19 19 6 33 21 42 44 40 47 18 36 24 2 9 18 32 37 28 35 32 0 43 47 37 43 13 21 43 48 63 53 57 46 13 44 27 27 48 13
27 15 31 25 36 3 27 14 31 17 33 21 18 20 12 19 26 11 13 6 27 24 21 5 34 23 37 28 9 22 35 23 31 33 28 37 15 8 21 26 2 28 17 33 8 27 23 15 31 19 24 7 28 3 11 12 35 22 25 15 34 35 28 25 39 17 25 30 1 11 13 25 24 20 41 34 37 12 26 30 18 27 43 0 8 9 37 32 28 38 14 20 10 14 3 35 28 24 17 15 30
27 23 27 33 39 9 35 10 32 15 35 29 26 16 20 22 29 6 20 4 27 32 16 5 39 16 45 27 10 30 43 27 34 36 28 45 15 14 17 21 10 29 21 41 16 35 21 23 35 27 32 4 36 10 7 4 35 20 28 23 41 43 31 33 44 17 28 38 8 19 5 29 20 23 45 38 45 15 22 38 15 35 47 8 0 17 45 35 36 46 21 20 8 14 6 38 36 32 20 7 34
25 9 31 17 31 11 18 19 28 17 30 14 14 23 9 16 23 17 12 15 25 18 26 12 29 29 28 27 17 14 26 18 28 30 26 29 15 12 27 31 7 25 19 25 4 19 23 8 26 12 17 14 21 9 17 21 32 22 21 12 27 26 25 18 32 17 22 23 10 5 20 20 24 17 36 28 29 10 26 21 18 18 37 9 17 0 30 28 20 31 13 27 19 22 12 32 21 15 14 22 25
45 24 56 24 44 38 14 48 46 45 46 16 23 51 28 37 41 47 30 42 45 17 55 41 38 58 8 47 44 24 14 33 45 46 44 3 42 36 54 58 35 42 37 6 33 23 47 28 39 26 13 43 10 36 46 49 48 46 37 26 31 21 42 27 37 42 39 7 38 26 49 35 50 36 43 36 25 36 51 16 44 13 43 37 45 30 0 42 24 1 29 49 46 47 39 47 13 19 36 51 37
12 35 22 19 3 36 29 27 7 21 5 35 40 27 36 13 7 30 39 36 12 41 32 31 5 35 35 13 41 19 29 10 4 4 11 39 21 39 31 34 31 8 47 36 25 19 19 20 3 18 37 31 40 34 29 37 7 19 7 38 13 23 6 15 12 20 8 40 32 32 34 8 23 12 11 7 20 20 24 26 22 30 13 32 35 28 42 0 18 42 40 52 41 46 34 6 42 24 15 35 5
22 22 33 3 21 31 11 32 22 26 23 17 25 32 25 17 17 33 28 34 22 23 37 31 15 40 17 24 37 6 11 12 21 22 22 21 24 31 36 40 26 19 36 18 20 1 27 13 15 9 19 32 22 29 32 40 25 27 14 25 9 7 19 4 15 24 17 22 29 21 38 12 31 17 20 13 9 21 32 8 27 12 21 28 36 20 24 18 0 24 28 46 38 42 31 24 24 6 18 40 13
46 25 56 24 44 39 15 48 46 45 46 17 24 51 29 38 41 48 31 43 46 18 55 42 38 58 8 48 45 25 14 34 45 46 45 3 42 37 54 58 36 43 38 7 34 23 48 29 39 27 14 44 11 37 47 50 48 47 38 27 31 21 43 27 37 43 40 8 39 27 50 35 51 37 43 36 25 37 52 16 45 14 43 38 46 31 1 42 24 0 30 50 47 48 40 47 14 20 37 52 37
38 6 44 26 44 13 22 28 41 30 43 13 6 33 4 29 36 24 1 17 38 12 34 18 40 36 30 40 16 24 29 30 41 43 39 29 28 8 35 39 13 38 8 25 17 27 36 20 38 23 16 20 19 11 25 25 45 35 34 3 37 33 38 29 43 30 35 22 14 8 26 32 37 30 47 39 37 23 39 26 31 21 48 14 21 13 29 40 28 30 0 20 18 18 15 45 16 22 27 28 36
46 25 47 44 56 17 41 30 51 35 53 33 26 36 22 39 46 26 19 17 46 32 36 22 54 36 50 47 11 41 48 43 51 53 47 49 34 15 37 41 21 48 12 45 28 45 41 35 51 39 36 23 39 18 27 22 54 40 45 23 54 51 48 45 59 36 45 42 20 25 25 45 40 40 61 54 55 32 42 45 35 40 63 20 20 27 49 52 46 50 20 0 12 6 18 55 36 40 37 26 50
34 22 35 35 46 8 37 18 39 23 42 30 23 24 18 28 35 14 17 5 34 29 24 10 44 24 47 35 2 32 45 33 40 42 35 46 23 10 25 29 12 37 15 42 18 37 29 25 41 29 33 11 36 10 15 10 42 28 34 20 44 45 37 35 49 24 34 39 9 20 13 35 28 29 51 44 47 21 30 40 23 37 53 10 8 19 46 41 38 47 18 12 0 6 8 44 33 34 26 14 40
40 23 41 39 50 11 38 24 45 29 47 31 24 30 19 33 40 20 17 11 40 30 30 16 48 30 48 41 5 36 46 37 45 47 41 47 28 11 31 35 16 42 12 43 22 41 35 29 45 33 34 17 37 13 21 16 48 34 39 21 48 47 42 39 53 30 39 40 14 21 19 39 34 34 55 48 51 26 36 41 29 38 57 14 14 22 47 46 42 48 18 6 6 0 12 49 34 36 31 20 44
28 17 31 28 38 3 30 14 33 17 35 23 20 20 14 21 28 10 14 3 28 26 20 4 37 21 40 29 7 25 38 26 33 35 29 39 16 8 21 25 5 30 17 35 11 30 23 18 34 22 26 6 30 4 11 10 36 22 27 17 37 38 30 28 42 18 27 32 2 13 11 28 24 22 44 37 40 14 26 33 18 30 46 3 6 12 39 34 31 40 15 18 8 12 0 37 30 27 19 13 33
12 41 22 25 3 39 35 30 7 23 4 41 46 27 41 16 9 32 44 39 12 47 32 34 9 35 40 13 44 25 33 16 4 2 11 44 23 42 31 34 34 9 50 42 28 25 19 26 9 24 43 34 46 37 31 39 6 19 12 44 17 27 7 21 15 22 10 46 35 37 36 14 23 15 11 11 24 23 24 32 24 36 13 35 38 32 47 6 24 47 45 55 44 49 37 0 48 30 18 37 11
41 13 50 23 45 27 13 39 44 37 46 7 10 43 16 32 39 38 17 32 41 4 46 32 39 49 15 43 31 23 18 32 44 46 42 13 35 23 47 51 26 41 24 10 24 23 42 22 39 24 5 34 3 26 37 40 48 41 36 13 32 24 41 27 38 37 38 6 28 17 40 34 44 33 44 37 28 30 46 17 38 12 44 28 36 21 13 42 24 14 16 36 33 34 30 48 0 18 31 42 37
25 16 35 5 27 26 5 28 26 25 28 11 19 31 19 17 21 29 22 30 25 17 35 27 21 38 15 27 32 5 11 14 26 28 25 17 22 25 34 38 22 23 30 13 16 5 27 9 21 7 13 28 16 24 28 36 30 27 18 19 15 11 23 9 21 23 20 16 25 15 34 16 31 17 26 19 15 17 32 6 25 6 27 24 32 15 19 24 6 20 22 40 34 36 27 30 18 0 17 36 19
11 23 18 16 19 20 22 14 14 8 16 24 28 14 23 2 9 15 26 21 11 30 19 16 19 22 32 13 26 13 28 8 14 16 12 34 6 24 18 22 16 11 32 30 10 18 10 9 15 10 27 16 31 19 14 23 18 10 8 26 23 25 11 15 25 6 8 33 17 19 20 10 14 3 25 19 27 5 15 23 9 23 27 17 20 14 36 15 18 37 27 37 26 31 19 18 31 17 0 22 14
26 29 23 37 39 16 40 8 31 14 34 35 32 12 26 24 28 7 27 11 26 38 10 10 40 10 50 26 16 34 47 30 33 35 27 51 16 21 11 15 16 29 28 47 20 39 19 27 36 31 38 8 42 17 8 4 34 19 30 29 45 47 30 37 47 16 27 44 14 25 2 32 17 25 46 41 49 19 18 42 14 40 48 15 7 22 51 35 40 52 28 26 14 20 13 37 42 36 22 0 36
13 31 23 14 8 34 24 28 10 22 10 30 35 28 32 12 8 29 35 35 13 36 33 30 4 36 30 14 40 14 24 7 8 9 12 34 20 36 32 35 29 9 43 31 22 14 20 17 2 13 32 30 35 32 28 37 12 20 6 34 10 18 8 10 11 20 9 35 31 28 34 5 24 11 11 5 17 19 25 21 23 25 13 30 34 25 37 5 13 37 36 50 40 44 33 11 37 19 14 36 0
0         869      
82        136      
544       650      
218       239      
0         60       
72        152      
198       331      
418       471      
0         60       
372       419      
0         85       
121       195      
124       209      
333       430      
49        135      
0         134      
309       385      
411       516      
92        112      
447       485      
319       354      
90        215      
309       409      
457       568      
11        113      
371       419      
168       197      
0         70       
410       528      
188       289      
156       279      
1         74       
0         42       
0         40       
0         64       
166       205      
348       387      
56        156      
566       710      
336       434      
63        96       
0         52       
614       729      
123       234      
62        152      
194       303      
291       433      
463       563      
15        59       
280       361      
152       228      
375       499      
637       763      
492       546      
378       484      
382       478      
583       680      
335       402      
46        102      
66        160      
242       303      
207       260      
0         20       
212       274      
293       321      
357       383      
563       654      
166       249      
66        120      
99        139      
393       512      
22        57       
299       383      
327       354      
240       354      
217       362      
287       336      
14        121      
361       481      
188       318      
307       454      
548       614      
706       764      
29        136      
445       473      
490       527      
124       238      
30        36       
167       236      
138       223      
112       145      
762       822      
438       558      
456       507      
71        97       
6         87       
93        193      
187       253      
20        127      
415       486      
732       788      
