101
0 22 43 13 11 5 34 42 43 39 34 27 40 49 51 29 22 40 21 20 36 32 34 23 25 38 19 45 30 44 18 5 40 16 14 40 21 24 40 2 31 37 32 32 6 16 28 29 31 19 52 31 19 19 32 27 35 30 47 34 42 24 37 41 20 37 40 24 45 36 30 46 24 20 25 37 36 19 40 21 27 39 44 39 37 40 24 33 29 37 26 36 12 44 30 30 46 50 26 44 23
22 0 42 21 11 20 12 28 36 17 44 30 31 40 38 18 23 18 35 6 46 36 41 11 3 19 27 35 21 41 7 18 35 7 19 34 35 34 31 24 15 38 28 35 24 26 29 17 34 26 41 41 5 3 12 32 13 8 41 28 20 6 29 19 16 15 35 13 23 23 36 30 36 21 26 24 25 26 20 13 31 31 22 34 22 38 9 31 39 16 37 14 17 23 12 12 38 43 30 35 16
43 42 0 28 37 46 44 21 10 47 24 14 14 15 20 24 19 45 29 36 25 10 17 31 44 33 23 15 21 6 36 36 8 37 27 10 29 24 15 41 29 4 14 9 47 26 13 25 11 23 22 23 45 40 35 16 43 41 13 14 41 48 14 49 26 41 9 29 48 23 15 29 28 21 16 22 18 22 33 29 14 13 47 9 24 5 33 11 25 36 26 48 29 36 32 32 17 16 15 15 26
13 21 28 0 11 17 31 30 29 36 23 14 26 35 37 19 9 35 13 15 25 19 22 15 24 30 6 31 19 31 14 8 27 13 3 28 13 13 28 14 23 24 20 19 19 5 15 20 17 6 39 20 21 17 24 14 31 26 34 22 34 25 25 38 10 31 28 15 40 27 18 37 15 8 13 27 25 6 32 12 14 27 39 27 28 27 17 21 18 29 16 35 3 36 22 22 34 37 13 32 13
11 11 37 11 0 10 23 32 35 28 34 24 31 41 41 19 17 29 24 9 36 30 33 13 14 27 17 36 21 38 7 7 33 5 10 33 24 24 32 13 21 33 25 29 14 16 23 19 28 17 44 31 11 8 21 25 24 19 40 27 31 16 29 30 12 26 33 13 34 26 29 36 26 15 20 27 27 17 29 11 25 31 33 32 27 35 13 28 29 26 27 25 8 33 19 19 38 43 24 36 14
5 20 46 17 10 0 32 42 45 37 39 31 41 51 51 29 26 38 26 18 41 36 39 23 23 36 23 46 31 48 16 9 43 14 18 43 26 29 42 7 30 41 35 36 4 21 32 29 34 23 54 36 16 17 30 31 33 28 50 37 40 21 39 39 22 35 43 23 43 36 35 46 29 24 29 37 37 23 38 21 31 41 42 42 37 44 22 37 34 35 31 34 16 42 28 28 48 53 30 46 24
34 12 44 31 23 32 0 27 38 5 53 37 32 40 37 20 30 6 44 16 54 42 48 16 9 13 36 35 23 43 17 30 37 19 28 36 44 44 32 36 15 40 30 40 36 36 34 19 40 35 38 49 16 15 9 39 1 5 42 30 9 11 31 7 23 4 37 18 11 22 43 24 46 28 31 24 27 34 13 19 38 33 10 36 21 40 14 33 48 9 47 4 28 13 12 12 38 44 37 36 21
42 28 21 30 32 42 27 0 12 29 40 24 7 13 10 12 23 26 41 25 42 25 33 19 29 14 31 8 11 17 26 36 12 28 27 10 41 37 6 42 13 20 13 23 46 34 20 12 25 30 13 39 33 28 18 28 26 24 15 10 22 33 8 30 21 23 11 18 29 5 30 8 41 23 20 4 6 29 14 20 26 7 28 11 6 15 20 14 39 18 40 31 29 17 16 16 11 17 26 9 18
43 36 10 29 35 45 38 12 0 40 33 18 6 6 10 18 20 37 35 31 34 18 26 25 38 25 27 5 15 5 32 37 3 33 28 2 35 31 6 43 23 11 9 16 48 30 15 19 18 26 13 32 39 34 29 22 37 35 5 8 33 42 7 41 22 34 2 23 40 16 23 19 35 21 16 14 11 25 25 24 20 5 39 2 17 5 27 7 33 29 34 42 29 29 26 26 7 8 20 5 21
39 17 47 36 28 37 5 29 40 0 57 41 34 42 39 24 35 3 49 21 59 46 53 21 14 15 41 37 26 45 22 35 39 24 33 38 49 49 34 41 18 44 33 43 41 41 38 23 44 40 40 54 21 20 13 44 5 10 44 33 7 16 33 2 28 6 39 23 6 24 48 25 51 33 36 26 29 39 15 24 43 35 5 38 23 42 19 36 53 11 52 3 33 13 16 16 40 46 42 38 26
34 44 24 23 34 39 53 40 33 57 0 17 33 39 43 34 22 56 13 38 2 15 7 36 47 47 17 38 32 30 37 30 30 36 25 32 13 10 35 32 40 22 27 17 40 18 20 35 15 18 46 3 44 40 45 13 52 48 37 30 54 48 32 59 29 52 31 34 61 39 10 48 10 24 22 38 34 18 48 32 15 34 60 31 40 28 37 26 5 48 8 56 26 52 41 41 40 40 15 38 31
27 30 14 14 24 31 37 24 18 41 17 0 18 24 28 17 7 39 17 24 19 6 12 20 33 29 9 23 15 18 24 22 15 25 14 17 17 13 20 27 23 10 11 5 33 12 4 18 4 9 31 15 33 28 28 4 36 32 23 14 37 36 17 43 14 35 16 18 44 23 7 31 17 9 5 22 18 8 31 17 2 19 43 16 24 15 22 11 15 31 16 41 16 35 25 25 25 26 2 23 15
40 31 14 26 31 41 32 7 6 34 33 18 0 9 10 12 17 31 35 25 34 18 26 20 32 19 25 5 9 11 26 34 5 28 24 4 35 31 2 39 17 13 7 16 45 28 14 13 18 24 13 32 34 29 23 22 31 29 10 4 27 36 1 35 19 28 5 17 34 10 23 15 35 18 14 8 5 23 19 19 20 1 33 4 11 8 21 7 33 23 34 36 26 23 20 20 8 13 20 6 16
49 40 15 35 41 51 40 13 6 42 39 24 9 0 5 21 26 39 41 34 40 24 32 29 41 27 33 5 18 9 35 43 9 37 33 8 41 37 8 48 25 17 15 22 54 36 21 22 24 32 7 38 43 38 31 28 39 37 2 13 35 45 10 43 28 36 8 26 42 18 29 18 41 27 22 16 13 31 27 28 26 8 41 8 19 11 30 13 39 31 40 44 35 29 28 28 2 4 26 4 25
51 38 20 37 41 51 37 10 10 39 43 28 10 5 0 22 27 36 45 35 44 28 36 29 39 24 35 5 19 14 36 44 13 38 34 11 45 41 9 49 23 21 17 26 55 38 24 22 28 34 3 42 43 38 28 32 36 34 7 14 32 43 11 40 29 33 12 27 39 15 33 14 45 28 24 14 14 33 24 29 30 9 38 12 16 15 30 17 43 28 44 41 36 26 26 26 3 7 30 5 26
29 18 24 19 19 29 20 12 18 24 34 17 12 21 22 0 13 22 30 13 36 22 29 8 20 12 20 17 3 23 14 24 17 16 16 16 30 28 13 30 6 20 10 20 33 23 14 1 20 19 25 32 22 17 11 21 19 17 22 10 20 24 11 26 9 18 17 6 27 8 24 18 31 12 12 8 8 18 14 8 19 13 26 16 9 20 9 13 32 14 31 24 17 18 8 8 20 25 19 18 6
22 23 19 9 17 26 30 23 20 35 22 7 17 26 27 13 0 33 18 17 24 13 17 14 26 25 8 22 12 22 17 17 17 18 8 18 18 15 19 23 18 15 11 12 28 11 6 14 11 7 30 19 26 21 22 9 30 25 25 13 32 29 16 37 7 29 18 12 38 20 12 30 18 2 4 20 17 6 27 10 8 18 37 17 21 18 15 12 19 26 18 34 10 31 19 19 25 28 7 23 9
40 18 45 35 29 38 6 26 37 3 56 39 31 39 36 22 33 0 48 21 57 44 50 20 15 12 40 34 24 42 23 36 36 24 32 35 48 48 31 42 16 42 31 41 42 40 36 21 42 39 37 52 22 21 11 42 5 10 41 30 4 17 30 4 27 4 36 21 5 21 45 22 50 32 34 23 26 38 12 23 41 32 4 35 20 39 18 34 52 8 51 6 32 10 14 14 37 43 40 35 24
21 35 29 13 24 26 44 41 35 49 13 17 35 41 45 30 18 48 0 28 15 19 15 28 37 42 10 40 30 34 27 18 32 26 16 34 0 5 37 19 35 26 28 20 27 8 21 31 18 11 48 10 34 30 37 13 44 39 40 31 47 38 34 51 22 44 33 27 53 38 15 48 3 18 21 38 35 12 44 25 15 36 52 33 39 31 30 28 8 42 5 48 16 48 34 34 42 43 15 40 25
20 6 36 15 9 18 16 25 31 21 38 24 25 34 35 13 17 21 28 0 40 30 34 5 9 18 21 30 15 35 2 16 29 4 13 28 28 28 26 22 13 32 22 29 22 20 23 12 28 20 37 35 9 4 12 26 16 11 35 22 22 12 23 23 10 17 29 7 26 19 29 28 30 15 20 20 20 20 20 7 25 25 25 28 20 32 5 25 33 17 31 20 12 24 10 10 32 37 24 30 10
36 46 25 25 36 41 54 42 34 59 2 19 34 40 44 36 24 57 15 40 0 16 8 38 49 48 19 39 34 31 39 32 31 38 27 33 15 12 36 34 42 23 29 18 42 20 22 37 17 20 47 5 46 42 46 15 54 49 38 31 56 50 34 61 31 53 32 36 62 41 12 49 12 26 24 40 36 20 50 34 17 35 61 32 42 29 39 27 7 50 10 58 28 54 43 43 41 41 17 39 33
32 36 10 19 30 36 42 25 18 46 15 6 18 24 28 22 13 44 19 30 16 0 8 25 38 33 14 23 19 15 30 27 15 31 20 17 19 14 20 32 27 7 13 2 38 17 8 23 2 13 31 14 39 34 33 6 41 37 22 15 41 42 18 47 20 39 16 23 48 25 5 33 18 15 10 24 20 13 35 23 5 19 47 16 26 13 27 11 15 35 16 46 22 38 30 30 25 25 6 23 20
34 41 17 22 33 39 48 33 26 53 7 12 26 32 36 29 17 50 15 34 8 8 0 31 43 41 16 31 27 23 34 30 23 34 23 25 15 11 28 32 35 15 21 10 40 18 15 30 9 16 39 6 42 38 39 8 47 42 30 23 49 46 26 54 24 46 24 29 55 33 5 41 13 19 17 32 28 16 43 27 10 27 54 24 34 21 32 19 8 43 11 51 25 46 36 36 33 33 10 31 26
23 11 31 15 13 23 16 19 25 21 36 20 20 29 29 8 14 20 28 5 38 25 31 0 13 15 19 25 10 30 7 19 24 9 12 23 28 27 21 25 8 27 17 24 27 20 18 7 23 18 32 33 14 9 9 23 16 12 30 17 19 17 18 23 6 16 24 2 25 14 26 24 30 11 15 15 15 17 17 3 21 20 24 23 15 27 2 20 31 14 30 20 13 21 7 7 27 32 20 25 5
25 3 44 24 14 23 9 29 38 14 47 33 32 41 39 20 26 15 37 9 49 38 43 13 0 17 30 36 23 43 10 21 37 10 22 36 37 37 32 27 16 40 30 37 27 29 31 19 36 29 42 44 7 6 11 35 10 5 42 30 17 4 31 16 18 12 37 15 20 24 38 29 39 23 28 25 27 29 19 15 33 33 19 36 23 40 11 33 42 14 40 11 20 21 13 13 39 45 32 37 18
38 19 33 30 27 36 13 14 25 15 47 29 19 27 24 12 25 12 42 18 48 33 41 15 17 0 32 22 14 30 20 34 24 22 27 23 42 40 19 40 7 31 21 31 40 34 26 11 32 31 25 44 24 20 7 33 12 12 29 19 8 21 18 16 20 9 24 15 15 9 36 12 43 24 24 11 14 30 2 18 31 20 14 23 8 27 14 23 44 4 43 17 28 6 8 8 25 31 31 23 17
19 27 23 6 17 23 36 31 27 41 17 9 25 33 35 20 8 40 10 21 19 14 16 19 30 32 0 30 20 27 20 14 24 19 8 25 10 8 27 18 25 19 18 14 25 3 12 21 12 1 38 14 27 23 28 8 35 31 32 21 38 31 24 42 13 35 25 18 44 28 12 38 11 8 11 28 25 2 34 16 9 26 43 24 29 24 21 19 13 33 11 39 9 38 25 25 33 35 8 31 15
45 35 15 31 36 46 35 8 5 37 38 23 5 5 5 17 22 34 40 30 39 23 31 25 36 22 30 0 14 10 31 39 8 33 29 6 40 36 4 44 20 16 12 21 50 33 19 17 23 29 8 37 39 34 26 27 34 32 7 9 30 40 6 38 24 31 7 22 37 13 28 14 40 23 19 11 9 28 22 24 25 4 36 7 14 10 25 12 38 26 39 39 31 25 23 23 3 9 25 1 21
30 21 21 19 21 31 23 11 15 26 32 15 9 18 19 3 12 24 30 15 34 19 27 10 23 14 20 14 0 20 16 25 14 18 16 13 30 27 11 31 8 17 7 17 35 23 12 4 18 19 22 30 24 19 14 19 22 20 19 7 22 27 8 28 10 20 14 8 29 8 22 18 30 12 10 8 6 18 16 10 17 10 28 13 9 17 12 10 30 16 30 27 18 20 11 11 17 22 17 15 7
44 41 6 31 38 48 43 17 5 45 30 18 11 9 14 23 22 42 34 35 31 15 23 30 43 30 27 10 20 0 35 39 6 37 30 7 34 29 11 45 28 8 13 13 50 30 15 24 15 26 16 29 44 39 34 20 42 40 7 13 38 47 12 46 26 39 6 28 45 21 20 24 32 23 18 19 16 25 30 28 18 10 44 7 22 3 32 10 30 34 31 47 31 34 31 31 11 10 19 10 25
18 7 36 14 7 16 17 26 32 22 37 24 26 35 36 14 17 23 27 2 39 30 34 7 10 20 20 31 16 35 0 14 30 2 12 29 27 27 27 20 14 32 22 29 20 19 23 14 28 19 38 34 9 4 14 26 18 13 35 23 24 12 24 24 10 19 30 8 28 21 29 30 29 15 20 22 22 19 22 7 25 26 27 29 21 32 6 25 32 19 30 21 11 26 12 12 33 38 24 31 10
5 18 36 8 7 9 30 36 37 35 30 22 34 43 44 24 17 36 18 16 32 27 30 19 21 34 14 39 25 39 14 0 34 12 9 35 18 20 35 6 27 32 27 27 11 12 23 24 25 14 47 27 18 15 28 22 31 26 42 29 38 23 32 37 15 33 35 19 41 31 26 41 21 15 20 32 31 14 36 16 22 34 40 34 32 35 20 28 25 33 22 32 7 40 26 26 41 45 21 39 18
40 35 8 27 33 43 37 12 3 39 30 15 5 9 13 17 17 36 32 29 31 15 23 24 37 24 24 8 14 6 30 34 0 31 25 2 32 28 6 40 22 8 8 13 45 27 12 18 15 23 16 29 38 33 28 19 36 34 8 7 32 41 6 40 21 33 1 22 39 15 20 20 32 19 13 13 10 22 24 23 17 5 38 1 16 3 26 5 30 28 31 41 27 28 25 25 10 11 17 8 20
16 7 37 13 5 14 19 28 33 24 36 25 28 37 38 16 18 24 26 4 38 31 34 9 10 22 19 33 18 37 2 12 31 0 12 31 26 26 29 18 16 33 23 30 18 18 24 16 29 19 40 33 8 4 16 26 19 14 37 25 26 12 26 26 11 21 31 10 29 23 30 32 28 16 21 24 24 19 24 8 26 28 28 30 23 33 8 26 31 21 29 21 10 28 14 14 35 40 25 33 11
14 19 27 3 10 18 28 27 28 33 25 14 24 33 34 16 8 32 16 13 27 20 23 12 22 27 8 29 16 30 12 9 25 12 0 26 16 16 26 15 20 23 18 19 20 8 14 17 18 7 37 22 20 16 21 15 28 24 33 20 31 24 23 35 7 28 26 12 37 24 19 34 18 6 11 24 22 7 29 9 15 25 36 25 25 26 14 19 21 26 19 32 2 33 19 19 32 36 14 30 10
40 34 10 28 33 43 36 10 2 38 32 17 4 8 11 16 18 35 34 28 33 17 25 23 36 23 25 6 13 7 29 35 2 31 26 0 34 30 4 41 21 10 8 15 46 28 13 17 17 24 14 31 37 32 27 21 35 33 7 6 31 40 5 39 21 32 1 21 38 14 22 18 34 20 14 12 9 23 23 23 19 3 37 1 15 5 25 6 32 27 33 40 28 27 24 24 8 10 19 6 19
21 35 29 13 24 26 44 41 35 49 13 17 35 41 45 30 18 48 0 28 15 19 15 28 37 42 10 40 30 34 27 18 32 26 16 34 0 5 37 19 35 26 28 20 27 8 21 31 18 11 48 10 34 30 37 13 44 39 40 31 47 38 34 51 22 44 33 27 53 38 15 48 3 18 21 38 35 12 44 25 15 36 52 33 39 31 30 28 8 42 5 47 16 48 34 34 42 43 15 40 25
24 34 24 13 24 29 44 37 31 49 10 13 31 37 41 28 15 48 5 28 12 14 11 27 37 40 8 36 27 29 27 20 28 26 16 30 5 0 33 22 33 21 24 15 30 8 17 29 13 9 44 7 34 30 36 9 43 39 35 27 46 38 30 50 21 43 29 26 52 35 10 44 4 16 17 34 31 10 42 24 11 32 51 29 36 26 29 24 5 41 3 47 16 46 33 33 38 38 11 36 23
40 31 15 28 32 42 32 6 6 34 35 20 2 8 9 13 19 31 37 26 36 20 28 21 32 19 27 4 11 11 27 35 6 29 26 4 37 33 0 41 17 14 9 18 46 30 16 13 20 26 12 34 35 30 23 24 31 29 10 6 27 36 3 35 21 28 5 19 34 10 25 14 37 20 16 8 5 25 19 21 22 1 33 5 11 9 21 9 35 23 36 36 28 23 20 20 7 12 22 5 18
2 24 41 14 13 7 36 42 43 41 32 27 39 48 49 30 23 42 19 22 34 32 32 25 27 40 18 44 31 45 20 6 40 18 15 41 19 22 41 0 33 37 33 32 8 15 29 30 30 18 52 29 21 21 34 26 37 32 48 35 44 26 38 43 21 39 41 25 47 37 29 47 22 21 26 38 37 19 42 22 26 40 46 40 38 41 26 34 27 39 24 38 13 46 32 32 47 51 26 45 24
31 15 29 23 21 30 15 13 23 18 40 23 17 25 23 6 18 16 35 13 42 27 35 8 16 7 25 20 8 28 14 27 22 16 20 21 35 33 17 33 0 25 15 25 34 27 20 5 26 24 26 37 20 16 6 27 14 12 27 15 14 20 16 20 13 12 22 8 21 8 30 16 36 17 18 9 12 23 9 11 25 18 20 21 7 25 8 18 37 8 36 19 21 13 3 3 23 29 25 21 10
37 38 4 24 33 41 40 20 11 44 22 10 13 17 21 20 15 42 26 32 23 7 15 27 40 31 19 16 17 8 32 32 8 33 23 10 26 21 14 37 25 0 10 5 43 22 9 21 7 19 24 21 41 36 31 12 39 37 15 12 39 44 13 45 22 37 9 25 46 22 12 28 24 17 12 21 17 18 32 25 10 13 45 9 23 6 29 8 22 33 23 44 25 35 28 28 18 18 11 16 22
32 28 14 20 25 35 30 13 9 33 27 11 7 15 17 10 11 31 28 22 29 13 21 17 30 21 18 12 7 13 22 27 8 23 18 8 28 24 9 33 15 10 0 11 38 21 7 11 12 17 20 26 31 26 21 15 29 27 14 3 29 34 6 35 13 27 8 15 36 12 17 20 28 12 7 11 7 16 22 15 13 8 35 7 13 10 19 3 26 23 27 34 20 25 18 18 15 17 13 13 12
32 35 9 19 29 36 40 23 16 43 17 5 16 22 26 20 12 41 20 29 18 2 10 24 37 31 14 21 17 13 29 27 13 30 19 15 20 15 18 32 25 5 11 0 38 17 6 21 2 13 29 16 38 33 31 7 39 36 20 13 39 41 15 45 19 37 14 22 46 23 7 31 19 14 9 22 18 13 33 22 5 17 45 14 24 11 26 9 17 33 18 44 21 36 28 28 23 23 6 21 19
6 24 47 19 14 4 36 46 48 41 40 33 45 54 55 33 28 42 27 22 42 38 40 27 27 40 25 50 35 50 20 11 45 18 20 46 27 30 46 8 34 43 38 38 0 22 34 33 36 25 57 37 20 21 34 33 37 32 52 40 44 25 43 43 26 39 46 27 47 40 36 50 30 26 31 41 41 25 42 25 33 45 46 45 41 46 26 39 35 39 32 38 18 46 32 32 52 55 32 50 28
16 26 26 5 16 21 36 34 30 41 18 12 28 36 38 23 11 40 8 20 20 17 18 20 29 34 3 33 23 30 19 12 27 18 8 28 8 8 30 15 27 22 21 17 22 0 15 24 15 4 41 15 26 22 29 11 36 31 35 24 39 30 27 43 14 36 28 19 45 31 14 41 10 11 14 31 28 5 36 17 12 29 44 27 32 27 22 22 13 34 11 39 8 40 26 26 36 38 11 34 17
28 29 13 15 23 32 34 20 15 38 20 4 14 21 24 14 6 36 21 23 22 8 15 18 31 26 12 19 12 15 23 23 12 24 14 13 21 17 16 29 20 9 7 6 34 15 0 15 6 11 27 19 32 27 25 8 33 29 20 10 34 35 13 40 13 32 13 16 41 19 10 27 21 8 3 18 14 10 28 16 6 15 40 12 20 12 20 7 19 28 20 38 16 32 22 22 21 23 6 19 13
29 17 25 20 19 29 19 12 19 23 35 18 13 22 22 1 14 21 31 12 37 23 30 7 19 11 21 17 4 24 14 24 18 16 17 17 31 29 13 30 5 21 11 21 33 24 15 0 21 20 25 33 21 16 10 22 18 16 23 11 19 23 12 25 10 17 18 6 26 7 25 17 32 13 13 8 8 19 13 8 20 14 25 17 8 21 8 14 33 13 32 23 18 17 7 7 20 25 20 18 7
31 34 11 17 28 34 40 25 18 44 15 4 18 24 28 20 11 42 18 28 17 2 9 23 36 32 12 23 18 15 28 25 15 29 18 17 18 13 20 30 26 7 12 2 36 15 6 21 0 11 31 14 37 32 31 5 39 35 22 15 40 40 17 46 18 38 16 21 47 24 5 32 17 13 8 23 19 11 34 21 3 19 46 16 25 13 25 11 15 34 16 43 20 37 28 28 25 25 4 23 18
19 26 23 6 17 23 35 30 26 40 18 9 24 32 34 19 7 39 11 20 20 13 16 18 29 31 1 29 19 26 19 14 23 19 7 24 11 9 26 18 24 19 17 13 25 4 11 20 11 0 37 15 27 23 27 8 34 30 31 20 37 31 23 41 12 34 24 17 43 27 12 37 12 7 10 27 24 1 33 15 8 25 42 23 28 23 20 18 14 32 12 38 9 37 24 24 32 34 8 30 14
52 41 22 39 44 54 38 13 13 40 46 31 13 7 3 25 30 37 48 37 47 31 39 32 42 25 38 8 22 16 38 47 16 40 37 14 48 44 12 52 26 24 20 29 57 41 27 25 31 37 0 45 46 41 31 35 37 37 9 17 33 46 14 41 32 34 15 30 40 18 36 15 48 31 27 17 17 36 25 32 33 12 39 15 19 18 33 20 46 29 47 42 39 27 29 29 6 8 33 8 29
31 41 23 20 31 36 49 39 32 54 3 15 32 38 42 32 19 52 10 35 5 14 6 33 44 44 14 37 30 29 34 27 29 33 22 31 10 7 34 29 37 21 26 16 37 15 19 33 14 15 45 0 41 37 41 11 49 44 36 29 51 45 31 56 26 48 30 31 57 38 9 46 7 21 20 37 33 15 46 29 13 33 56 30 39 27 34 25 2 45 5 53 23 50 38 38 39 39 13 37 28
19 5 45 21 11 16 16 33 39 21 44 33 34 43 43 22 26 22 34 9 46 39 42 14 7 24 27 39 24 44 9 18 38 8 20 37 34 34 35 21 20 41 31 38 20 26 32 21 37 27 46 41 0 5 17 34 17 12 43 31 24 5 32 23 19 19 38 16 27 28 38 35 36 24 29 29 29 27 25 16 34 34 26 37 27 41 13 34 39 21 37 18 18 28 17 17 41 46 33 39 19
19 3 40 17 8 17 15 28 34 20 40 28 29 38 38 17 21 21 30 4 42 34 38 9 6 20 23 34 19 39 4 15 33 4 16 32 30 30 30 21 16 36 26 33 21 22 27 16 32 23 41 37 5 0 13 30 16 11 38 26 23 8 27 22 14 18 33 11 26 23 33 31 32 19 24 24 24 23 21 11 29 29 25 32 23 36 8 29 35 18 33 17 14 25 13 13 36 41 28 34 14
32 12 35 24 21 30 9 18 29 13 45 28 23 31 28 11 22 11 37 12 46 33 39 9 11 7 28 26 14 34 14 28 28 16 21 27 37 36 23 34 6 31 21 31 34 29 25 10 31 27 31 41 17 13 0 31 8 6 33 21 10 15 22 15 15 7 28 10 16 13 34 19 39 20 23 15 18 26 8 12 30 24 15 27 12 31 8 24 40 5 39 13 22 12 3 3 29 35 29 27 13
27 32 16 14 25 31 39 28 22 44 13 4 22 28 32 21 9 42 13 26 15 6 8 23 35 33 8 27 19 20 26 22 19 26 15 21 13 9 24 26 27 12 15 7 33 11 8 22 5 8 35 11 34 30 31 0 39 34 27 18 41 38 21 46 16 38 20 21 47 27 4 35 13 11 9 26 22 8 35 19 2 23 46 20 28 18 24 15 11 35 12 43 17 39 28 28 29 30 2 27 18
35 13 43 31 24 33 1 26 37 5 52 36 31 39 36 19 30 5 44 16 54 41 47 16 10 12 35 34 22 42 18 31 36 19 28 35 44 43 31 37 14 39 29 39 37 36 33 18 39 34 37 49 17 16 8 39 0 5 41 29 8 12 30 7 22 3 36 18 10 21 42 23 46 27 31 23 26 33 12 19 37 32 9 35 20 39 14 32 47 8 46 5 28 12 11 11 37 43 36 35 21
30 8 41 26 19 28 5 24 35 10 48 32 29 37 34 17 25 10 39 11 49 37 42 12 5 12 31 32 20 40 13 26 34 14 24 33 39 39 29 32 12 37 27 36 32 31 29 16 35 30 37 44 12 11 6 34 5 0 39 27 12 9 28 12 18 7 34 13 15 19 37 24 41 23 26 21 24 29 14 15 33 30 14 33 18 37 10 30 43 9 42 9 23 16 9 9 35 41 32 33 16
47 41 13 34 40 50 42 15 5 44 37 23 10 2 7 22 25 41 40 35 38 22 30 30 42 29 32 7 19 7 35 42 8 37 33 7 40 35 10 48 27 15 14 20 52 35 20 23 22 31 9 36 43 38 33 27 41 39 0 13 37 46 11 45 27 38 7 27 44 20 27 20 39 26 21 18 15 30 29 29 25 9 43 7 21 9 31 12 37 33 38 46 34 31 30 30 4 3 25 6 26
34 28 14 22 27 37 30 10 8 33 30 14 4 13 14 10 13 30 31 22 31 15 23 17 30 19 21 9 7 13 23 29 7 25 20 6 31 27 6 35 15 12 3 13 40 24 10 11 15 20 17 29 31 26 21 18 29 27 13 0 27 34 3 34 15 27 7 15 34 10 20 18 31 14 10 9 5 19 20 16 16 5 33 6 11 10 19 4 29 22 30 34 22 23 18 18 12 16 16 10 13
42 20 41 34 31 40 9 22 33 7 54 37 27 35 32 20 32 4 47 22 56 41 49 19 17 8 38 30 22 38 24 38 32 26 31 31 47 46 27 44 14 39 29 39 44 39 34 19 40 37 33 51 24 23 10 41 8 12 37 27 0 20 26 8 25 5 32 20 7 17 44 18 49 30 32 19 22 36 8 22 39 28 6 31 16 35 18 31 50 6 49 10 32 6 13 13 33 39 39 31 23
24 6 48 25 16 21 11 33 42 16 48 36 36 45 43 24 29 17 38 12 50 42 46 17 4 21 31 40 27 47 12 23 41 12 24 40 38 38 36 26 20 44 34 41 25 30 35 23 40 31 46 45 5 8 15 38 12 9 46 34 20 0 35 18 22 15 41 19 22 28 41 33 40 27 32 29 31 31 23 19 37 37 21 40 27 44 15 37 43 18 41 13 22 24 17 17 43 48 36 41 22
37 29 14 25 29 39 31 8 7 33 32 17 1 10 11 11 16 30 34 23 34 18 26 18 31 18 24 6 8 12 24 32 6 26 23 5 34 30 3 38 16 13 6 15 43 27 13 12 17 23 14 31 32 27 22 21 30 28 11 3 26 35 0 34 18 27 6 16 33 9 22 16 34 17 13 8 4 22 19 18 19 2 32 5 10 9 20 6 32 22 33 35 25 22 19 19 9 14 19 7 15
41 19 49 38 30 39 7 30 41 2 59 43 35 43 40 26 37 4 51 23 61 47 54 23 16 16 42 38 28 46 24 37 40 26 35 39 51 50 35 43 20 45 35 45 43 43 40 25 46 41 41 56 23 22 15 46 7 12 45 34 8 18 34 0 29 8 40 25 4 25 49 26 53 34 38 27 30 40 16 26 44 36 3 39 24 43 21 38 54 12 53 5 35 14 18 18 41 47 43 39 28
20 16 26 10 12 22 23 21 22 28 29 14 19 28 29 9 7 27 22 10 31 20 24 6 18 20 13 24 10 26 10 15 21 11 7 21 22 21 21 21 13 22 13 19 26 14 13 10 18 12 32 26 19 14 15 16 22 18 27 15 25 22 18 29 0 22 21 5 31 17 19 27 24 5 10 17 16 11 22 3 15 20 30 20 18 23 8 16 25 20 24 26 8 26 12 12 27 30 14 25 3
37 15 41 31 26 35 4 23 34 6 52 35 28 36 33 18 29 4 44 17 53 39 46 16 12 9 35 31 20 39 19 33 33 21 28 32 44 43 28 39 12 37 27 37 39 36 32 17 38 34 34 48 19 18 7 38 3 7 38 27 5 15 27 8 22 0 33 17 9 18 41 20 46 27 30 20 23 33 9 19 37 29 8 32 17 36 14 30 47 5 46 8 28 9 10 10 34 40 36 32 20
40 35 9 28 33 43 37 11 2 39 31 16 5 8 12 17 18 36 33 29 32 16 24 24 37 24 25 7 14 6 30 35 1 31 26 1 33 29 5 41 22 9 8 14 46 28 13 18 16 24 15 30 38 33 28 20 36 34 7 7 32 41 6 40 21 33 0 22 39 15 21 19 33 20 14 13 10 23 24 23 18 4 38 1 16 4 26 6 31 28 32 41 28 28 25 25 9 10 18 7 20
24 13 29 15 13 23 18 18 23 23 34 18 17 26 27 6 12 21 27 7 36 23 29 2 15 15 18 22 8 28 8 19 22 10 12 21 27 26 19 25 8 25 15 22 27 19 16 6 21 17 30 31 16 11 10 21 18 13 27 15 20 19 16 25 5 17 22 0 26 13 24 23 29 10 13 14 14 16 17 3 20 18 25 21 14 25 4 18 30 14 29 22 13 21 7 7 25 30 19 23 3
45 23 48 40 34 43 11 29 40 6 61 44 34 42 39 27 38 5 53 26 62 48 55 25 20 15 44 37 29 45 28 41 39 29 37 38 53 52 34 47 21 46 36 46 47 45 41 26 47 43 40 57 27 26 16 47 10 15 44 34 7 22 33 4 31 9 39 26 0 24 50 25 55 36 39 26 29 42 15 28 46 35 1 38 23 42 23 38 56 13 55 9 37 13 19 19 40 46 45 38 29
36 23 23 27 26 36 22 5 16 24 39 23 10 18 15 8 20 21 38 19 41 25 33 14 24 9 28 13 8 21 21 31 15 23 24 14 38 35 10 37 8 22 12 23 40 31 19 7 24 27 18 38 28 23 13 27 21 19 20 10 17 28 9 25 17 18 15 13 24 0 29 10 38 20 18 2 5 26 9 15 25 11 23 14 1 18 15 14 38 13 38 26 25 13 11 11 16 22 25 14 14
30 36 15 18 29 35 43 30 23 48 10 7 23 29 33 24 12 45 15 29 12 5 5 26 38 36 12 28 22 20 29 26 20 30 19 22 15 10 25 29 30 12 17 7 36 14 10 25 5 12 36 9 38 33 34 4 42 37 27 20 44 41 22 49 19 41 21 24 50 29 0 37 13 14 12 28 24 12 38 22 5 24 49 21 30 18 27 16 10 38 11 45 21 42 31 31 30 30 5 28 21
46 30 29 37 36 46 24 8 19 25 48 31 15 18 14 18 30 22 48 28 49 33 41 24 29 12 38 14 18 24 30 41 20 32 34 18 48 44 14 47 16 28 20 31 50 41 27 17 32 37 15 46 35 31 19 35 23 24 20 18 18 33 16 26 27 20 19 23 25 10 37 0 48 30 27 10 13 36 11 25 33 15 24 19 9 23 24 22 46 16 47 28 35 12 18 18 16 21 33 15 24
24 36 28 15 26 29 46 41 35 51 10 17 35 41 45 31 18 50 3 30 12 18 13 30 39 43 11 40 30 32 29 21 32 28 18 34 3 4 37 22 36 24 28 19 30 10 21 32 17 12 48 7 36 32 39 13 46 41 39 31 49 40 34 53 24 46 33 29 55 38 13 48 0 19 21 38 35 13 45 27 15 36 54 33 39 30 32 28 5 43 2 49 18 49 36 36 42 42 15 40 26
20 21 21 8 15 24 28 23 21 33 24 9 18 27 28 12 2 32 18 15 26 15 19 11 23 24 8 23 12 23 15 15 19 16 6 20 18 16 20 21 17 17 12 14 26 11 8 13 13 7 31 21 24 19 20 11 27 23 26 14 30 27 17 34 5 27 20 10 36 20 14 30 19 0 5 20 17 6 26 8 10 19 35 19 21 20 13 13 20 24 19 31 8 30 17 17 26 29 9 24 7
25 26 16 13 20 29 31 20 16 36 22 5 14 22 24 12 4 34 21 20 24 10 17 15 28 24 11 19 10 18 20 20 13 21 11 14 21 17 16 26 18 12 7 9 31 14 3 13 8 10 27 20 29 24 23 9 31 26 21 10 32 32 13 38 10 30 14 13 39 18 12 27 21 5 0 17 14 9 26 13 7 15 38 13 19 15 17 8 20 26 20 35 13 30 20 20 22 24 7 20 10
37 24 22 27 27 37 24 4 14 26 38 22 8 16 14 8 20 23 38 20 40 24 32 15 25 11 28 11 8 19 22 32 13 24 24 12 38 34 8 38 9 21 11 22 41 31 18 8 23 27 17 37 29 24 15 26 23 21 18 9 19 29 8 27 17 20 13 14 26 2 28 10 38 20 17 0 4 26 11 16 24 9 25 12 3 16 16 13 37 15 37 28 25 15 12 12 14 20 24 12 14
36 25 18 25 27 37 27 6 11 29 34 18 5 13 14 8 17 26 35 20 36 20 28 15 27 14 25 9 6 16 22 31 10 24 22 9 35 31 5 37 12 17 7 18 41 28 14 8 19 24 17 33 29 24 18 22 26 24 15 5 22 31 4 30 16 23 10 14 29 5 24 13 35 17 14 4 0 23 14 16 20 6 28 9 6 13 16 9 33 18 34 31 24 18 15 15 12 17 20 10 13
19 26 22 6 17 23 34 29 25 39 18 8 23 31 33 18 6 38 12 20 20 13 16 17 29 30 2 28 18 25 19 14 22 19 7 23 12 10 25 19 23 18 16 13 25 5 10 19 11 1 36 15 27 23 26 8 33 29 30 19 36 31 22 40 11 33 23 16 42 26 12 36 13 6 9 26 23 0 32 14 8 24 41 22 27 22 19 17 14 30 13 37 9 36 23 23 31 33 7 29 13
40 20 33 32 29 38 13 14 25 15 48 31 19 27 24 14 27 12 44 20 50 35 43 17 19 2 34 22 16 30 22 36 24 24 29 23 44 42 19 42 9 32 22 33 42 36 28 13 34 33 25 46 25 21 8 35 12 14 29 20 8 23 19 16 22 9 24 17 15 9 38 11 45 26 26 11 14 32 0 20 33 20 14 23 8 27 16 23 46 5 45 17 30 4 10 10 25 31 33 23 19
21 13 29 12 11 21 19 20 24 24 32 17 19 28 29 8 10 23 25 7 34 23 27 3 15 18 16 24 10 28 7 16 23 8 9 23 25 24 21 22 11 25 15 22 25 17 16 8 21 15 32 29 16 11 12 19 19 15 29 16 22 19 18 26 3 19 23 3 28 15 22 25 27 8 13 16 16 14 20 0 18 20 27 22 16 25 5 18 28 17 27 23 10 24 10 10 27 32 17 25 3
27 31 14 14 25 31 38 26 20 43 15 2 20 26 30 19 8 41 15 25 17 5 10 21 33 31 9 25 17 18 25 22 17 26 15 19 15 11 22 26 25 10 13 5 33 12 6 20 3 8 33 13 34 29 30 2 37 33 25 16 39 37 19 44 15 37 18 20 46 25 5 33 15 10 7 24 20 8 33 18 0 21 45 18 26 16 23 13 13 33 14 41 17 37 27 27 27 28 1 25 17
39 31 13 27 31 41 33 7 5 35 34 19 1 8 9 13 18 32 36 25 35 19 27 20 33 20 26 4 10 10 26 34 5 28 25 3 36 32 1 40 18 13 8 17 45 29 15 14 19 25 12 33 34 29 24 23 32 30 9 5 28 37 2 36 20 29 4 18 35 11 24 15 36 19 15 9 6 24 20 20 21 0 34 4 12 8 22 8 34 24 35 37 27 24 21 21 7 12 21 5 17
44 22 47 39 33 42 10 28 39 5 60 43 33 41 38 26 37 4 52 25 61 47 54 24 19 14 43 36 28 44 27 40 38 28 36 37 52 51 33 46 20 45 35 45 46 44 40 25 46 42 39 56 26 25 15 46 9 14 43 33 6 21 32 3 30 8 38 25 1 23 49 24 54 35 38 25 28 41 14 27 45 34 0 37 22 41 22 37 55 12 54 8 36 12 18 18 39 45 44 37 28
39 34 9 27 32 42 36 11 2 38 31 16 4 8 12 16 17 35 33 28 32 16 24 23 36 23 24 7 13 7 29 34 1 30 25 1 33 29 5 40 21 9 7 14 45 27 12 17 16 23 15 30 37 32 27 20 35 33 7 6 31 40 5 39 20 32 1 21 38 14 21 19 33 19 13 12 9 22 23 22 18 4 37 0 15 4 25 5 31 27 32 40 26 27 24 24 9 10 18 7 19
37 22 24 28 27 37 21 6 17 23 40 24 11 19 16 9 21 20 39 20 42 26 34 15 23 8 29 14 9 22 21 32 16 23 25 15 39 36 11 38 7 23 13 24 41 32 20 8 25 28 19 39 27 23 12 28 20 18 21 11 16 27 10 24 18 17 16 14 23 1 30 9 39 21 19 3 6 27 8 16 26 12 22 15 0 19 15 15 39 12 39 25 26 12 10 10 17 23 26 15 15
40 38 5 27 35 44 40 15 5 42 28 15 8 11 15 20 18 39 31 32 29 13 21 27 40 27 24 10 17 3 32 35 3 33 26 5 31 26 9 41 25 6 10 11 46 27 12 21 13 23 18 27 41 36 31 18 39 37 9 10 35 44 9 43 23 36 4 25 42 18 18 23 30 20 15 16 13 22 27 25 16 8 41 4 19 0 29 7 28 31 29 44 28 31 28 28 12 12 17 10 22
24 9 33 17 13 22 14 20 27 19 37 22 21 30 30 9 15 18 30 5 39 27 32 2 11 14 21 25 12 32 6 20 26 8 14 25 30 29 21 26 8 29 19 26 26 22 20 8 25 20 33 34 13 8 8 24 14 10 31 19 18 15 20 21 8 14 26 4 23 15 27 24 32 13 17 16 16 19 16 5 23 22 22 25 15 29 0 22 33 13 32 18 14 20 6 6 28 33 22 26 7
33 31 11 21 28 37 33 14 7 36 26 11 7 13 17 13 12 34 28 25 27 11 19 20 33 23 19 12 10 10 25 28 5 26 19 6 28 24 9 34 18 8 3 9 39 22 7 14 11 18 20 25 34 29 24 15 32 30 12 4 31 37 6 38 16 30 6 18 38 14 16 22 28 13 8 13 9 17 23 18 13 8 37 5 15 7 22 0 26 26 27 37 21 27 21 21 14 15 13 12 15
29 39 25 18 29 34 48 39 33 53 5 15 33 39 43 32 19 52 8 33 7 15 8 31 42 44 13 38 30 30 32 25 30 31 21 32 8 5 35 27 37 22 26 17 35 13 19 33 15 14 46 2 39 35 40 11 47 43 37 29 50 43 32 54 25 47 31 30 56 38 10 46 5 20 20 37 33 14 46 28 13 34 55 31 39 28 33 26 0 44 3 51 21 50 37 37 40 40 13 38 27
37 16 36 29 26 35 9 18 29 11 48 31 23 31 28 14 26 8 42 17 50 35 43 14 14 4 33 26 16 34 19 33 28 21 26 27 42 41 23 39 8 33 23 33 39 34 28 13 34 32 29 45 21 18 5 35 8 9 33 22 6 18 22 12 20 5 28 14 13 13 38 16 43 24 26 15 18 30 5 17 33 24 12 27 12 31 13 26 44 0 43 13 27 7 7 7 29 35 33 27 17
26 37 26 16 27 31 47 40 34 52 8 16 34 40 44 31 18 51 5 31 10 16 11 30 40 43 11 39 30 31 30 22 31 29 19 33 5 3 36 24 36 23 27 18 32 11 20 32 16 12 47 5 37 33 39 12 46 42 38 30 49 41 33 53 24 46 32 29 55 38 11 47 2 19 20 37 34 13 45 27 14 35 54 32 39 29 32 27 3 43 0 50 19 49 36 36 41 41 14 39 26
36 14 48 35 25 34 4 31 42 3 56 41 36 44 41 24 34 6 48 20 58 46 51 20 11 17 39 39 27 47 21 32 41 21 32 40 47 47 36 38 19 44 34 44 38 39 38 23 43 38 42 53 18 17 13 43 5 9 46 34 10 13 35 5 26 8 41 22 9 26 45 28 49 31 35 28 31 37 17 23 41 37 8 40 25 44 18 37 51 13 50 0 31 16 16 16 42 48 40 40 25
12 17 29 3 8 16 28 29 29 33 26 16 26 35 36 17 10 32 16 12 28 22 25 13 20 28 9 31 18 31 11 7 27 10 2 28 16 16 28 13 21 25 20 21 18 8 16 18 20 9 39 23 18 14 22 17 28 23 34 22 32 22 25 35 8 28 28 13 37 25 21 35 18 8 13 25 24 9 30 10 17 27 36 26 26 28 14 21 21 27 19 31 0 34 20 20 34 36 16 32 11
44 23 36 36 33 42 13 17 29 13 52 35 23 29 26 18 31 10 48 24 54 38 46 21 21 6 38 25 20 34 26 40 28 28 33 27 48 46 23 46 13 35 25 36 46 40 32 17 37 37 27 50 28 25 12 39 12 16 31 23 6 24 22 14 26 9 28 21 13 13 42 12 49 30 30 15 18 36 4 24 37 24 12 27 12 31 20 27 50 7 49 16 34 0 14 14 27 33 37 25 23
30 12 32 22 19 28 12 16 26 16 41 25 20 28 26 8 19 14 34 10 43 30 36 7 13 8 25 23 11 31 12 26 25 14 19 24 34 33 20 32 3 28 18 28 32 26 22 7 28 24 29 38 17 13 3 28 11 9 30 18 13 17 19 18 12 10 25 7 19 11 31 18 36 17 20 12 15 23 10 10 27 21 18 24 10 28 6 21 37 7 36 16 20 14 0 0 26 32 26 24 10
30 12 32 22 19 28 12 16 26 16 41 25 20 28 26 8 19 14 34 10 43 30 36 7 13 8 25 23 11 31 12 26 25 14 19 24 34 33 20 32 3 28 18 28 32 26 22 7 28 24 29 38 17 13 3 28 11 9 30 18 13 17 19 18 12 10 25 7 19 11 31 18 36 17 20 12 15 23 10 10 27 21 18 24 10 28 6 21 37 7 36 16 20 14 0 0 26 32 26 24 10
46 38 17 34 38 48 38 11 7 40 40 25 8 2 3 20 25 37 42 32 41 25 33 27 39 25 33 3 17 11 33 41 10 35 32 8 42 38 7 47 23 18 15 23 52 36 21 20 25 32 6 39 41 36 29 29 37 35 4 12 33 43 9 41 27 34 9 25 40 16 30 16 42 26 22 14 12 31 25 27 27 7 39 9 17 12 28 14 40 29 41 42 34 27 26 26 0 6 27 2 24
50 43 16 37 43 53 44 17 8 46 40 26 13 4 7 25 28 43 43 37 41 25 33 32 45 31 35 9 22 10 38 45 11 40 36 10 43 38 12 51 29 18 17 23 55 38 23 25 25 34 8 39 46 41 35 30 43 41 3 16 39 48 14 47 30 40 10 30 46 22 30 21 42 29 24 20 17 33 31 32 28 12 45 10 23 12 33 15 40 35 41 48 36 33 32 32 6 0 28 8 29
26 30 15 13 24 30 37 26 20 42 15 2 20 26 30 19 7 40 15 24 17 6 10 20 32 31 8 25 17 19 24 21 17 25 14 19 15 11 22 26 25 11 13 6 32 11 6 20 4 8 33 13 33 28 29 2 36 32 25 16 39 36 19 43 14 36 18 19 45 25 5 33 15 9 7 24 20 7 33 17 1 21 44 18 26 17 22 13 13 33 14 40 16 37 26 26 27 28 0 25 16
44 35 15 32 36 46 36 9 5 38 38 23 6 4 5 18 23 35 40 30 39 23 31 25 37 23 31 1 15 10 31 39 8 33 30 6 40 36 5 45 21 16 13 21 50 34 19 18 23 30 8 37 39 34 27 27 35 33 6 10 31 41 7 39 25 32 7 23 38 14 28 15 40 24 20 12 10 29 23 25 25 5 37 7 15 10 26 12 38 27 39 40 32 25 24 24 2 8 25 0 22
23 16 26 13 14 24 21 18 21 26 31 15 16 25 26 6 9 24 25 10 33 20 26 5 18 17 15 21 7 25 10 18 20 11 10 19 25 23 18 24 10 22 12 19 28 17 13 7 18 14 29 28 19 14 13 18 21 16 26 13 23 22 15 28 3 20 20 3 29 14 21 24 26 7 10 14 13 13 19 3 17 17 28 19 15 22 7 15 27 17 26 25 11 23 10 10 24 29 16 22 0
0         1113     
513       649      
447       598      
0         127      
0         98       
598       744      
293       453      
23        179      
70        191      
302       481      
641       818      
0         149      
38        166      
393       527      
399       543      
239       385      
136       310      
275       469      
110       278      
524       701      
669       857      
60        248      
653       838      
184       345      
491       645      
294       460      
0         132      
446       557      
230       403      
415       618      
540       670      
737       898      
31        209      
501       669      
196       341      
39        193      
95        295      
86        250      
11        163      
0         85       
494       615      
80        216      
1         186      
90        257      
0         69       
127       293      
0         153      
204       384      
110       231      
124       301      
436       587      
631       821      
491       667      
505       694      
277       387      
113       246      
294       455      
470       646      
391       567      
1         160      
340       501      
545       717      
10        143      
282       495      
202       360      
305       465      
56        227      
181       342      
326       499      
363       510      
112       252      
356       539      
134       279      
178       317      
152       297      
10        158      
0         158      
0         128      
383       516      
213       369      
692       869      
64        185      
769       927      
42        171      
47        211      
437       597      
269       384      
18        155      
665       823      
278       459      
665       821      
571       705      
0         135      
340       490      
273       431      
239       387      
375       536      
427       554      
0         144      
485       644      
188       342      
