101
0 28 31 23 30 34 44 37 37 35 18 10 17 31 35 29 52 7 37 21 21 37 27 44 23 10 26 28 40 28 39 30 10 25 31 12 8 17 49 11 29 36 42 44 20 43 25 25 26 31 32 29 27 7 38 13 33 44 27 28 37 36 38 13 28 39 33 45 50 31 5 5 39 22 42 32 44 13 39 46 36 42 19 10 11 31 16 25 28 25 30 43 31 44 21 35 32 18 20 34 43
28 0 20 18 2 20 29 31 31 7 10 19 13 22 23 16 23 26 14 23 14 22 10 20 5 18 27 4 21 5 11 2 34 5 23 30 20 20 21 30 9 23 18 20 10 14 12 19 15 17 5 28 23 34 17 17 10 18 9 1 12 13 14 18 16 18 5 26 22 29 28 33 32 18 19 25 19 15 24 22 33 15 11 21 21 14 24 4 12 16 28 17 24 16 14 27 7 10 11 8 25
31 20 0 35 19 3 13 50 50 20 19 22 25 41 43 4 38 25 34 11 11 6 10 40 19 23 44 16 9 15 29 21 31 23 3 24 27 14 36 25 11 42 38 16 15 27 30 37 33 36 20 45 5 33 10 19 30 37 11 19 32 12 34 28 5 38 23 14 35 47 28 34 51 34 14 43 23 25 43 42 51 33 15 21 20 6 35 21 31 34 45 37 42 29 31 46 27 21 26 28 12
23 18 35 0 20 36 46 16 15 25 15 19 10 8 12 30 36 26 17 32 23 38 25 24 16 17 9 22 39 23 26 20 32 13 36 32 15 27 34 32 26 13 22 38 19 32 8 2 5 9 23 10 33 30 35 20 16 26 24 19 20 31 19 10 29 19 23 44 36 11 26 28 17 1 37 10 37 12 16 27 16 27 19 23 24 30 8 15 10 4 10 24 9 33 4 13 19 13 9 21 43
30 2 19 20 0 18 27 33 33 5 11 20 15 24 25 15 23 27 15 23 14 21 9 21 6 19 29 3 20 4 11 2 35 7 22 30 22 20 21 31 8 25 19 18 10 13 14 21 17 19 3 30 22 35 15 18 11 18 8 1 13 12 15 20 15 19 5 24 21 31 29 34 34 20 17 27 17 17 25 23 35 15 11 21 21 13 26 6 14 18 30 18 26 15 16 29 8 12 13 9 24
34 20 3 36 18 0 10 51 51 19 20 24 26 42 43 5 36 28 33 14 13 3 10 39 19 25 45 15 6 14 28 20 34 23 5 27 29 17 34 28 10 42 37 14 16 25 30 37 33 36 19 46 8 36 8 21 29 36 11 18 31 10 33 30 6 37 22 11 33 47 31 37 51 35 12 43 21 26 43 41 51 32 16 24 23 5 36 21 31 34 46 36 42 27 31 46 26 22 27 27 9
44 29 13 46 27 10 0 60 60 25 30 34 36 51 52 15 40 38 41 24 23 7 20 45 29 35 55 25 7 23 33 29 44 33 13 37 39 27 38 38 20 52 43 14 26 29 40 47 43 46 26 56 17 46 12 31 38 41 21 27 38 15 40 40 16 44 28 4 37 57 41 47 61 45 13 53 23 36 52 46 61 37 26 34 33 15 46 31 41 44 56 41 52 31 41 56 33 32 37 33 3
37 31 50 16 33 51 60 0 1 37 31 34 25 9 9 46 42 41 23 47 39 53 40 27 31 32 11 35 52 36 33 32 47 26 52 47 30 42 40 47 40 11 27 51 35 39 19 14 16 13 35 8 49 44 48 36 23 32 39 32 26 44 25 25 45 23 32 57 42 6 41 42 2 17 49 6 46 28 14 30 4 33 35 38 39 45 21 28 18 15 7 30 7 39 19 3 27 28 23 28 56
37 31 50 15 33 51 60 1 0 36 30 34 25 8 8 45 41 41 22 47 38 53 39 26 30 32 11 34 52 35 32 31 47 25 51 47 30 42 39 47 39 10 26 50 34 38 18 13 15 12 34 8 48 44 47 35 22 31 38 31 25 43 24 25 44 22 31 56 41 6 41 42 2 16 48 5 45 27 13 29 5 32 34 38 39 44 21 27 17 14 7 29 6 38 18 2 26 27 22 27 56
35 7 20 25 5 19 25 37 36 0 16 24 20 28 28 16 19 31 15 25 17 20 11 20 11 24 34 6 17 6 9 5 39 12 23 34 27 23 17 35 9 27 18 15 14 9 18 26 21 23 2 34 23 39 12 22 12 17 10 6 12 9 14 25 16 18 3 21 17 35 33 39 38 25 14 31 12 22 26 22 39 13 15 25 25 14 31 11 17 22 34 17 29 11 21 33 8 17 18 8 21
18 10 19 15 11 20 30 31 30 16 0 9 5 22 25 15 33 17 20 17 8 23 10 27 5 8 24 10 24 11 21 12 25 8 21 20 12 13 31 21 12 26 25 27 4 24 13 17 15 20 14 25 18 24 21 8 16 27 10 10 20 19 21 10 14 24 15 29 32 26 18 23 32 14 25 25 27 7 28 30 31 24 4 12 12 15 16 7 16 15 25 26 23 26 11 27 15 2 7 17 28
10 19 22 19 20 24 34 34 34 24 9 0 10 27 31 19 42 8 29 14 11 27 17 36 14 2 25 18 30 18 30 21 15 16 23 13 6 9 40 13 19 32 33 34 10 33 19 21 21 26 23 27 19 14 28 3 24 35 17 19 28 26 29 9 18 32 24 35 41 29 9 15 36 18 32 29 34 7 34 38 34 33 9 4 5 21 15 16 22 21 28 34 28 35 17 32 23 9 13 25 33
17 13 25 10 15 26 36 25 25 20 5 10 0 17 21 20 35 17 19 22 13 28 15 26 9 8 19 15 29 16 22 15 25 8 26 23 8 17 32 23 17 22 24 32 9 27 9 12 11 16 18 20 23 23 26 11 15 27 15 14 19 24 20 5 19 22 18 34 33 21 18 22 27 9 30 19 32 3 24 29 26 25 9 14 15 20 11 9 12 11 20 25 18 28 7 22 15 3 3 17 33
31 22 41 8 24 42 51 9 8 28 22 27 17 0 4 36 35 34 16 39 30 44 30 20 21 25 10 26 43 27 25 23 40 17 43 40 23 34 33 40 31 6 20 42 26 31 10 6 7 5 26 9 40 38 39 28 15 25 29 23 19 35 18 18 35 16 24 48 35 9 34 36 10 9 41 3 38 20 9 23 11 26 26 31 32 35 15 19 10 6 8 23 2 32 10 6 19 19 14 20 47
35 23 43 12 25 43 52 9 8 28 25 31 21 4 0 38 33 38 14 42 33 45 32 18 23 29 14 27 44 28 24 24 44 18 45 44 27 38 31 44 32 2 18 43 29 30 12 10 10 5 27 11 43 42 40 32 15 23 31 24 17 36 16 22 37 14 24 49 33 11 38 40 10 13 41 5 37 24 5 21 13 24 29 35 36 37 19 20 10 10 10 21 5 30 14 6 19 23 18 20 48
29 16 4 30 15 5 15 46 45 16 15 19 20 36 38 0 35 23 30 11 8 8 6 36 15 20 39 12 11 11 25 17 30 19 7 23 24 12 32 24 7 38 34 15 11 23 26 32 29 32 16 40 7 31 9 16 26 33 7 15 28 9 30 24 1 34 19 16 31 41 26 32 46 29 13 39 21 21 39 38 46 29 11 19 18 2 31 17 27 30 40 33 38 25 26 42 23 17 22 24 14
52 23 38 36 23 36 40 42 41 19 33 42 35 35 33 35 0 49 19 44 36 37 30 15 28 41 45 25 34 25 12 21 57 26 40 53 43 42 2 53 28 31 15 26 33 11 28 36 31 30 20 44 42 56 29 40 20 10 29 23 16 26 17 39 35 19 18 36 3 44 51 56 42 36 27 38 17 38 28 13 46 9 34 44 44 32 43 27 26 32 43 12 37 9 32 39 19 33 32 16 37
7 26 25 26 27 28 38 41 41 31 17 8 17 34 38 23 49 0 36 14 15 31 22 43 21 9 30 25 34 25 37 28 8 24 25 6 11 11 47 6 24 39 41 38 16 40 26 28 28 33 29 33 21 8 32 9 32 43 22 26 36 30 37 16 22 39 31 39 48 35 3 9 43 25 36 36 41 14 41 46 40 41 15 5 5 25 20 24 29 28 34 42 35 41 24 39 31 17 20 33 37
37 14 34 17 15 33 41 23 22 15 20 29 19 16 14 30 19 36 0 37 28 35 24 7 17 27 26 18 32 19 9 13 44 12 37 40 27 33 17 41 23 13 5 30 23 15 11 17 13 11 15 25 37 42 27 28 4 9 23 15 3 24 2 23 30 4 12 36 19 25 37 41 24 18 29 19 22 22 12 10 27 10 24 32 32 28 25 14 8 13 24 7 18 16 15 20 7 19 16 7 36
21 23 11 32 23 14 24 47 47 25 17 14 22 39 42 11 44 14 37 0 9 17 14 43 20 16 39 20 20 19 33 24 20 25 11 13 20 5 42 14 16 43 41 26 14 34 30 34 32 37 24 41 7 22 20 12 33 41 15 22 35 20 37 23 10 41 27 25 42 43 17 23 49 31 24 41 32 20 45 45 48 37 13 11 10 13 29 23 33 32 42 40 40 36 28 44 30 19 24 31 23
21 14 11 23 14 13 23 39 38 17 8 11 13 30 33 8 36 15 28 9 0 16 7 34 11 12 32 11 19 11 25 15 23 16 13 17 16 6 34 18 9 34 32 23 5 26 21 25 23 28 16 33 10 23 17 8 24 32 7 13 26 15 28 17 7 32 18 24 34 34 18 24 40 22 21 32 26 14 36 36 39 28 4 11 10 10 24 14 24 23 33 31 31 28 19 35 21 10 15 22 22
37 22 6 38 21 3 7 53 53 20 23 27 28 44 45 8 37 31 35 17 16 0 13 40 22 28 47 18 4 17 29 23 37 26 6 30 32 20 35 31 13 45 38 12 19 26 33 40 36 39 21 48 10 39 8 24 32 37 14 21 32 11 34 32 9 38 23 8 34 49 34 40 54 37 11 46 21 29 46 42 54 33 19 27 26 8 39 24 34 37 48 37 45 28 34 49 28 25 30 28 6
27 10 10 25 9 10 20 40 39 11 10 17 15 30 32 6 30 22 24 14 7 13 0 30 9 18 34 6 14 5 19 11 30 13 13 24 22 13 28 25 2 32 28 17 7 20 20 26 23 26 10 35 13 30 11 14 20 27 1 9 22 9 24 20 6 28 13 19 28 36 25 31 40 24 15 33 19 17 33 32 41 23 8 18 17 5 26 11 21 24 35 27 32 22 21 36 17 12 17 18 18
44 20 40 24 21 39 45 27 26 20 27 36 26 20 18 36 15 43 7 43 34 40 30 0 23 34 30 24 37 25 12 19 51 19 43 47 34 39 13 48 29 16 2 32 29 17 17 23 19 15 20 29 43 49 32 35 11 5 29 21 8 29 6 29 36 4 17 41 15 29 44 48 27 24 33 23 24 29 13 3 31 9 30 39 39 34 31 20 14 19 28 4 22 16 21 24 13 26 23 12 41
23 5 19 16 6 19 29 31 30 11 5 14 9 21 23 15 28 21 17 20 11 22 9 23 0 13 25 6 23 7 16 7 29 5 21 25 16 16 26 25 10 24 21 23 6 19 11 17 14 18 9 26 20 28 19 12 13 23 8 5 16 15 17 14 14 21 10 28 27 27 23 28 31 16 21 24 23 11 25 26 32 20 7 16 16 14 20 3 13 15 26 22 23 21 12 27 11 6 8 13 27
10 18 23 17 19 25 35 32 32 24 8 2 8 25 29 20 41 9 27 16 12 28 18 34 13 0 23 18 31 19 29 20 16 15 25 15 4 11 39 15 20 30 32 35 11 32 17 19 19 24 22 25 21 15 29 5 23 34 18 18 27 27 28 7 19 30 23 36 40 27 10 15 34 16 33 27 35 5 32 37 32 32 10 6 7 22 13 15 20 19 26 33 26 34 15 30 22 8 11 24 34
26 27 44 9 29 45 55 11 11 34 24 25 19 10 14 39 45 30 26 39 32 47 34 30 25 23 0 31 48 32 35 29 36 22 45 36 19 34 43 36 35 16 30 47 28 41 17 9 14 15 32 3 42 33 44 27 25 35 33 28 29 40 28 16 38 26 32 53 45 5 30 31 13 10 46 9 46 19 19 33 10 36 28 28 29 39 10 24 19 13 4 33 9 42 13 10 28 22 18 30 52
28 4 16 22 3 15 25 35 34 6 10 18 15 26 27 12 25 25 18 20 11 18 6 24 6 18 31 0 17 1 13 5 33 9 19 28 22 17 23 29 5 27 22 17 8 15 16 23 19 21 5 32 19 32 13 16 14 21 5 3 16 9 18 20 12 22 7 22 23 33 27 33 36 21 15 29 17 17 28 26 37 17 9 19 19 10 26 7 16 20 32 21 28 17 18 31 11 12 13 12 21
40 21 9 39 20 6 7 52 52 17 24 30 29 43 44 11 34 34 32 20 19 4 14 37 23 31 48 17 0 16 26 21 40 26 10 33 35 23 32 34 13 44 35 8 21 23 33 40 36 38 18 49 14 42 5 27 29 34 15 20 29 8 31 34 12 35 20 5 31 50 37 43 53 38 7 46 17 31 43 39 54 30 21 30 29 9 40 24 33 37 49 34 45 25 35 48 25 26 30 25 4
28 5 15 23 4 14 23 36 35 6 11 18 16 27 28 11 25 25 19 19 11 17 5 25 7 19 32 1 16 0 14 6 33 10 18 28 23 17 23 29 4 28 23 16 8 15 17 24 20 22 5 33 18 32 11 16 15 22 4 4 17 8 19 21 11 23 8 20 23 34 27 33 37 22 14 30 16 18 29 27 38 18 9 19 19 9 27 8 17 21 33 22 29 17 19 32 12 13 14 13 20
39 11 29 26 11 28 33 33 32 9 21 30 22 25 24 25 12 37 9 33 25 29 19 12 16 29 35 13 26 14 0 9 45 14 32 41 30 30 10 41 18 22 10 21 21 6 18 26 21 20 9 34 32 44 21 28 10 8 18 11 6 18 8 27 25 12 6 30 11 34 39 44 33 26 21 28 13 25 21 13 36 4 22 32 32 23 32 15 16 22 33 8 27 7 22 29 7 21 20 5 30
30 2 21 20 2 20 29 32 31 5 12 21 15 23 24 17 21 28 13 24 15 23 11 19 7 20 29 5 21 6 9 0 36 7 24 32 22 21 19 32 10 23 17 19 12 12 13 21 16 18 3 29 24 35 16 19 9 17 10 2 11 13 13 20 17 17 3 25 20 30 30 35 33 20 18 26 17 17 23 21 34 13 13 23 23 15 26 6 13 17 29 16 25 14 16 28 6 12 13 7 25
10 34 31 32 35 34 44 47 47 39 25 15 25 40 44 30 57 8 44 20 23 37 30 51 29 16 36 33 40 33 45 36 0 31 31 7 17 18 55 6 32 45 48 45 24 48 33 34 35 40 37 39 27 3 39 17 39 50 30 34 43 38 44 22 29 46 39 45 56 41 6 5 49 31 43 42 49 21 48 53 46 48 23 13 13 32 26 31 36 34 40 49 41 49 30 45 38 24 27 40 43
25 5 23 13 7 23 33 26 25 12 8 16 8 17 18 19 26 24 12 25 16 26 13 19 5 15 22 9 26 10 14 7 31 0 26 28 16 21 24 29 14 19 17 25 11 19 7 14 10 13 10 23 25 30 21 16 8 19 12 6 12 18 13 13 19 16 10 30 25 24 25 30 27 13 24 20 24 11 20 22 28 17 12 20 20 18 19 2 8 11 23 18 19 20 9 23 7 7 6 9 30
31 23 3 36 22 5 13 52 51 23 21 23 26 43 45 7 40 25 37 11 13 6 13 43 21 25 45 19 10 18 32 24 31 26 0 24 29 14 38 25 14 45 41 18 17 29 32 38 35 39 23 46 4 33 13 20 33 40 14 22 35 14 37 30 7 41 26 14 37 47 28 34 52 35 17 45 26 27 46 45 52 36 17 21 20 9 37 24 34 36 46 40 44 31 32 48 30 23 28 31 12
12 30 24 32 30 27 37 47 47 34 20 13 23 40 44 23 53 6 40 13 17 30 24 47 25 15 36 28 33 28 41 32 7 28 24 0 17 11 51 1 26 45 45 38 20 43 32 34 34 39 33 39 20 9 32 12 36 47 24 29 40 32 41 22 22 44 34 38 51 41 7 11 49 31 36 42 43 20 47 50 46 44 18 9 8 25 26 27 35 34 40 46 41 45 30 45 35 21 26 37 36
8 20 27 15 22 29 39 30 30 27 12 6 8 23 27 24 43 11 27 20 16 32 22 34 16 4 19 22 35 23 30 22 17 16 29 17 0 15 40 17 24 28 32 39 15 34 17 17 18 23 25 22 25 15 33 9 23 35 22 21 27 31 28 5 23 30 25 40 41 24 11 13 32 14 37 25 39 5 31 37 29 33 14 9 10 26 9 17 20 17 23 33 24 36 13 28 23 10 11 25 38
17 20 14 27 20 17 27 42 42 23 13 9 17 34 38 12 42 11 33 5 6 20 13 39 16 11 34 17 23 17 30 21 18 21 14 11 15 0 40 12 15 39 37 27 10 32 26 29 28 33 22 36 10 19 21 7 29 38 13 19 32 21 33 18 11 37 24 28 40 38 14 20 44 26 25 36 32 15 41 42 43 34 9 7 6 14 24 19 29 28 37 37 35 34 24 39 27 15 20 28 26
49 21 36 34 21 34 38 40 39 17 31 40 32 33 31 32 2 47 17 42 34 35 28 13 26 39 43 23 32 23 10 19 55 24 38 51 40 40 0 51 26 29 13 24 31 9 26 34 29 28 18 42 39 54 27 38 18 8 27 21 14 24 15 37 33 17 16 34 2 42 49 53 40 34 25 36 15 35 26 12 44 7 32 42 42 30 41 24 24 30 41 10 35 7 30 37 16 31 29 14 35
11 30 25 32 31 28 38 47 47 35 21 13 23 40 44 24 53 6 41 14 18 31 25 48 25 15 36 29 34 29 41 32 6 29 25 1 17 12 51 0 27 45 46 39 20 44 32 34 34 39 33 39 21 8 33 13 37 48 25 30 41 33 42 22 23 45 35 39 52 41 6 10 49 31 37 42 44 20 47 51 46 45 19 9 9 26 26 28 35 34 40 47 41 45 30 45 36 22 26 38 37
29 9 11 26 8 10 20 40 39 9 12 19 17 31 32 7 28 24 23 16 9 13 2 29 10 20 35 5 13 4 18 10 32 14 14 26 24 15 26 27 0 32 27 15 9 18 21 27 24 26 9 36 14 32 9 16 19 26 2 8 21 7 23 22 7 27 12 18 26 37 27 33 41 26 13 34 17 19 33 31 42 22 10 20 19 5 28 12 21 25 36 26 33 20 22 36 16 14 18 17 17
36 23 42 13 25 42 52 11 10 27 26 32 22 6 2 38 31 39 13 43 34 45 32 16 24 30 16 27 44 28 22 23 45 19 45 45 28 39 29 45 32 0 16 42 29 28 13 12 11 6 26 13 44 43 39 33 14 21 31 24 16 36 15 23 38 12 23 48 31 13 39 41 11 14 40 7 35 25 3 19 15 23 30 36 37 37 21 21 11 11 12 19 7 29 15 8 18 24 19 19 48
42 18 38 22 19 37 43 27 26 18 25 33 24 20 18 34 15 41 5 41 32 38 28 2 21 32 30 22 35 23 10 17 48 17 41 45 32 37 13 46 27 16 0 31 27 15 16 22 18 15 18 29 41 47 30 33 9 5 27 19 6 27 4 28 34 4 15 39 15 29 42 45 27 23 31 23 22 27 13 5 31 7 28 37 37 32 30 18 13 18 28 3 22 14 20 24 11 24 21 10 39
44 20 16 38 18 14 14 51 50 15 27 34 32 42 43 15 26 38 30 26 23 12 17 32 23 35 47 17 8 16 21 19 45 25 18 38 39 27 24 39 15 42 31 0 24 15 32 39 35 37 16 48 21 46 6 31 27 27 17 19 27 8 29 37 16 33 18 10 23 49 41 47 52 38 2 45 9 34 41 32 53 23 25 34 33 13 43 24 32 36 48 28 44 17 34 47 23 29 30 23 11
20 10 15 19 10 16 26 35 34 14 4 10 9 26 29 11 33 16 23 14 5 19 7 29 6 11 28 8 21 8 21 12 24 11 17 20 15 10 31 20 9 29 27 24 0 23 16 21 19 23 13 29 15 24 18 7 19 28 7 10 22 16 23 13 10 27 15 26 31 30 18 24 36 18 22 28 24 10 31 32 35 25 1 11 11 12 20 9 19 19 29 27 27 25 15 31 17 6 11 18 25
43 14 27 32 13 25 29 39 38 9 24 33 27 31 30 23 11 40 15 34 26 26 20 17 19 32 41 15 23 15 6 12 48 19 29 43 34 32 9 44 18 28 15 15 23 0 24 32 27 26 10 40 30 47 18 30 16 12 19 14 12 15 14 32 24 18 9 25 8 40 41 47 39 32 16 34 7 29 27 17 42 8 24 34 34 21 38 18 22 28 39 13 33 2 28 35 13 24 25 11 26
25 12 30 8 14 30 40 19 18 18 13 19 9 10 12 26 28 26 11 30 21 33 20 17 11 17 17 16 33 17 18 13 33 7 32 32 17 26 26 32 21 13 16 32 16 24 0 8 3 7 16 16 31 32 28 20 8 20 19 13 12 25 12 12 25 13 15 37 28 17 27 30 20 8 31 13 29 12 15 20 21 19 17 23 24 25 14 9 3 4 16 17 12 25 4 16 11 11 6 13 37
25 19 37 2 21 37 47 14 13 26 17 21 12 6 10 32 36 28 17 34 25 40 26 23 17 19 9 23 40 24 26 21 34 14 38 34 17 29 34 34 27 12 22 39 21 32 8 0 5 7 24 9 35 32 35 22 16 26 25 20 20 32 19 12 31 18 23 44 36 10 28 30 15 3 38 8 37 14 15 26 15 27 21 25 26 31 10 16 10 4 9 24 7 33 5 11 19 14 10 21 44
26 15 33 5 17 33 43 16 15 21 15 21 11 7 10 29 31 28 13 32 23 36 23 19 14 19 14 19 36 20 21 16 35 10 35 34 18 28 29 34 24 11 18 35 19 27 3 5 0 5 19 13 33 33 31 22 11 21 22 16 15 28 14 12 28 15 18 40 31 14 28 31 17 5 34 10 32 14 13 22 18 22 19 25 26 28 12 12 5 1 13 19 9 28 4 13 14 13 8 16 40
31 17 36 9 19 36 46 13 12 23 20 26 16 5 5 32 30 33 11 37 28 39 26 15 18 24 15 21 38 22 20 18 40 13 39 39 23 33 28 39 26 6 15 37 23 26 7 7 5 0 21 14 38 38 33 27 10 20 25 18 14 30 13 17 32 11 19 42 30 14 33 36 14 10 36 8 33 19 8 18 16 21 24 30 31 31 17 15 5 5 13 18 7 27 9 10 14 18 13 15 42
32 5 20 23 3 19 26 35 34 2 14 23 18 26 27 16 20 29 15 24 16 21 10 20 9 22 32 5 18 5 9 3 37 10 23 33 25 22 18 33 9 26 18 16 13 10 16 24 19 21 0 32 23 37 13 20 12 17 9 4 12 10 14 23 16 18 3 22 18 33 31 37 35 23 15 29 14 20 26 22 37 13 14 24 24 14 29 9 16 20 32 17 28 12 19 31 8 15 16 8 22
29 28 45 10 30 46 56 8 8 34 25 27 20 9 11 40 44 33 25 41 33 48 35 29 26 25 3 32 49 33 34 29 39 23 46 39 22 36 42 39 36 13 29 48 29 40 16 9 13 14 32 0 43 36 44 29 24 34 34 29 28 41 27 18 39 25 31 53 44 2 33 34 10 11 47 6 45 21 16 32 7 35 29 31 32 40 13 25 18 13 1 32 7 41 14 7 27 23 19 29 53
27 23 5 33 22 8 17 49 48 23 18 19 23 40 43 7 42 21 37 7 10 10 13 43 20 21 42 19 14 18 32 24 27 25 4 20 25 10 39 21 14 44 41 21 15 30 31 35 33 38 23 43 0 29 15 17 33 40 14 22 35 16 37 27 7 41 26 18 38 44 24 30 50 32 19 42 28 24 45 45 49 36 14 17 16 9 34 23 33 33 43 40 41 32 29 45 30 20 25 31 16
7 34 33 30 35 36 46 44 44 39 24 14 23 38 42 31 56 8 42 22 23 39 30 49 28 15 33 32 42 32 44 35 3 30 33 9 15 19 54 8 32 43 47 46 24 47 32 32 33 38 37 36 29 0 40 16 38 49 30 33 42 38 43 20 30 45 38 47 55 38 5 2 46 29 44 39 48 20 46 52 43 47 22 12 13 33 23 30 35 32 37 48 38 49 28 42 37 23 26 39 45
38 17 10 35 15 8 12 48 47 12 21 28 26 39 40 9 29 32 27 20 17 8 11 32 19 29 44 13 5 11 21 16 39 21 13 32 33 21 27 33 9 39 30 6 18 18 28 35 31 33 13 44 15 40 0 25 24 29 11 15 24 3 26 31 10 30 15 9 26 45 35 41 47 33 4 41 13 28 38 34 49 25 19 28 27 7 37 19 28 32 44 29 40 20 30 43 20 23 25 20 9
13 17 19 20 18 21 31 36 35 22 8 3 11 28 32 16 40 9 28 12 8 24 14 35 12 5 27 16 27 16 28 19 17 16 20 12 9 7 38 13 16 33 33 31 7 30 20 22 22 27 20 29 17 16 25 0 24 35 14 17 28 23 29 11 15 32 22 32 38 31 11 17 37 19 29 30 31 8 35 38 36 32 6 4 4 18 18 15 23 22 30 34 29 32 18 33 23 9 14 25 30
33 10 30 16 11 29 38 23 22 12 16 24 15 15 15 26 20 32 4 33 24 32 20 11 13 23 25 14 29 15 10 9 39 8 33 36 23 29 18 37 19 14 9 27 19 16 8 16 11 10 12 24 33 38 24 24 0 11 19 11 4 21 5 20 26 8 9 33 20 24 33 36 24 16 26 18 22 18 14 14 26 11 20 28 28 24 22 10 6 12 23 10 17 17 12 20 4 15 12 5 33
44 18 37 26 18 36 41 32 31 17 27 35 27 25 23 33 10 43 9 41 32 37 27 5 23 34 35 21 34 22 8 17 50 19 40 47 35 38 8 48 26 21 5 27 28 12 20 26 21 20 17 34 40 49 29 35 11 0 26 19 7 26 7 31 33 9 14 37 10 34 44 47 32 26 28 28 19 29 18 5 36 4 29 39 39 31 33 20 16 22 33 2 27 11 23 29 12 26 23 10 38
27 9 11 24 8 11 21 39 38 10 10 17 15 29 31 7 29 22 23 15 7 14 1 29 8 18 33 5 15 4 18 10 30 12 14 24 22 13 27 25 2 31 27 17 7 19 19 25 22 25 9 34 14 30 11 14 19 26 0 8 21 9 23 20 7 27 12 20 27 35 25 31 39 24 15 32 19 17 32 31 40 22 8 18 17 6 26 10 20 23 34 26 31 21 20 35 16 12 16 17 19
28 1 19 19 1 18 27 32 31 6 10 19 14 23 24 15 23 26 15 22 13 21 9 21 5 18 28 3 20 4 11 2 34 6 22 29 21 19 21 30 8 24 19 19 10 14 13 20 16 18 4 29 22 33 15 17 11 19 8 0 13 12 15 19 15 19 5 24 22 30 28 33 32 19 18 26 18 16 25 23 34 15 11 21 21 13 25 5 13 17 29 18 25 16 15 28 8 11 12 9 24
37 12 32 20 13 31 38 26 25 12 20 28 19 19 17 28 16 36 3 35 26 32 22 8 16 27 29 16 29 17 6 11 43 12 35 40 27 32 14 41 21 16 6 27 22 12 12 20 15 14 12 28 35 42 24 28 4 7 21 13 0 21 2 24 28 6 9 33 16 28 37 40 27 20 26 22 19 22 15 10 30 7 23 32 32 26 26 13 10 16 27 6 21 13 16 23 5 19 16 4 33
36 13 12 31 12 10 15 44 43 9 19 26 24 35 36 9 26 30 24 20 15 11 9 29 15 27 40 9 8 8 18 13 38 18 14 32 31 21 24 33 7 36 27 8 16 15 25 32 28 30 10 41 16 38 3 23 21 26 9 12 21 0 23 29 10 27 12 12 23 42 33 39 44 30 6 38 12 26 35 31 46 22 17 26 25 7 35 16 25 29 41 26 37 17 27 40 17 21 22 17 12
38 14 34 19 15 33 40 25 24 14 21 29 20 18 16 30 17 37 2 37 28 34 24 6 17 28 28 18 31 19 8 13 44 13 37 41 28 33 15 42 23 15 4 29 23 14 12 19 14 13 14 27 37 43 26 29 5 7 23 15 2 23 0 24 30 4 11 35 17 27 38 41 26 19 28 21 21 23 13 9 29 8 24 33 33 28 26 14 9 15 26 5 20 15 16 22 7 20 17 6 35
13 18 28 10 20 30 40 25 25 25 10 9 5 18 22 24 39 16 23 23 17 32 20 29 14 7 16 20 34 21 27 20 22 13 30 22 5 18 37 22 22 23 28 37 13 32 12 12 12 17 23 18 27 20 31 11 20 31 20 19 24 29 24 0 23 25 23 39 38 20 16 18 27 9 35 20 37 3 25 32 25 30 13 13 14 25 7 14 15 12 19 29 19 33 8 23 20 8 8 22 38
28 16 5 29 15 6 16 45 44 16 14 18 19 35 37 1 35 22 30 10 7 9 6 36 14 19 38 12 12 11 25 17 29 19 7 22 23 11 33 23 7 38 34 16 10 24 25 31 28 32 16 39 7 30 10 15 26 33 7 15 28 10 30 23 0 34 19 17 32 40 25 31 45 28 14 38 22 20 39 38 45 29 10 18 17 3 30 17 27 29 39 33 37 26 25 41 23 16 21 24 15
39 18 38 19 19 37 44 23 22 18 24 32 22 16 14 34 19 39 4 41 32 38 28 4 21 30 26 22 35 23 12 17 46 16 41 44 30 37 17 45 27 12 4 33 27 18 13 18 15 11 18 25 41 45 30 32 8 9 27 19 6 27 4 25 34 0 15 39 19 25 40 43 23 20 32 19 25 25 9 7 27 11 28 36 36 32 27 18 10 15 24 7 18 18 17 20 11 23 19 10 39
33 5 23 23 5 22 28 32 31 3 15 24 18 24 24 19 18 31 12 27 18 23 13 17 10 23 32 7 20 8 6 3 39 10 26 34 25 24 16 35 12 23 15 18 15 9 15 23 18 19 3 31 26 38 15 22 9 14 12 5 9 12 11 23 19 15 0 24 17 32 33 38 33 23 17 27 14 20 23 19 35 10 16 26 26 17 29 9 14 19 31 14 26 11 19 29 5 15 16 5 24
45 26 14 44 24 11 4 57 56 21 29 35 34 48 49 16 36 39 36 25 24 8 19 41 28 36 53 22 5 20 30 25 45 30 14 38 40 28 34 39 18 48 39 10 26 25 37 44 40 42 22 53 18 47 9 32 33 37 20 24 33 12 35 39 17 39 24 0 33 54 42 48 56 42 9 50 19 36 47 42 58 33 26 35 34 14 45 28 37 41 53 38 49 27 39 52 29 31 34 29 2
50 22 35 36 21 33 37 42 41 17 32 41 33 35 33 31 3 48 19 42 34 34 28 15 27 40 45 23 31 23 11 20 56 25 37 51 41 40 2 52 26 31 15 23 31 8 28 36 31 30 18 44 38 55 26 38 20 10 27 22 16 23 17 38 32 19 17 33 0 44 49 54 42 36 24 38 14 36 28 14 46 9 32 42 42 29 42 26 26 32 43 12 37 6 32 39 18 32 31 16 34
31 29 47 11 31 47 57 6 6 35 26 29 21 9 11 41 44 35 25 43 34 49 36 29 27 27 5 33 50 34 34 30 41 24 47 41 24 38 42 41 37 13 29 49 30 40 17 10 14 14 33 2 44 38 45 31 24 34 35 30 28 42 27 20 40 25 32 54 44 0 35 36 8 12 48 6 46 23 16 32 5 35 30 33 34 41 15 26 18 13 1 32 7 41 15 6 27 24 20 29 54
5 28 28 26 29 31 41 41 41 33 18 9 18 34 38 26 51 3 37 17 18 34 25 44 23 10 30 27 37 27 39 30 6 25 28 7 11 14 49 6 27 39 42 41 18 41 27 28 28 33 31 33 24 5 35 11 33 44 25 28 37 33 38 16 25 40 33 42 49 35 0 6 43 25 39 36 42 15 41 47 40 42 17 7 8 28 20 25 30 28 34 43 35 43 24 39 32 18 21 34 40
5 33 34 28 34 37 47 42 42 39 23 15 22 36 40 32 56 9 41 23 24 40 31 48 28 15 31 33 43 33 44 35 5 30 34 11 13 20 53 10 33 41 45 47 24 47 30 30 31 36 37 34 30 2 41 17 36 47 31 33 40 39 41 18 31 43 38 48 54 36 6 0 44 27 45 37 48 18 43 50 41 46 23 13 14 34 21 30 33 30 35 46 36 49 26 40 36 23 24 38 46
39 32 51 17 34 51 61 2 2 38 32 36 27 10 10 46 42 43 24 49 40 54 40 27 31 34 13 36 53 37 33 33 49 27 52 49 32 44 40 49 41 11 27 52 36 39 20 15 17 14 35 10 50 46 47 37 24 32 39 32 27 44 26 27 45 23 33 56 42 8 43 44 0 18 50 7 46 29 14 30 5 34 36 40 41 45 23 29 19 16 9 30 8 40 20 4 28 29 24 29 56
22 18 34 1 20 35 45 17 16 25 14 18 9 9 13 29 36 25 18 31 22 37 24 24 16 16 10 21 38 22 26 20 31 13 35 31 14 26 34 31 26 14 23 38 18 32 8 3 5 10 23 11 32 29 33 19 16 26 24 19 20 30 19 9 28 20 23 42 36 12 25 27 18 0 36 11 37 11 17 27 17 27 18 22 23 29 7 15 10 5 11 24 10 33 4 14 19 12 8 21 42
42 19 14 37 17 12 13 49 48 14 25 32 30 41 41 13 27 36 29 24 21 11 15 33 21 33 46 15 7 14 21 18 43 24 17 36 37 25 25 37 13 40 31 2 22 16 31 38 34 36 15 47 19 44 4 29 26 28 15 18 26 6 28 35 14 32 17 9 24 48 39 45 50 36 0 44 10 32 40 33 52 24 23 32 31 11 41 22 31 35 47 29 43 18 33 46 22 27 28 22 10
32 25 43 10 27 43 53 6 5 31 25 29 19 3 5 39 38 36 19 41 32 46 33 23 24 27 9 29 46 30 28 26 42 20 45 42 25 36 36 42 34 7 23 45 28 34 13 8 10 8 29 6 42 39 41 30 18 28 32 26 22 38 21 20 38 19 27 50 38 6 36 37 7 11 44 0 40 22 10 26 8 29 28 33 34 38 16 22 13 9 5 26 1 35 13 3 22 22 17 23 50
44 19 23 37 17 21 23 46 45 12 27 34 32 38 37 21 17 41 22 32 26 21 19 24 23 35 46 17 17 16 13 17 49 24 26 43 39 32 15 44 17 35 22 9 24 7 29 37 32 33 14 45 28 48 13 31 22 19 19 18 19 12 21 37 22 25 14 19 14 46 42 48 46 37 10 40 0 34 34 24 48 15 25 35 35 19 43 23 28 33 45 20 39 8 33 42 19 29 30 17 20
13 15 25 12 17 26 36 28 27 22 7 7 3 20 24 21 38 14 22 20 14 29 17 29 11 5 19 17 31 18 25 17 21 11 27 20 5 15 35 20 19 25 27 34 10 29 12 14 14 19 20 21 24 20 28 8 18 29 17 16 22 26 23 3 20 25 20 36 36 23 15 18 29 11 32 22 34 0 27 32 28 28 10 11 12 22 10 12 15 14 22 28 21 31 10 25 18 5 6 20 35
39 24 43 16 25 43 52 14 13 26 28 34 24 9 5 39 28 41 12 45 36 46 33 13 25 32 19 28 43 29 21 23 48 20 46 47 31 41 26 47 33 3 13 41 31 27 15 15 13 8 26 16 45 46 38 35 14 18 32 25 15 35 13 25 39 9 23 47 28 16 41 43 14 17 40 10 34 27 0 16 18 20 32 38 39 38 24 22 12 13 15 16 10 27 17 11 18 26 21 19 47
46 22 42 27 23 41 46 30 29 22 30 38 29 23 21 38 13 46 10 45 36 42 32 3 26 37 33 26 39 27 13 21 53 22 45 50 37 42 12 51 31 19 5 32 32 17 20 26 22 18 22 32 45 52 34 38 14 5 31 23 10 31 9 32 38 7 19 42 14 32 47 50 30 27 33 26 24 32 16 0 34 9 33 42 42 36 34 23 17 22 31 5 25 16 24 27 15 29 26 14 43
36 33 51 16 35 51 61 4 5 39 31 34 26 11 13 46 46 40 27 48 39 54 41 31 32 32 10 37 54 38 36 34 46 28 52 46 29 43 44 46 42 15 31 53 35 42 21 15 18 16 37 7 49 43 49 36 26 36 40 34 30 46 29 25 45 27 35 58 46 5 40 41 5 17 52 8 48 28 18 34 0 37 35 38 39 46 20 30 21 17 6 34 9 43 20 7 30 29 25 31 58
42 15 33 27 15 32 37 33 32 13 24 33 25 26 24 29 9 41 10 37 28 33 23 9 20 32 36 17 30 18 4 13 48 17 36 44 33 34 7 45 22 23 7 23 25 8 19 27 22 21 13 35 36 47 25 32 11 4 22 15 7 22 8 30 29 11 10 33 9 35 42 46 34 27 24 29 15 28 20 9 37 0 26 36 36 27 33 17 17 23 34 5 28 7 23 30 9 24 22 7 34
19 11 15 19 11 16 26 35 34 15 4 9 9 26 29 11 34 15 24 13 4 19 8 30 7 10 28 9 21 9 22 13 23 12 17 18 14 9 32 19 10 30 28 25 1 24 17 21 19 24 14 29 14 22 19 6 20 29 8 11 23 17 24 13 10 28 16 26 32 30 17 23 36 18 23 28 25 10 32 33 35 26 0 10 10 12 20 10 20 19 29 28 27 26 15 31 18 6 11 19 25
10 21 21 23 21 24 34 38 38 25 12 4 14 31 35 19 44 5 32 11 11 27 18 39 16 6 28 19 30 19 32 23 13 20 21 9 9 7 42 9 20 36 37 34 11 34 23 25 25 30 24 31 17 12 28 4 28 39 18 21 32 26 33 13 18 36 26 35 42 33 7 13 40 22 32 33 35 11 38 42 38 36 10 0 1 21 18 19 26 25 32 38 32 36 21 36 27 13 17 29 33
11 21 20 24 21 23 33 39 39 25 12 5 15 32 36 18 44 5 32 10 10 26 17 39 16 7 29 19 29 19 32 23 13 20 20 8 10 6 42 9 19 37 37 33 11 34 24 26 26 31 24 32 16 13 27 4 28 39 17 21 32 25 33 14 17 36 26 34 42 34 8 14 41 23 31 34 35 12 39 42 39 36 10 1 0 20 19 19 27 26 33 38 33 36 22 37 27 13 18 29 32
31 14 6 30 13 5 15 45 44 14 15 21 20 35 37 2 32 25 28 13 10 8 5 34 14 22 39 10 9 9 23 15 32 18 9 25 26 14 30 26 5 37 32 13 12 21 25 31 28 31 14 40 9 33 7 18 24 31 6 13 26 7 28 25 3 32 17 14 29 41 28 34 45 29 11 38 19 22 38 36 46 27 12 21 20 0 31 16 26 29 40 31 37 23 26 41 21 17 22 22 13
16 24 35 8 26 36 46 21 21 31 16 15 11 15 19 31 43 20 25 29 24 39 26 31 20 13 10 26 40 27 32 26 26 19 37 26 9 24 41 26 28 21 30 43 20 38 14 10 12 17 29 13 34 23 37 18 22 33 26 25 26 35 26 7 30 27 29 45 42 15 20 21 23 7 41 16 43 10 24 34 20 33 20 18 19 31 0 20 17 12 14 31 15 39 10 19 25 14 13 27 44
25 4 21 15 6 21 31 28 27 11 7 16 9 19 20 17 27 24 14 23 14 24 11 20 3 15 24 7 24 8 15 6 31 2 24 27 17 19 24 28 12 21 18 24 9 18 9 16 12 15 9 25 23 30 19 15 10 20 10 5 13 16 14 14 17 18 9 28 26 26 25 30 29 15 22 22 23 12 22 23 30 17 10 19 19 16 20 0 10 13 25 19 21 20 11 25 8 7 7 10 28
28 12 31 10 14 31 41 18 17 17 16 22 12 10 10 27 26 29 8 33 24 34 21 14 13 20 19 16 33 17 16 13 36 8 34 35 20 29 24 35 21 11 13 32 19 22 3 10 5 5 16 18 33 35 28 23 6 16 20 13 10 25 9 15 27 10 14 37 26 18 30 33 19 10 31 13 28 15 12 17 21 17 20 26 27 26 17 10 0 6 17 14 12 23 7 15 9 14 9 11 37
25 16 34 4 18 34 44 15 14 22 15 21 11 6 10 30 32 28 13 32 23 37 24 19 15 19 13 20 37 21 22 17 34 11 36 34 17 28 30 34 25 11 18 36 19 28 4 4 1 5 20 13 33 32 32 22 12 22 23 17 16 29 15 12 29 15 19 41 32 13 28 30 16 5 35 9 33 14 13 22 17 23 19 25 26 29 12 13 6 0 12 20 8 29 4 12 15 13 8 17 41
30 28 45 10 30 46 56 7 7 34 25 28 20 8 10 40 43 34 24 42 33 48 35 28 26 26 4 32 49 33 33 29 40 23 46 40 23 37 41 40 36 12 28 48 29 39 16 9 13 13 32 1 43 37 44 30 23 33 34 29 27 41 26 19 39 24 31 53 43 1 34 35 9 11 47 5 45 22 15 31 6 34 29 32 33 40 14 25 17 12 0 31 6 40 14 6 26 23 19 28 53
43 17 37 24 18 36 41 30 29 17 26 34 25 23 21 33 12 42 7 40 31 37 27 4 22 33 33 21 34 22 8 16 49 18 40 46 33 37 10 47 26 19 3 28 27 13 17 24 19 18 17 32 40 48 29 34 10 2 26 18 6 26 5 29 33 7 14 38 12 32 43 46 30 24 29 26 20 28 16 5 34 5 28 38 38 31 31 19 14 20 31 0 25 12 21 27 11 25 22 9 38
31 24 42 9 26 42 52 7 6 29 23 28 18 2 5 38 37 35 18 40 31 45 32 22 23 26 9 28 45 29 27 25 41 19 44 41 24 35 35 41 33 7 22 44 27 33 12 7 9 7 28 7 41 38 40 29 17 27 31 25 21 37 20 19 37 18 26 49 37 7 35 36 8 10 43 1 39 21 10 25 9 28 27 32 33 37 15 21 12 8 6 25 0 34 12 4 21 21 16 22 49
44 16 29 33 15 27 31 39 38 11 26 35 28 32 30 25 9 41 16 36 28 28 22 16 21 34 42 17 25 17 7 14 49 20 31 45 36 34 7 45 20 29 14 17 25 2 25 33 28 27 12 41 32 49 20 32 17 11 21 16 13 17 15 33 26 18 11 27 6 41 43 49 40 33 18 35 8 31 27 16 43 7 26 36 36 23 39 20 23 29 40 12 34 0 29 36 14 26 26 12 28
21 14 31 4 16 31 41 19 18 21 11 17 7 10 14 26 32 24 15 28 19 34 21 21 12 15 13 18 35 19 22 16 30 9 32 30 13 24 30 30 22 15 20 34 15 28 4 5 4 9 19 14 29 28 30 18 12 23 20 15 16 27 16 8 25 17 19 39 32 15 24 26 20 4 33 13 33 10 17 24 20 23 15 21 22 26 10 11 7 4 14 21 12 29 0 16 15 9 5 17 39
35 27 46 13 29 46 56 3 2 33 27 32 22 6 6 42 39 39 20 44 35 49 36 24 27 30 10 31 48 32 29 28 45 23 48 45 28 39 37 45 36 8 24 47 31 35 16 11 13 10 31 7 45 42 43 33 20 29 35 28 23 40 22 23 41 20 29 52 39 6 39 40 4 14 46 3 42 25 11 27 7 30 31 36 37 41 19 25 15 12 6 27 4 36 16 0 24 25 20 25 52
32 7 27 19 8 26 33 27 26 8 15 23 15 19 19 23 19 31 7 30 21 28 17 13 11 22 28 11 25 12 7 6 38 7 30 35 23 27 16 36 16 18 11 23 17 13 11 19 14 14 8 27 30 37 20 23 4 12 16 8 5 17 7 20 23 11 5 29 18 27 32 36 28 19 22 22 19 18 18 15 30 9 18 27 27 21 25 8 9 15 26 11 21 14 15 24 0 14 13 2 29
18 10 21 13 12 22 32 28 27 17 2 9 3 19 23 17 33 17 19 19 10 25 12 26 6 8 22 12 26 13 21 12 24 7 23 21 10 15 31 22 14 24 24 29 6 24 11 14 13 18 15 23 20 23 23 9 15 26 12 11 19 21 20 8 16 23 15 31 32 24 18 23 29 12 27 22 29 5 26 29 29 24 6 13 13 17 14 7 14 13 23 25 21 26 9 25 14 0 5 16 30
20 11 26 9 13 27 37 23 22 18 7 13 3 14 18 22 32 20 16 24 15 30 17 23 8 11 18 13 30 14 20 13 27 6 28 26 11 20 29 26 18 19 21 30 11 25 6 10 8 13 16 19 25 26 25 14 12 23 16 12 16 22 17 8 21 19 16 34 31 20 21 24 24 8 28 17 30 6 21 26 25 22 11 17 18 22 13 7 9 8 19 22 16 26 5 20 13 5 0 15 34
34 8 28 21 9 27 33 28 27 8 17 25 17 20 20 24 16 33 7 31 22 28 18 12 13 24 30 12 25 13 5 7 40 9 31 37 25 28 14 38 17 19 10 23 18 11 13 21 16 15 8 29 31 39 20 25 5 10 17 9 4 17 6 22 24 10 5 29 16 29 34 38 29 21 22 23 17 20 19 14 31 7 19 29 29 22 27 10 11 17 28 9 22 12 17 25 2 16 15 0 29
43 25 12 43 24 9 3 56 56 21 28 33 33 47 48 14 37 37 36 23 22 6 18 41 27 34 52 21 4 20 30 25 43 30 12 36 38 26 35 37 17 48 39 11 25 26 37 44 40 42 22 53 16 45 9 30 33 38 19 24 33 12 35 38 15 39 24 2 34 54 40 46 56 42 10 50 20 35 47 43 58 34 25 33 32 13 44 28 37 41 53 38 49 28 39 52 29 30 34 29 0
0         1043     
13        147      
20        178      
160       301      
4         156      
23        167      
40        212      
231       367      
232       381      
414       571      
142       290      
0         91       
0         118      
203       348      
207       332      
48        169      
601       740      
324       470      
543       694      
117       261      
117       270      
50        196      
4         162      
600       729      
0         128      
0         99       
269       384      
12        129      
47        201      
451       571      
468       626      
390       555      
341       478      
164       310      
75        249      
336       483      
324       438      
344       456      
580       724      
364       490      
0         133      
207       339      
485       632      
437       577      
128       272      
763       877      
177       299      
289       431      
182       314      
208       339      
663       802      
271       407      
94        235      
355       483      
420       554      
0         104      
517       679      
470       632      
0         150      
0         134      
482       596      
424       551      
524       673      
729       845      
21        183      
521       648      
404       535      
676       807      
615       731      
264       414      
0         87       
360       512      
234       365      
185       322      
423       554      
201       359      
620       791      
0         119      
211       354      
493       633      
231       386      
490       608      
395       524      
0         84       
340       469      
24        152      
284       422      
0         142      
520       680      
170       322      
237       398      
505       645      
224       377      
622       755      
180       325      
278       420      
467       601      
0         122      
0         124      
492       596      
36        203      
