101
0 11 12 17 32 40 5 27 36 29 14 34 33 13 5 32 27 7 37 45 34 18 18 9 10 32 15 5 16 21 21 25 30 21 27 33 30 28 12 36 14 7 22 13 30 12 33 25 29 28 7 5 28 9 17 17 6 31 16 11 21 30 33 14 40 2 19 14 11 13 22 17 22 10 12 11 5 15 14 10 16 13 21 13 32 36 16 24 11 34 21 19 44 19 13 28 13 13 23 6 10
11 0 8 6 38 40 9 32 41 32 24 34 24 6 12 37 18 13 46 45 29 14 23 9 21 23 11 8 17 22 16 23 37 17 38 42 38 19 10 36 24 15 29 24 21 5 31 27 23 19 18 6 18 17 28 9 10 35 23 22 26 34 24 21 41 13 18 25 11 22 23 24 14 7 17 22 14 20 13 18 5 9 31 19 42 35 7 34 22 39 13 26 44 26 24 19 4 23 18 17 7
12 8 0 10 30 32 7 24 33 24 26 26 23 14 15 29 17 16 42 37 22 6 15 15 20 20 3 7 9 14 9 15 30 9 33 36 32 16 17 28 22 18 23 25 20 4 23 19 17 16 15 8 20 20 27 5 6 27 26 23 18 26 21 17 33 13 10 22 3 25 15 18 10 2 21 19 12 12 5 21 9 1 29 13 38 27 6 32 23 31 9 19 36 21 25 16 6 25 11 16 14
17 6 10 0 40 40 14 34 43 34 30 34 18 10 18 39 12 19 52 44 27 13 25 15 27 17 13 13 19 24 15 23 40 16 43 46 42 13 16 35 29 21 33 30 15 6 29 29 20 15 23 12 12 23 34 8 14 37 29 28 28 36 18 26 41 19 20 30 13 28 25 28 12 9 23 27 19 22 15 24 1 11 36 22 47 34 5 39 28 41 11 28 43 30 30 14 4 29 16 22 13
32 38 30 40 0 17 29 6 5 8 36 15 46 43 36 5 42 38 25 21 28 27 15 40 29 42 27 30 21 16 26 21 11 24 23 19 16 37 43 18 24 39 13 35 41 34 24 12 30 33 26 34 45 39 32 32 28 7 46 33 12 8 39 19 16 30 20 23 27 38 15 15 30 31 43 25 27 18 25 39 39 29 27 19 23 21 35 25 33 5 30 13 21 16 33 36 36 35 26 28 41
40 40 32 40 17 0 35 15 12 12 49 6 41 46 45 12 39 47 42 5 18 27 21 47 42 36 28 36 23 18 25 17 28 23 40 36 33 35 49 5 38 47 27 48 39 35 13 14 24 30 37 39 44 49 46 31 33 10 56 45 18 10 34 31 2 39 21 36 29 49 18 28 29 33 52 38 36 24 26 49 38 30 41 28 40 8 34 41 45 12 29 25 5 30 46 33 36 47 24 39 45
5 9 7 14 29 35 0 23 32 25 19 29 30 14 10 28 24 12 37 40 28 13 14 12 13 27 10 1 11 16 16 20 28 16 29 33 29 23 15 31 15 12 20 18 26 8 28 21 24 23 8 5 25 14 20 12 1 27 21 16 17 26 28 13 35 6 14 15 6 18 17 15 17 5 17 12 5 11 9 15 13 8 22 10 33 31 12 25 16 30 16 17 39 18 18 23 10 18 18 9 12
27 32 24 34 6 15 23 0 9 4 34 12 40 37 32 5 36 34 27 19 23 21 9 35 26 35 21 24 15 10 20 15 13 18 25 21 18 31 38 16 22 34 12 32 35 28 19 6 24 27 23 28 39 36 30 26 22 5 43 30 6 5 33 16 14 26 14 21 21 35 9 12 24 25 39 22 23 12 19 36 33 23 26 15 25 18 29 26 30 7 24 10 19 15 30 30 30 32 20 25 35
36 41 33 43 5 12 32 9 0 9 41 13 47 46 41 4 43 43 30 16 27 30 18 44 34 42 30 33 24 19 29 21 16 27 28 24 21 39 47 15 29 43 18 40 43 37 22 14 30 34 31 37 48 44 37 35 31 6 51 38 15 7 40 24 11 35 23 28 30 43 18 20 33 34 48 30 32 21 28 44 42 32 32 24 28 18 38 30 38 2 33 18 16 21 38 37 39 40 28 33 44
29 32 24 34 8 12 25 4 9 0 37 8 38 38 34 5 34 36 31 17 20 21 10 37 30 34 21 26 15 10 20 13 17 18 29 25 22 31 40 12 26 36 16 36 35 28 16 5 22 26 26 30 39 38 34 26 23 3 45 34 7 2 32 20 12 28 14 25 21 38 9 16 24 25 41 26 25 13 19 38 33 23 30 17 29 14 29 30 34 7 24 14 17 18 34 29 30 36 19 28 36
14 24 26 30 36 49 19 34 41 37 0 43 47 23 12 39 41 13 32 53 47 32 27 17 7 46 29 19 28 32 35 37 30 35 23 30 28 42 19 47 12 10 23 1 44 26 45 34 43 42 11 18 42 10 6 31 20 39 13 3 30 39 47 17 48 13 31 13 25 4 32 20 36 24 14 10 14 24 28 9 29 27 15 20 29 47 30 19 3 40 35 22 53 20 2 42 27 1 37 10 19
34 34 26 34 15 6 29 12 13 8 43 0 35 40 39 10 33 41 39 11 14 21 15 40 36 30 22 29 17 12 19 11 25 17 37 33 30 29 43 4 33 41 24 42 33 29 9 8 18 24 31 33 38 43 41 25 27 8 50 39 12 7 28 25 8 33 15 31 23 43 12 23 23 27 46 32 30 18 20 43 32 24 38 22 37 6 28 38 39 12 23 21 11 26 40 27 30 41 18 33 39
33 24 23 18 46 41 30 40 47 38 47 35 0 28 36 43 6 37 64 44 23 20 33 33 43 5 22 29 27 29 19 25 50 20 56 58 54 7 34 36 45 39 44 46 3 21 28 33 17 12 38 29 7 41 50 18 29 40 47 44 34 39 7 40 43 34 25 45 25 46 30 40 15 24 41 42 35 32 24 42 19 23 52 34 60 33 17 54 44 44 16 39 44 43 46 9 20 46 19 38 31
13 6 14 10 43 46 14 37 46 38 23 40 28 0 10 42 22 10 50 51 35 20 28 5 22 27 17 13 23 28 22 29 42 23 40 46 42 23 6 42 27 12 34 22 25 11 37 33 29 25 20 9 21 13 27 15 15 41 19 21 31 40 28 26 47 15 24 27 17 20 29 29 20 13 13 24 17 25 19 14 9 15 34 24 45 41 13 37 20 44 19 31 50 31 22 23 10 21 24 19 3
5 12 15 18 36 45 10 32 41 34 12 39 36 10 0 37 30 2 40 50 37 21 23 5 12 35 18 9 21 26 24 30 34 24 30 37 34 31 8 41 17 3 26 12 33 15 38 30 32 31 11 7 30 5 17 20 11 36 12 11 26 35 36 18 45 6 24 18 15 10 27 21 25 13 7 14 9 20 18 6 17 16 24 17 36 41 19 27 10 39 24 23 49 23 12 31 16 11 26 9 7
32 37 29 39 5 12 28 5 4 5 39 10 43 42 37 0 39 39 30 16 23 26 14 40 31 38 26 29 20 15 25 17 16 23 28 24 21 35 43 13 27 39 17 37 39 33 19 10 26 30 28 33 44 41 35 31 27 2 48 35 11 3 36 21 11 31 19 26 26 40 14 17 29 30 44 27 28 17 24 41 38 28 31 20 28 16 34 30 35 2 29 15 16 20 35 33 35 37 24 30 40
27 18 17 12 42 39 24 36 43 34 41 33 6 22 30 39 0 31 59 42 21 15 28 27 37 5 17 24 22 25 15 22 45 17 50 53 49 4 28 34 39 33 39 40 3 16 26 30 15 9 32 23 5 35 44 12 23 37 41 38 30 36 7 34 41 29 21 39 19 40 26 34 11 19 35 36 29 27 19 36 13 17 46 29 54 31 12 49 38 41 11 34 42 37 40 6 14 40 15 33 25
7 13 16 19 38 47 12 34 43 36 13 41 37 10 2 39 31 0 41 52 38 22 25 5 13 36 19 11 23 28 25 31 36 25 32 39 36 32 6 43 19 2 28 12 34 16 39 32 33 32 13 8 31 4 18 21 13 38 10 12 28 37 37 20 47 8 26 20 17 10 29 23 26 14 5 16 11 22 20 5 18 17 25 19 38 43 20 28 11 41 25 25 51 25 13 32 17 11 27 11 7
37 46 42 52 25 42 37 27 30 31 32 39 64 50 40 30 59 41 0 46 50 43 30 45 28 60 41 38 36 36 44 42 14 43 9 6 10 56 47 43 22 40 19 32 60 45 46 33 50 52 29 41 62 41 26 46 37 32 45 31 31 32 58 24 41 34 37 21 38 36 35 23 48 41 45 25 31 31 39 40 49 40 17 28 3 45 46 13 32 30 47 23 46 20 30 54 46 33 44 30 46
45 45 37 44 21 5 40 19 16 17 53 11 44 51 50 16 42 52 46 0 21 31 26 51 45 39 33 40 28 23 29 21 32 27 44 40 37 38 54 8 41 52 31 51 42 40 16 19 27 33 42 44 47 54 49 35 38 14 61 49 23 15 37 35 5 44 26 40 34 54 23 31 33 38 57 41 41 29 31 54 42 35 45 33 44 11 38 45 49 16 33 29 0 34 49 36 40 51 27 44 50
34 29 22 27 28 18 28 23 27 20 47 14 23 35 37 23 21 38 50 21 0 16 22 37 41 18 19 29 19 16 13 10 36 13 46 44 41 17 39 13 40 40 33 46 21 25 5 17 7 13 36 30 26 42 48 20 27 21 48 44 21 21 16 33 20 34 16 39 22 46 17 31 15 24 43 39 33 24 19 43 27 21 46 28 48 10 22 46 44 25 16 29 21 34 46 15 25 46 11 37 36
18 14 6 13 27 27 13 21 30 21 32 21 20 20 21 26 15 22 43 31 16 0 13 21 26 17 3 13 7 11 3 10 30 4 36 38 34 13 23 23 26 24 24 31 17 9 18 16 11 10 21 14 19 26 33 5 12 24 32 29 15 23 16 20 29 19 7 25 7 31 12 20 5 8 27 24 18 12 4 27 12 5 33 14 40 22 8 34 29 28 4 19 31 23 31 12 10 31 5 22 20
18 23 15 25 15 21 14 9 18 10 27 15 33 28 23 14 28 25 30 26 22 13 0 26 20 29 12 15 6 6 14 12 17 12 24 25 21 25 29 19 18 25 11 26 29 19 20 7 20 21 16 19 32 27 26 17 13 13 34 24 3 12 27 11 22 17 7 17 12 28 5 9 18 16 30 18 15 3 10 27 24 14 24 7 27 20 20 24 24 16 17 7 26 12 25 24 21 26 14 18 26
9 9 15 15 40 47 12 35 44 37 17 40 33 5 5 40 27 5 45 51 37 21 26 0 17 32 18 11 23 28 24 30 39 24 35 42 39 28 3 43 22 7 31 17 30 13 38 33 31 28 16 7 26 8 22 18 13 39 14 16 29 38 33 23 47 11 25 23 16 14 29 26 23 13 8 19 14 23 19 9 14 16 29 21 41 42 16 32 15 42 22 28 51 28 17 28 13 16 26 14 2
10 21 20 27 29 42 13 26 34 30 7 36 43 22 12 31 37 13 28 45 41 26 20 17 0 40 23 13 22 25 29 31 23 29 19 26 23 36 19 39 6 12 16 6 39 21 39 27 37 36 5 15 38 13 7 25 14 31 18 4 23 31 41 10 40 8 25 7 19 9 24 13 30 18 17 3 8 17 22 12 25 21 12 13 25 40 25 15 5 33 29 15 45 13 5 36 23 6 31 4 19
32 23 20 17 42 36 27 35 42 34 46 30 5 27 35 38 5 36 60 39 18 17 29 32 40 0 19 27 23 25 15 20 46 16 53 54 50 4 33 31 42 38 40 45 3 20 23 29 12 7 35 28 9 40 47 15 26 35 46 43 30 34 2 37 38 33 21 42 22 45 26 36 12 22 40 39 32 28 21 41 18 20 49 31 56 28 16 51 43 39 13 35 39 39 45 5 19 45 14 36 30
15 11 3 13 27 28 10 21 30 21 29 22 22 17 18 26 17 19 41 33 19 3 12 18 23 19 0 10 6 11 6 12 29 6 34 36 32 15 20 25 23 21 22 28 19 7 20 16 14 13 18 11 20 23 30 5 9 24 29 26 15 23 19 17 30 16 7 23 4 28 12 17 7 5 24 21 15 10 2 24 12 2 30 12 37 24 8 32 26 28 6 17 33 20 28 14 9 28 8 19 17
5 8 7 13 30 36 1 24 33 26 19 29 29 13 9 29 24 11 38 40 29 13 15 11 13 27 10 0 12 17 16 21 29 16 29 33 29 23 14 32 16 12 21 18 26 8 29 22 24 23 9 4 25 14 20 12 2 28 21 16 18 27 28 13 36 6 15 16 6 18 18 16 17 5 16 13 6 12 9 15 12 8 23 11 34 32 12 26 16 31 16 18 40 18 18 23 10 18 18 9 11
16 17 9 19 21 23 11 15 24 15 28 17 27 23 21 20 22 23 36 28 19 7 6 23 22 23 6 12 0 5 8 9 23 7 29 31 27 20 26 20 21 23 17 27 24 13 17 10 15 16 17 15 26 25 29 11 10 18 32 25 9 17 22 14 24 17 3 20 6 28 6 13 12 10 28 20 14 5 4 26 18 8 27 9 33 20 14 28 25 22 11 12 28 16 27 18 15 27 9 18 22
21 22 14 24 16 18 16 10 19 10 32 12 29 28 26 15 25 28 36 23 16 11 6 28 25 25 11 17 5 0 10 6 22 8 30 30 26 21 31 15 24 28 17 31 25 18 14 5 15 17 21 20 29 30 32 16 15 13 37 29 5 12 23 17 19 22 4 23 11 33 1 15 14 15 33 23 19 8 9 31 23 13 30 12 33 15 19 30 29 17 14 13 23 18 30 20 20 31 10 23 27
21 16 9 15 26 25 16 20 29 20 35 19 19 22 24 25 15 25 44 29 13 3 14 24 29 15 6 16 8 10 0 8 31 2 37 39 35 12 26 21 29 27 25 34 16 12 15 15 8 8 24 17 19 29 36 7 15 23 35 32 15 22 14 22 27 22 7 28 10 34 11 21 4 11 30 27 21 13 7 30 14 8 35 17 41 19 10 36 32 27 4 20 29 24 34 10 12 34 2 25 23
25 23 15 23 21 17 20 15 21 13 37 11 25 29 30 17 22 31 42 21 10 10 12 30 31 20 12 21 9 6 8 0 28 6 36 36 32 18 32 13 30 32 23 36 22 19 8 9 9 13 26 23 27 34 38 14 19 15 41 34 11 14 19 23 19 26 6 29 14 37 7 21 12 17 36 29 23 14 11 35 21 14 36 18 39 12 17 36 34 19 12 19 21 24 36 16 19 36 7 27 29
30 37 30 40 11 28 28 13 16 17 30 25 50 42 34 16 45 36 14 32 36 30 17 39 23 46 29 29 23 22 31 28 0 29 12 8 5 42 42 29 18 35 8 29 46 34 32 19 37 38 23 33 49 36 25 34 27 18 41 27 17 18 44 16 27 28 24 17 27 32 21 13 35 30 40 20 25 18 26 35 38 29 17 18 12 31 35 15 28 16 34 11 32 11 28 41 35 29 31 25 40
21 17 9 16 24 23 16 18 27 18 35 17 20 23 24 23 17 25 43 27 13 4 12 24 29 16 6 16 7 8 2 6 29 0 36 37 33 13 26 19 28 27 23 34 17 13 14 13 8 9 24 17 21 29 36 8 15 21 35 32 13 20 15 21 25 22 5 27 10 34 9 20 6 11 30 27 21 12 7 30 15 8 34 16 39 18 11 35 32 25 6 19 27 23 34 12 13 34 2 25 23
27 38 33 43 23 40 29 25 28 29 23 37 56 40 30 28 50 32 9 44 46 36 24 35 19 53 34 29 29 30 37 36 12 36 0 8 8 49 38 41 13 31 13 23 53 36 43 29 44 45 20 32 53 32 17 38 28 30 36 22 25 30 51 16 39 25 31 13 30 27 29 16 41 33 36 16 23 24 32 31 41 32 8 21 6 43 38 4 23 28 40 17 44 13 21 47 38 24 38 21 37
33 42 36 46 19 36 33 21 24 25 30 33 58 46 37 24 53 39 6 40 44 38 25 42 26 54 36 33 31 30 39 36 8 37 8 0 4 50 45 37 20 38 14 30 54 40 40 27 45 46 26 37 56 39 24 41 32 26 43 29 25 26 52 20 35 31 32 19 33 34 29 18 43 36 43 23 29 25 33 38 44 35 15 23 4 39 41 12 30 24 41 18 40 15 28 49 41 31 39 28 43
30 38 32 42 16 33 29 18 21 22 28 30 54 42 34 21 49 36 10 37 41 34 21 39 23 50 32 29 27 26 35 32 5 33 8 4 0 46 42 34 17 35 10 28 50 36 37 24 41 42 23 33 52 36 23 37 28 23 40 26 21 23 48 16 32 28 28 16 29 31 25 14 39 32 40 20 25 21 29 35 40 31 14 19 7 36 37 11 27 21 37 14 37 11 26 45 37 28 35 25 40
28 19 16 13 37 35 23 31 39 31 42 29 7 23 31 35 4 32 56 38 17 13 25 28 36 4 15 23 20 21 12 18 42 13 49 50 46 0 29 30 38 34 36 41 4 16 22 26 11 5 31 24 9 36 43 11 22 33 42 39 26 32 5 32 37 29 18 38 18 41 22 32 8 18 36 35 28 25 17 37 14 16 45 27 52 27 12 47 39 37 9 32 38 35 41 2 15 41 12 32 26
12 10 17 16 43 49 15 38 47 40 19 43 34 6 8 43 28 6 47 54 39 23 29 3 19 33 20 14 26 31 26 32 42 26 38 45 42 29 0 45 25 8 34 18 31 15 40 36 33 29 19 10 27 9 24 19 16 42 13 18 32 41 34 26 50 14 27 26 19 15 32 29 24 15 7 22 17 26 22 10 15 18 31 24 44 44 17 34 17 45 23 31 53 31 19 29 14 17 28 17 3
36 36 28 35 18 5 31 16 15 12 47 4 36 42 41 13 34 43 43 8 13 23 19 43 39 31 25 32 20 15 21 13 29 19 41 37 34 30 45 0 37 43 28 45 34 32 8 12 19 25 35 35 39 45 45 27 30 11 52 43 16 11 29 29 7 36 18 35 26 47 15 27 24 30 48 36 34 22 23 46 34 27 42 26 41 3 30 42 43 14 24 25 8 30 44 28 32 45 19 37 42
14 24 22 29 24 38 15 22 29 26 12 33 45 27 17 27 39 19 22 41 40 26 18 22 6 42 23 16 21 24 29 30 18 28 13 20 17 38 25 37 0 18 11 11 41 23 38 24 36 36 7 18 40 19 8 27 16 27 23 9 20 27 42 7 36 12 24 1 20 14 23 9 30 20 23 3 10 16 22 18 28 22 7 12 19 38 27 10 10 29 29 11 41 8 10 37 25 11 30 8 24
7 15 18 21 39 47 12 34 43 36 10 41 39 12 3 39 33 2 40 52 40 24 25 7 12 38 21 12 23 28 27 32 35 27 31 38 35 34 8 43 18 0 27 10 36 18 40 32 35 34 12 10 33 2 16 23 13 38 9 10 28 37 39 19 47 8 26 19 18 8 29 22 28 16 5 15 11 22 21 3 20 19 24 19 37 43 22 27 9 41 27 24 51 24 11 34 19 9 29 10 9
22 29 23 33 13 27 20 12 18 16 23 24 44 34 26 17 39 28 19 31 33 24 11 31 16 40 22 21 17 17 25 23 8 23 13 14 10 36 34 28 11 27 0 22 40 26 30 16 31 32 15 25 42 28 19 27 19 17 34 20 12 17 38 8 26 20 18 10 20 25 16 5 29 23 32 13 17 11 19 28 31 22 14 10 16 30 28 14 21 18 27 4 31 3 21 35 28 22 25 17 32
13 24 25 30 35 48 18 32 40 36 1 42 46 22 12 37 40 12 32 51 46 31 26 17 6 45 28 18 27 31 34 36 29 34 23 30 28 41 18 45 11 10 22 0 43 25 44 33 42 41 10 18 41 9 6 30 19 37 13 2 29 37 46 16 46 12 30 12 24 4 30 19 35 23 13 9 13 23 27 8 29 26 15 19 29 46 29 19 2 39 34 21 51 19 2 41 26 1 36 9 19
30 21 20 15 41 39 26 35 43 35 44 33 3 25 33 39 3 34 60 42 21 17 29 30 39 3 19 26 24 25 16 22 46 17 53 54 50 4 31 34 41 36 40 43 0 18 26 30 15 9 34 26 6 38 46 15 26 37 44 41 30 36 5 36 41 31 22 41 22 43 26 36 12 21 38 38 31 29 21 39 16 20 48 31 56 31 14 51 41 41 13 36 42 39 43 6 17 43 16 35 28
12 5 4 6 34 35 8 28 37 28 26 29 21 11 15 33 16 16 45 40 25 9 19 13 21 20 7 8 13 18 12 19 34 13 36 40 36 16 15 32 23 18 26 25 18 0 27 23 18 16 16 8 17 20 28 5 8 31 26 23 22 30 21 20 37 13 14 23 7 25 19 21 10 3 21 20 13 16 9 21 5 5 30 16 41 31 4 33 23 35 9 22 40 24 25 16 2 25 14 17 12
33 31 23 29 24 13 28 19 22 16 45 9 28 37 38 19 26 39 46 16 5 18 20 38 39 23 20 29 17 14 15 8 32 14 43 40 37 22 40 8 38 40 30 44 26 27 0 14 11 17 34 31 31 42 46 22 27 17 49 42 18 16 21 31 15 34 14 37 22 45 15 29 18 25 44 37 31 22 19 43 29 22 44 26 44 5 25 44 42 21 18 27 16 32 44 20 27 44 13 35 37
25 27 19 29 12 14 21 6 14 5 34 8 33 33 30 10 30 32 33 19 17 16 7 33 27 29 16 22 10 5 15 9 19 13 29 27 24 26 36 12 24 32 16 33 30 23 14 0 18 22 23 25 34 34 32 21 20 8 41 31 4 7 28 17 15 24 9 23 16 35 4 15 19 20 37 24 22 10 14 34 28 18 30 14 31 14 24 30 31 12 19 13 19 18 32 25 25 33 15 25 32
29 23 17 20 30 24 24 24 30 22 43 18 17 29 32 26 15 33 50 27 7 11 20 31 37 12 14 24 15 15 8 9 37 8 44 45 41 11 33 19 36 35 31 42 15 18 11 18 0 6 32 25 20 37 44 13 23 24 43 40 20 23 10 29 26 30 13 35 18 42 16 28 8 19 38 35 29 20 15 38 20 16 42 24 47 16 15 43 40 28 9 27 27 31 42 9 18 42 6 33 30
28 19 16 15 33 30 23 27 34 26 42 24 12 25 31 30 9 32 52 33 13 10 21 28 36 7 13 23 16 17 8 13 38 9 45 46 42 5 29 25 36 34 32 41 9 16 17 22 6 0 31 24 14 36 43 11 22 28 42 39 22 27 6 30 32 29 14 35 17 41 18 29 6 18 36 34 28 21 14 37 16 15 43 24 48 22 12 44 39 32 7 28 33 32 41 3 15 41 7 32 26
7 18 15 23 26 37 8 23 31 26 11 31 38 20 11 28 32 13 29 42 36 21 16 16 5 35 18 9 17 21 24 26 23 24 20 26 23 31 19 35 7 12 15 10 34 16 34 23 32 31 0 11 33 13 12 20 9 28 20 8 19 28 36 7 37 5 20 7 14 12 20 10 25 13 17 4 3 13 17 13 21 16 14 9 25 36 20 17 8 30 24 12 42 12 10 31 18 10 26 2 17
5 6 8 12 34 39 5 28 37 30 18 33 29 9 7 33 23 8 41 44 30 14 19 7 15 28 11 4 15 20 17 23 33 17 32 37 33 24 10 35 18 10 25 18 26 8 31 25 25 24 11 0 24 12 22 13 6 32 18 16 22 31 29 17 39 7 18 18 9 17 21 20 18 6 13 15 8 16 12 13 11 9 25 15 36 35 12 28 16 35 17 22 43 22 18 24 9 17 19 11 7
28 18 20 12 45 44 25 39 48 39 42 38 7 21 30 44 5 31 62 47 26 19 32 26 38 9 20 25 26 29 19 27 49 21 53 56 52 9 27 39 40 33 42 41 6 17 31 34 20 14 33 24 0 34 45 15 25 42 40 39 34 41 11 37 46 30 25 40 22 40 30 37 15 20 34 37 30 30 22 35 13 20 47 32 57 36 14 50 39 46 15 37 47 40 41 11 15 41 20 34 24
9 17 20 23 39 49 14 36 44 38 10 43 41 13 5 41 35 4 41 54 42 26 27 8 13 40 23 14 25 30 29 34 36 29 32 39 36 36 9 45 19 2 28 9 38 20 42 34 37 36 13 12 34 0 15 25 15 40 7 10 30 39 41 20 49 10 28 20 20 6 31 23 30 18 4 16 13 24 23 1 22 21 24 21 38 45 24 28 9 43 29 25 53 25 11 36 21 9 31 11 10
17 28 27 34 32 46 20 30 37 34 6 41 50 27 17 35 44 18 26 49 48 33 26 22 7 47 30 20 29 32 36 38 25 36 17 24 23 43 24 45 8 16 19 6 46 28 46 32 44 43 12 22 45 15 0 32 21 35 19 6 28 35 48 15 44 15 32 9 26 10 31 17 37 25 19 9 15 24 29 14 32 28 9 20 23 46 32 13 6 37 36 19 49 16 4 43 30 7 38 11 24
17 9 5 8 32 31 12 26 35 26 31 25 18 15 20 31 12 21 46 35 20 5 17 18 25 15 5 12 11 16 7 14 34 8 38 41 37 11 19 27 27 23 27 30 15 5 22 21 13 11 20 13 15 25 32 0 11 29 31 28 20 28 16 21 33 18 12 26 7 30 17 22 5 7 26 24 17 15 7 26 7 5 34 17 42 26 3 36 28 33 4 22 35 25 30 11 5 30 9 21 16
6 10 6 14 28 33 1 22 31 23 20 27 29 15 11 27 23 13 37 38 27 12 13 13 14 26 9 2 10 15 15 19 27 15 28 32 28 22 16 30 16 13 19 19 26 8 27 20 23 22 9 6 25 15 21 11 0 26 22 17 16 25 27 12 34 7 13 16 5 19 16 14 16 5 18 13 6 10 8 16 13 7 23 9 33 30 12 26 17 29 15 16 38 17 19 22 10 19 17 10 13
31 35 27 37 7 10 27 5 6 3 39 8 40 41 36 2 37 38 32 14 21 24 13 39 31 35 24 28 18 13 23 15 18 21 30 26 23 33 42 11 27 38 17 37 37 31 17 8 24 28 28 32 42 40 35 29 26 0 47 35 10 1 34 21 9 30 17 26 24 40 12 17 27 28 43 27 28 16 22 40 36 26 31 20 30 14 32 31 35 4 27 15 14 20 35 31 33 37 22 30 39
16 23 26 29 46 56 21 43 51 45 13 50 47 19 12 48 41 10 45 61 48 32 34 14 18 46 29 21 32 37 35 41 41 35 36 43 40 42 13 52 23 9 34 13 44 26 49 41 43 42 20 18 40 7 19 31 22 47 0 14 37 46 47 27 56 17 35 24 27 9 38 30 36 24 6 21 20 31 30 7 28 27 28 28 42 52 30 32 13 50 35 32 60 31 15 42 27 12 37 18 16
11 22 23 28 33 45 16 30 38 34 3 39 44 21 11 35 38 12 31 49 44 29 24 16 4 43 26 16 25 29 32 34 27 32 22 29 26 39 18 43 9 10 20 2 41 23 42 31 40 39 8 16 39 10 6 28 17 35 14 0 27 35 44 14 44 10 28 10 22 5 28 17 33 21 14 7 11 21 25 9 27 24 14 17 28 44 27 18 1 37 32 19 49 17 2 39 24 2 34 7 18
21 26 18 28 12 18 17 6 15 7 30 12 34 31 26 11 30 28 31 23 21 15 3 29 23 30 15 18 9 5 15 11 17 13 25 25 21 26 32 16 20 28 12 29 30 22 18 4 20 22 19 22 34 30 28 20 16 10 37 27 0 9 28 13 19 20 8 19 15 31 4 11 19 19 33 20 18 6 13 30 27 17 26 10 28 18 23 26 27 13 18 9 23 14 28 25 24 29 15 21 29
30 34 26 36 8 10 26 5 7 2 39 7 39 40 35 3 36 37 32 15 21 23 12 38 31 34 23 27 17 12 22 14 18 20 30 26 23 32 41 11 27 37 17 37 36 30 16 7 23 27 28 31 41 39 35 28 25 1 46 35 9 0 33 21 10 29 16 26 23 40 11 17 26 27 42 27 27 15 21 39 35 25 31 19 30 13 31 31 35 5 26 15 15 20 35 30 32 37 21 30 38
33 24 21 18 39 34 28 33 40 32 47 28 7 28 36 36 7 37 58 37 16 16 27 33 41 2 19 28 22 23 14 19 44 15 51 52 48 5 34 29 42 39 38 46 5 21 21 28 10 6 36 29 11 41 48 16 27 34 47 44 28 33 0 36 36 34 20 41 22 46 24 35 12 23 41 40 33 27 20 42 19 20 49 30 54 26 17 50 44 38 13 34 37 38 46 5 20 46 13 37 31
14 21 17 26 19 31 13 16 24 20 17 25 40 26 18 21 34 20 24 35 33 20 11 23 10 37 17 13 14 17 22 23 16 21 16 20 16 32 26 29 7 19 8 16 36 20 31 17 29 30 7 17 37 20 15 21 12 21 27 14 13 21 36 0 30 12 17 6 14 19 16 3 24 17 24 7 9 9 15 20 25 16 13 5 21 31 22 15 15 23 23 5 35 5 15 31 22 16 23 9 24
40 41 33 41 16 2 35 14 11 12 48 8 43 47 45 11 41 47 41 5 20 29 22 47 40 38 30 36 24 19 27 19 27 25 39 35 32 37 50 7 36 47 26 46 41 37 15 15 26 32 37 39 46 49 44 33 34 9 56 44 19 10 36 30 0 39 23 35 30 49 19 26 31 34 52 36 37 25 28 49 40 32 40 29 39 10 36 40 44 11 31 24 5 29 44 35 38 46 26 39 46
2 13 13 19 30 39 6 26 35 28 13 33 34 15 6 31 29 8 34 44 34 19 17 11 8 33 16 6 17 22 22 26 28 22 25 31 28 29 14 36 12 8 20 12 31 13 34 24 30 29 5 7 30 10 15 18 7 30 17 10 20 29 34 12 39 0 20 12 12 12 21 15 23 11 13 9 3 14 15 10 18 14 19 11 30 37 17 22 10 33 22 17 43 17 12 29 15 12 24 4 12
19 18 10 20 20 21 14 14 23 14 31 15 25 24 24 19 21 26 37 26 16 7 7 25 25 21 7 15 3 4 7 6 24 5 31 32 28 18 27 18 24 26 18 30 22 14 14 9 13 14 20 18 25 28 32 12 13 17 35 28 8 16 20 17 23 20 0 23 8 31 5 16 11 12 31 23 17 8 5 29 19 9 30 12 34 17 15 31 28 21 10 14 26 19 30 17 16 30 7 21 24
14 25 22 30 23 36 15 21 28 25 13 31 45 27 18 26 39 20 21 40 39 25 17 23 7 42 23 16 20 23 28 29 17 27 13 19 16 38 26 35 1 19 10 12 41 23 37 23 35 35 7 18 40 20 9 26 16 26 24 10 19 26 41 6 35 12 23 0 19 15 22 8 30 20 24 4 10 15 21 19 28 21 8 11 18 37 27 10 11 28 29 10 40 7 11 36 25 12 29 9 24
11 11 3 13 27 29 6 21 30 21 25 23 25 17 15 26 19 17 38 34 22 7 12 16 19 22 4 6 6 11 10 14 27 10 30 33 29 18 19 26 20 18 20 24 22 7 22 16 18 17 14 9 22 20 26 7 5 24 27 22 15 23 22 14 30 12 8 19 0 24 12 15 11 4 22 18 11 9 3 21 12 2 27 10 35 25 8 29 22 28 10 16 34 18 24 17 9 24 12 15 16
13 22 25 28 38 49 18 35 43 38 4 43 46 20 10 40 40 10 36 54 46 31 28 14 9 45 28 18 28 33 34 37 32 34 27 34 31 41 15 47 14 8 25 4 43 25 45 35 42 41 12 17 40 6 10 30 19 40 9 5 31 40 46 19 49 12 31 15 24 0 32 22 35 23 10 12 14 25 27 5 27 26 19 21 33 48 29 23 4 42 34 24 54 22 6 41 26 3 36 10 16
22 23 15 25 15 18 17 9 18 9 32 12 30 29 27 14 26 29 35 23 17 12 5 29 24 26 12 18 6 1 11 7 21 9 29 29 25 22 32 15 23 29 16 30 26 19 15 4 16 18 20 21 30 31 31 17 16 12 38 28 4 11 24 16 19 21 5 22 12 32 0 14 15 16 34 22 19 7 10 31 24 14 29 11 32 16 20 29 28 16 15 12 23 17 29 21 21 30 11 22 28
17 24 18 28 15 28 15 12 20 16 20 23 40 29 21 17 34 23 23 31 31 20 9 26 13 36 17 16 13 15 21 21 13 20 16 18 14 32 29 27 9 22 5 19 36 21 29 15 28 29 10 20 37 23 17 22 14 17 30 17 11 17 35 3 26 15 16 8 15 22 14 0 24 18 27 10 12 8 15 23 26 17 15 5 20 29 23 15 18 19 23 2 31 3 18 31 23 19 22 12 27
22 14 10 12 30 29 17 24 33 24 36 23 15 20 25 29 11 26 48 33 15 5 18 23 30 12 7 17 12 14 4 12 35 6 41 43 39 8 24 24 30 28 29 35 12 10 18 19 8 6 25 18 15 30 37 5 16 27 36 33 19 26 12 24 31 23 11 30 11 35 15 24 0 12 31 28 22 17 9 31 11 9 37 19 44 22 7 39 33 31 1 24 32 27 35 7 10 35 5 26 21
10 7 2 9 31 33 5 25 34 25 24 27 24 13 13 30 19 14 41 38 24 8 16 13 18 22 5 5 10 15 11 17 30 11 33 36 32 18 15 30 20 16 23 23 21 3 25 20 19 18 13 6 20 18 25 7 5 28 24 21 19 27 23 17 34 11 12 20 4 23 16 18 12 0 19 17 10 13 7 19 8 3 27 13 38 29 7 30 21 32 11 19 38 21 23 18 5 23 13 14 12
12 17 21 23 43 52 17 39 48 41 14 46 41 13 7 44 35 5 45 57 43 27 30 8 17 40 24 16 28 33 30 36 40 30 36 43 40 36 7 48 23 5 32 13 38 21 44 37 38 36 17 13 34 4 19 26 18 43 6 14 33 42 41 24 52 13 31 24 22 10 34 27 31 19 0 20 16 27 25 5 22 22 28 24 42 47 24 32 13 46 30 29 56 29 15 36 21 13 32 15 10
11 22 19 27 25 38 12 22 30 26 10 32 42 24 14 27 36 16 25 41 39 24 18 19 3 39 21 13 20 23 27 29 20 27 16 23 20 35 22 36 3 15 13 9 38 20 37 24 35 34 4 15 37 16 9 24 13 27 21 7 20 27 40 7 36 9 23 4 18 12 22 10 28 17 20 0 7 15 20 15 25 20 10 11 22 38 24 13 8 29 27 12 41 10 8 35 22 9 29 5 21
5 14 12 19 27 36 5 23 32 25 14 30 35 17 9 28 29 11 31 41 33 18 15 14 8 32 15 6 14 19 21 23 25 21 23 29 25 28 17 34 10 11 17 13 31 13 31 22 29 28 3 8 30 13 15 17 6 28 20 11 18 27 33 9 37 3 17 10 11 14 19 12 22 10 16 7 0 12 14 13 18 13 17 8 28 34 17 20 11 30 21 14 41 14 13 28 15 13 23 4 15
15 20 12 22 18 24 11 12 21 13 24 18 32 25 20 17 27 22 31 29 24 12 3 23 17 28 10 12 5 8 13 14 18 12 24 25 21 25 26 22 16 22 11 23 29 16 22 10 20 21 13 16 30 24 24 15 10 16 31 21 6 15 27 9 25 14 8 15 9 25 7 8 17 13 27 15 12 0 8 24 21 11 22 4 27 23 17 23 21 19 16 7 29 11 22 23 18 23 14 15 23
14 13 5 15 25 26 9 19 28 19 28 20 24 19 18 24 19 20 39 31 19 4 10 19 22 21 2 9 4 9 7 11 26 7 32 33 29 17 22 23 22 21 19 27 21 9 19 14 15 14 17 12 22 23 29 7 8 22 30 25 13 21 20 15 28 15 5 21 3 27 10 15 9 7 25 20 14 8 0 24 14 4 28 10 35 22 10 30 25 26 8 15 31 18 27 16 11 27 9 18 19
10 18 21 24 39 49 15 36 44 38 9 43 42 14 6 41 36 5 40 54 43 27 27 9 12 41 24 15 26 31 30 35 35 30 31 38 35 37 10 46 18 3 28 8 39 21 43 34 38 37 13 13 35 1 14 26 16 40 7 9 30 39 42 20 49 10 29 19 21 5 31 23 31 19 5 15 13 24 24 0 23 22 23 21 37 46 25 27 8 42 30 25 53 25 10 37 22 8 32 11 11
16 5 9 1 39 38 13 33 42 33 29 32 19 9 17 38 13 18 49 42 27 12 24 14 25 18 12 12 18 23 14 21 38 15 41 44 40 14 15 34 28 20 31 29 16 5 29 28 20 16 21 11 13 22 32 7 13 36 28 27 27 35 19 25 40 18 19 28 12 27 24 26 11 8 22 25 18 21 14 23 0 10 35 21 46 33 4 38 27 40 11 27 42 29 29 14 3 28 16 21 12
13 9 1 11 29 30 8 23 32 23 27 24 23 15 16 28 17 17 40 35 21 5 14 16 21 20 2 8 8 13 8 14 29 8 32 35 31 16 18 27 22 19 22 26 20 5 22 18 16 15 16 9 20 21 28 5 7 26 27 24 17 25 20 16 32 14 9 21 2 26 14 17 9 3 22 20 13 11 4 22 10 0 29 12 37 26 6 31 24 30 8 18 35 20 26 15 7 26 10 17 15
21 31 29 36 27 41 22 26 32 30 15 38 52 34 24 31 46 25 17 45 46 33 24 29 12 49 30 23 27 30 35 36 17 34 8 15 14 45 31 42 7 24 14 15 48 30 44 30 42 43 14 25 47 24 9 34 23 31 28 14 26 31 49 13 40 19 30 8 27 19 29 15 37 27 28 10 17 22 28 23 35 29 0 18 14 44 34 4 15 32 36 17 45 12 13 44 32 16 36 15 31
13 19 13 22 19 28 10 15 24 17 20 22 34 24 17 20 29 19 28 33 28 14 7 21 13 31 12 11 9 12 17 18 18 16 21 23 19 27 24 26 12 19 10 19 31 16 26 14 24 24 9 15 32 21 20 17 9 20 28 17 10 19 30 5 29 11 12 11 10 21 11 5 19 13 24 11 8 4 10 21 21 12 18 0 25 27 18 20 17 22 18 7 33 8 18 26 18 19 18 11 22
32 42 38 47 23 40 33 25 28 29 29 37 60 45 36 28 54 38 3 44 48 40 27 41 25 56 37 34 33 33 41 39 12 39 6 4 7 52 44 41 19 37 16 29 56 41 44 31 47 48 25 36 57 38 23 42 33 30 42 28 28 30 54 21 39 30 34 18 35 33 32 20 44 38 42 22 28 27 35 37 46 37 14 25 0 43 43 10 29 28 43 20 44 17 27 50 43 30 41 27 42
36 35 27 34 21 8 31 18 18 14 47 6 33 41 41 16 31 43 45 11 10 22 20 42 40 28 24 32 20 15 19 12 31 18 43 39 36 27 44 3 38 43 30 46 31 31 5 14 16 22 36 35 36 45 46 26 30 14 52 44 18 13 26 31 10 37 17 37 25 48 16 29 22 29 47 38 34 23 22 46 33 26 44 27 43 0 29 44 44 17 22 27 11 32 45 25 31 46 17 38 41
16 7 6 5 35 34 12 29 38 29 30 28 17 13 19 34 12 20 46 38 22 8 20 16 25 16 8 12 14 19 10 17 35 11 38 41 37 12 17 30 27 22 28 29 14 4 25 24 15 12 20 12 14 24 32 3 12 32 30 27 23 31 17 22 36 17 15 27 8 29 20 23 7 7 24 24 17 17 10 25 4 6 34 18 43 29 0 37 27 36 7 24 38 26 29 12 3 29 12 21 14
24 34 32 39 25 41 25 26 30 30 19 38 54 37 27 30 49 28 13 45 46 34 24 32 15 51 32 26 28 30 36 36 15 35 4 12 11 47 34 42 10 27 14 19 51 33 44 30 43 44 17 28 50 28 13 36 26 31 32 18 26 31 50 15 40 22 31 10 29 23 29 15 39 30 32 13 20 23 30 27 38 31 4 20 10 44 37 0 19 30 38 17 45 12 17 46 35 20 37 18 34
11 22 23 28 33 45 16 30 38 34 3 39 44 20 10 35 38 11 32 49 44 29 24 15 5 43 26 16 25 29 32 34 28 32 23 30 27 39 17 43 10 9 21 2 41 23 42 31 40 39 8 16 39 9 6 28 17 35 13 1 27 35 44 15 44 10 28 11 22 4 28 18 33 21 13 8 11 21 25 8 27 24 15 17 29 44 27 19 0 37 32 20 49 18 2 39 24 2 34 7 17
34 39 31 41 5 12 30 7 2 7 40 12 44 44 39 2 41 41 30 16 25 28 16 42 33 39 28 31 22 17 27 19 16 25 28 24 21 37 45 14 29 41 18 39 41 35 21 12 28 32 30 35 46 43 37 33 29 4 50 37 13 5 38 23 11 33 21 28 28 42 16 19 31 32 46 29 30 19 26 42 40 30 32 22 28 17 36 30 37 0 31 17 16 21 37 35 37 38 26 31 42
21 13 9 11 30 29 16 24 33 24 35 23 16 19 24 29 11 25 47 33 16 4 17 22 29 13 6 16 11 14 4 12 34 6 40 41 37 9 23 24 29 27 27 34 13 9 18 19 9 7 24 17 15 29 36 4 15 27 35 32 18 26 13 23 31 22 10 29 10 34 15 23 1 11 30 27 21 16 8 30 11 8 36 18 43 22 7 38 32 31 0 23 32 26 34 8 9 34 5 25 20
19 26 19 28 13 25 17 10 18 14 22 21 39 31 23 15 34 25 23 29 29 19 7 28 15 35 17 18 12 13 20 19 11 19 17 18 14 32 31 25 11 24 4 21 36 22 27 13 27 28 12 22 37 25 19 22 16 15 32 19 9 15 34 5 24 17 14 10 16 24 12 2 24 19 29 12 14 7 15 25 27 18 17 7 20 27 24 17 20 17 23 0 29 5 20 30 24 21 21 14 29
44 44 36 43 21 5 39 19 16 17 53 11 44 50 49 16 42 51 46 0 21 31 26 51 45 39 33 40 28 23 29 21 32 27 44 40 37 38 53 8 41 51 31 51 42 40 16 19 27 33 42 43 47 53 49 35 38 14 60 49 23 15 37 35 5 43 26 40 34 54 23 31 32 38 56 41 41 29 31 53 42 35 45 33 44 11 38 45 49 16 32 29 0 34 49 36 40 50 27 43 50
19 26 21 30 16 30 18 15 21 18 20 26 43 31 23 20 37 25 20 34 34 23 12 28 13 39 20 18 16 18 24 24 11 23 13 15 11 35 31 30 8 24 3 19 39 24 32 18 31 32 12 22 40 25 16 25 17 20 31 17 14 20 38 5 29 17 19 7 18 22 17 3 27 21 29 10 14 11 18 25 29 20 12 8 17 32 26 12 18 21 26 5 34 0 18 34 26 19 25 14 29
13 24 25 30 33 46 18 30 38 34 2 40 46 22 12 35 40 13 30 49 46 31 25 17 5 45 28 18 27 30 34 36 28 34 21 28 26 41 19 44 10 11 21 2 43 25 44 32 42 41 10 18 41 11 4 30 19 35 15 2 28 35 46 15 44 12 30 11 24 6 29 18 35 23 15 8 13 22 27 10 29 26 13 18 27 45 29 17 2 37 34 20 49 18 0 41 26 3 36 9 19
28 19 16 14 36 33 23 30 37 29 42 27 9 23 31 33 6 32 54 36 15 12 24 28 36 5 14 23 18 20 10 16 41 12 47 49 45 2 29 28 37 34 35 41 6 16 20 25 9 3 31 24 11 36 43 11 22 31 42 39 25 30 5 31 35 29 17 36 17 41 21 31 7 18 36 35 28 23 16 37 14 15 44 26 50 25 12 46 39 35 8 30 36 34 41 0 15 41 10 32 26
13 4 6 4 36 36 10 30 39 30 27 30 20 10 16 35 14 17 46 40 25 10 21 13 23 19 9 10 15 20 12 19 35 13 38 41 37 15 14 32 25 19 28 26 17 2 27 25 18 15 18 9 15 21 30 5 10 33 27 24 24 32 20 22 38 15 16 25 9 26 21 23 10 5 21 22 15 18 11 22 3 7 32 18 43 31 3 35 24 37 9 24 40 26 26 15 0 26 14 19 11
13 23 25 29 35 47 18 32 40 36 1 41 46 21 11 37 40 11 33 51 46 31 26 16 6 45 28 18 27 31 34 36 29 34 24 31 28 41 17 45 11 9 22 1 43 25 44 33 42 41 10 17 41 9 7 30 19 37 12 2 29 37 46 16 46 12 30 12 24 3 30 19 35 23 13 9 13 23 27 8 28 26 16 19 30 46 29 20 2 38 34 21 50 19 3 41 26 0 36 9 18
23 18 11 16 26 24 18 20 28 19 37 18 19 24 26 24 15 27 44 27 11 5 14 26 31 14 8 18 9 10 2 7 31 2 38 39 35 12 28 19 30 29 25 36 16 14 13 15 6 7 26 19 20 31 38 9 17 22 37 34 15 21 13 23 26 24 7 29 12 36 11 22 5 13 32 29 23 14 9 32 16 10 36 18 41 17 12 37 34 26 5 21 27 25 36 10 14 36 0 27 25
6 17 16 22 28 39 9 25 33 28 10 33 38 19 9 30 33 11 30 44 37 22 18 14 4 36 19 9 18 23 25 27 25 25 21 28 25 32 17 37 8 10 17 9 35 17 35 25 33 32 2 11 34 11 11 21 10 30 18 7 21 30 37 9 39 4 21 9 15 10 22 12 26 14 15 5 4 15 18 11 21 17 15 11 27 38 21 18 7 31 25 14 43 14 9 32 19 9 27 0 16
10 7 14 13 41 45 12 35 44 36 19 39 31 3 7 40 25 7 46 50 36 20 26 2 19 30 17 11 22 27 23 29 40 23 37 43 40 26 3 42 24 9 32 19 28 12 37 32 30 26 17 7 24 10 24 16 13 39 16 18 29 38 31 24 46 12 24 24 16 16 28 27 21 12 10 21 15 23 19 11 12 15 31 22 42 41 14 34 17 42 20 29 50 29 19 26 11 18 25 16 0
0         847      
226       382      
0         69       
538       558      
64        169      
132       230      
0         34       
595       637      
102       173      
54        131      
325       377      
168       224      
191       280      
496       615      
295       380      
116       139      
207       290      
266       345      
408       511      
148       189      
153       291      
0         83       
37        114      
293       388      
318       427      
196       262      
0         78       
559       618      
22        149      
45        107      
33        67       
185       231      
716       817      
0         84       
390       506      
387       516      
610       707      
211       316      
510       603      
186       276      
372       488      
312       339      
332       449      
297       362      
211       250      
10        73       
120       266      
38        126      
571       655      
214       241      
436       517      
263       319      
222       293      
314       383      
343       437      
0         99       
0         23       
57        166      
292       375      
424       553      
101       160      
126       141      
229       263      
320       444      
100       176      
472       585      
44        127      
363       446      
0         56       
310       361      
46        160      
344       475      
16        108      
651       719      
275       378      
305       378      
445       506      
35        167      
0         67       
515       575      
250       336      
11        65       
408       498      
332       403      
396       482      
181       210      
0         60       
440       499      
322       400      
82        145      
20        110      
354       475      
102       230      
466       541      
285       419      
203       322      
261       347      
306       399      
0         79       
492       538      
689       740      
