101
0 28 23 13 30 11 22 20 20 18 12 17 10 16 17 11 34 28 12 34 38 26 14 15 16 35 20 13 20 29 34 37 23 5 20 19 37 26 33 44 31 17 9 23 32 32 28 29 15 19 24 10 21 13 17 30 9 28 17 38 18 12 28 34 6 37 34 29 10 18 13 38 38 34 19 2 13 6 9 17 18 11 16 36 38 24 5 23 17 29 2 23 18 27 13 8 16 15 10 25 11
28 0 29 39 15 38 6 28 48 45 27 45 36 13 42 35 32 29 17 45 28 47 15 43 39 32 46 35 46 15 44 55 48 33 20 47 47 46 46 39 52 44 19 11 44 38 39 23 22 35 8 35 10 18 44 18 22 25 45 51 46 19 8 51 34 51 55 45 38 45 40 36 56 44 41 30 40 22 24 45 44 21 13 48 36 11 25 32 32 1 26 5 44 41 31 34 34 13 33 29 39
23 29 0 36 20 25 27 3 35 39 11 34 23 29 24 34 11 5 28 16 19 24 18 35 18 12 29 17 29 19 15 26 29 26 8 39 18 21 17 21 27 29 22 34 15 10 10 12 10 10 20 33 32 31 29 17 15 9 34 22 35 15 35 22 28 22 29 16 31 30 34 15 27 15 21 24 27 22 14 38 25 14 29 19 15 18 18 4 10 30 21 28 26 13 13 31 13 26 33 2 32
13 39 36 0 43 14 33 33 14 6 25 9 16 26 21 4 47 41 22 43 51 32 27 6 24 48 19 22 19 42 43 45 24 10 33 8 46 34 42 57 37 16 21 32 41 44 38 42 28 29 37 4 31 21 16 43 22 41 9 47 10 25 38 43 8 46 40 38 6 16 3 51 46 43 25 12 14 18 22 6 21 24 26 45 51 37 18 35 28 40 15 34 20 36 23 5 26 26 6 38 5
30 15 20 43 0 38 17 20 48 48 24 46 36 23 41 40 18 17 25 35 13 42 16 45 36 17 46 33 46 1 34 46 47 34 13 49 37 39 37 24 45 44 22 24 35 26 30 9 17 28 8 39 22 28 44 3 21 12 46 42 47 18 23 42 36 42 48 36 39 45 42 21 47 33 39 32 40 24 23 47 43 19 23 37 21 6 26 24 27 16 28 17 43 33 28 37 30 21 38 19 40
11 38 25 14 38 0 32 22 10 14 15 9 2 27 7 14 36 30 23 29 43 18 24 10 10 37 9 8 9 37 29 31 12 7 26 14 32 20 28 46 23 6 19 34 27 31 24 35 21 15 34 13 32 24 6 36 17 33 9 33 10 21 39 29 8 32 26 24 8 7 11 40 32 29 11 9 2 16 15 13 8 19 27 31 40 33 13 22 15 39 12 33 7 22 12 11 12 25 14 27 9
22 6 27 33 17 32 0 25 42 39 22 39 31 8 37 29 33 28 11 42 29 43 10 37 34 33 41 31 41 16 42 51 43 27 19 41 45 41 44 40 47 38 13 8 41 36 36 24 18 30 9 29 6 13 38 19 17 26 39 48 40 14 8 48 28 48 50 41 32 39 34 37 53 42 37 24 34 16 19 39 39 16 8 45 37 12 20 29 27 7 20 1 39 37 26 28 29 7 27 28 33
20 28 3 33 20 22 25 0 31 36 8 31 20 26 21 31 14 8 25 17 21 22 15 32 16 15 26 14 26 19 16 26 27 23 8 36 19 19 18 24 25 26 19 31 16 13 11 14 7 8 20 30 29 28 26 18 12 11 31 23 32 12 33 22 25 23 28 16 28 27 31 18 27 16 19 21 24 19 11 35 23 11 26 20 18 18 15 4 7 29 18 26 23 13 10 28 10 23 30 5 29
20 48 35 14 48 10 42 31 0 11 25 5 12 35 10 17 45 39 31 35 52 20 34 8 15 46 7 17 7 47 35 33 12 15 36 9 37 23 32 55 25 5 29 42 32 39 30 45 31 23 44 16 40 31 5 46 27 42 5 36 4 31 47 31 14 34 28 28 11 4 11 48 34 34 14 18 8 26 25 10 10 29 35 35 48 43 23 30 24 49 22 43 9 27 22 16 21 35 18 36 11
18 45 39 6 48 14 39 36 11 0 28 7 16 32 20 10 50 44 28 43 56 31 32 4 23 51 18 22 18 47 43 44 23 13 38 2 46 33 41 60 36 15 26 38 41 45 38 47 33 29 42 10 37 27 15 47 26 46 7 46 7 30 44 42 12 45 39 37 8 14 5 54 45 43 24 16 13 23 25 1 20 28 32 44 54 42 21 36 29 46 20 40 19 36 26 11 26 32 12 41 7
12 27 11 25 24 15 22 8 25 28 0 24 13 21 17 23 22 16 18 22 28 20 12 24 12 23 22 9 22 23 22 28 23 15 11 28 25 19 22 32 25 20 12 27 20 20 16 20 7 7 20 22 25 21 20 22 5 18 24 27 25 8 30 25 17 26 28 18 20 21 23 26 30 22 15 13 17 12 4 27 19 6 21 24 26 19 8 11 5 28 11 23 19 15 4 20 7 18 22 13 21
17 45 34 9 46 9 39 31 5 7 24 0 11 32 13 12 45 39 28 38 52 24 31 3 17 46 11 17 11 45 37 37 16 12 35 5 40 26 35 55 29 8 26 38 35 40 32 44 30 24 41 11 37 27 8 45 25 42 0 39 1 28 44 35 11 38 32 31 7 7 6 49 38 37 17 15 7 23 23 6 13 27 32 38 49 40 20 31 24 46 19 40 12 30 21 11 21 32 13 36 6
10 36 23 16 36 2 31 20 12 16 13 11 0 26 7 16 34 28 22 27 41 16 22 12 8 35 10 6 10 35 27 29 13 7 24 16 30 18 26 44 21 8 18 33 25 29 22 33 19 13 32 15 31 23 8 34 15 31 11 31 12 19 38 27 9 30 24 22 10 9 13 38 30 27 9 9 4 15 13 15 8 17 26 29 38 31 11 20 13 37 11 32 8 20 10 13 10 24 16 25 11
16 13 29 26 23 27 8 26 35 32 21 32 26 0 33 22 37 32 4 43 35 41 11 30 31 37 36 28 36 22 42 49 39 21 22 34 45 40 43 45 46 33 9 7 41 39 37 28 19 28 15 22 5 5 33 24 16 30 32 48 33 14 12 46 21 47 49 39 25 34 27 41 51 42 34 18 29 11 17 32 34 16 0 45 41 17 16 30 26 14 15 8 34 36 24 21 27 3 20 31 26
17 42 24 21 41 7 37 21 10 20 17 13 7 33 0 21 35 29 29 24 42 11 27 16 5 36 5 8 5 40 24 24 6 14 28 18 27 13 22 45 16 5 24 40 22 29 20 35 24 13 37 20 38 30 5 39 20 32 13 26 13 24 44 22 15 25 19 17 15 6 18 38 25 24 4 16 7 22 18 19 2 22 33 24 38 36 17 20 14 43 18 38 2 17 13 18 11 31 21 26 16
11 35 34 4 40 14 29 31 17 10 23 12 16 22 21 0 45 39 18 43 49 32 23 8 24 46 21 22 21 38 43 45 26 9 31 12 46 34 42 55 37 17 18 28 41 43 37 40 26 28 33 1 27 17 17 39 20 39 11 47 12 23 34 43 7 46 40 38 6 17 5 49 46 43 25 10 14 15 20 10 21 22 22 45 49 33 16 34 27 36 13 30 20 36 22 3 25 22 2 36 6
34 32 11 47 18 36 33 14 45 50 22 45 34 37 35 45 0 6 36 20 10 33 26 46 29 2 40 28 40 18 19 32 40 37 15 50 21 30 24 11 36 40 31 41 21 10 18 9 19 21 24 44 39 39 40 15 25 7 45 26 46 23 40 29 39 27 38 25 42 41 45 4 34 19 32 35 38 31 25 49 36 23 37 23 4 21 29 14 21 33 32 34 37 22 24 42 24 34 44 9 43
28 29 5 41 17 30 28 8 39 44 16 39 28 32 29 39 6 0 31 18 14 29 21 40 23 7 34 22 34 16 17 29 34 31 10 44 20 26 21 16 32 34 25 36 18 9 14 7 13 15 20 38 34 34 34 13 19 4 39 24 40 18 36 26 33 25 34 21 36 35 39 10 31 17 26 29 32 26 19 43 30 17 32 21 10 17 23 9 15 30 26 29 31 18 18 36 18 29 38 3 37
12 17 28 22 25 23 11 25 31 28 18 28 22 4 29 18 36 31 0 40 36 37 10 26 27 36 32 24 32 24 40 46 35 17 21 30 43 37 40 45 42 29 6 11 38 38 34 28 18 25 17 18 9 3 29 26 13 29 28 45 29 13 16 43 17 44 45 36 21 30 23 40 48 40 30 14 25 7 14 28 30 14 4 42 40 19 12 29 23 18 11 12 30 33 21 17 24 4 16 30 22
34 45 16 43 35 29 42 17 35 43 22 38 27 43 24 43 20 18 40 0 30 16 32 39 20 22 29 21 29 34 1 12 25 34 24 42 3 13 4 29 17 29 34 48 2 10 6 25 24 15 36 42 46 43 29 31 27 22 37 6 37 29 50 9 36 7 18 7 37 30 40 22 14 1 20 34 30 34 26 42 25 27 43 3 22 34 30 13 17 46 33 43 26 7 21 40 18 40 43 16 38
38 28 19 51 13 43 29 21 52 56 28 52 41 35 42 49 10 14 36 30 0 43 26 52 37 8 47 35 47 13 29 42 48 42 17 56 31 40 34 11 46 47 32 37 31 20 28 8 22 29 20 48 35 39 47 10 28 10 52 36 53 25 36 39 43 37 48 35 47 48 50 11 44 29 40 39 45 33 29 55 44 26 35 33 11 17 33 23 28 29 35 30 44 32 31 45 31 32 47 17 48
26 47 24 32 42 18 43 22 20 31 20 24 16 41 11 32 33 29 37 16 43 0 32 27 10 35 13 13 13 41 17 13 9 23 29 29 18 3 13 43 5 16 32 47 14 23 15 36 26 14 40 31 45 39 16 40 25 33 24 16 24 28 50 11 25 14 8 9 26 17 29 35 14 16 7 25 18 30 23 30 11 26 41 16 35 38 25 20 16 48 26 43 12 11 16 29 13 38 32 26 27
14 15 18 27 16 24 10 15 34 32 12 31 22 11 27 23 26 21 10 32 26 32 0 29 23 26 32 20 32 15 31 40 33 19 11 33 34 31 33 35 37 30 6 16 31 28 26 18 8 19 10 23 14 13 30 16 7 19 31 38 32 4 18 37 20 38 40 30 24 31 26 30 42 31 26 16 26 8 9 31 29 6 11 35 30 10 11 19 17 16 12 11 29 27 16 21 19 8 22 20 25
15 43 35 6 45 10 37 32 8 4 24 3 12 30 16 8 46 40 26 39 52 27 29 0 19 47 14 18 14 44 39 40 19 10 35 4 42 29 37 56 32 11 24 36 37 41 34 44 30 25 39 8 35 25 11 44 23 42 3 42 4 27 42 38 9 41 35 33 5 10 3 50 41 39 20 13 9 21 22 3 16 25 30 40 50 39 18 32 25 44 17 38 15 32 22 9 22 30 10 37 4
16 39 18 24 36 10 34 16 15 23 12 17 8 31 5 24 29 23 27 20 37 10 23 19 0 30 10 3 10 35 20 21 11 15 23 22 23 10 18 39 15 10 22 38 18 23 15 30 19 8 32 23 36 29 10 34 16 27 17 23 18 20 41 19 17 22 18 14 18 11 21 33 22 20 3 16 10 20 14 22 7 17 31 21 33 31 15 15 9 39 16 34 7 13 8 21 6 29 24 20 19
35 32 12 48 17 37 33 15 46 51 23 46 35 37 36 46 2 7 36 22 8 35 26 47 30 0 40 29 40 17 21 34 41 38 15 51 23 32 26 9 38 40 31 41 23 12 20 9 20 22 24 45 39 39 40 14 26 7 46 28 47 23 40 31 40 29 40 27 43 41 46 4 36 21 33 36 39 31 26 50 37 24 37 25 4 21 30 16 22 33 33 34 37 24 25 43 25 34 45 10 44
20 46 29 19 46 9 41 26 7 18 22 11 10 36 5 21 40 34 32 29 47 13 32 14 10 40 0 13 0 45 29 26 5 15 33 16 31 16 26 49 18 3 28 43 26 33 25 40 29 18 42 20 41 32 3 44 25 37 11 29 11 29 48 24 16 27 21 22 14 4 16 43 27 28 8 18 7 25 23 17 3 27 36 29 43 41 21 25 19 47 21 42 3 21 18 19 16 34 21 30 15
13 35 17 22 33 8 31 14 17 22 9 17 6 28 8 22 28 22 24 21 35 13 20 18 3 29 13 0 13 32 21 24 14 13 20 22 24 13 20 38 18 12 19 35 19 22 16 28 16 7 29 21 33 25 12 31 13 25 17 25 18 16 38 21 15 24 21 16 16 13 19 32 25 21 6 13 10 17 11 21 10 14 28 23 32 28 12 14 7 36 13 31 10 14 5 19 4 26 22 19 17
20 46 29 19 46 9 41 26 7 18 22 11 10 36 5 21 40 34 32 29 47 13 32 14 10 40 0 13 0 45 29 26 5 15 33 16 31 16 26 49 18 3 28 43 26 33 25 40 29 18 42 20 41 32 3 44 25 37 11 29 11 29 48 24 16 27 21 22 14 4 16 43 27 28 8 18 7 25 23 17 3 27 36 29 43 41 21 25 19 47 21 42 3 21 18 19 16 34 21 30 15
29 15 19 42 1 37 16 19 47 47 23 45 35 22 40 38 18 16 24 34 13 41 15 44 35 17 45 32 45 0 33 45 46 33 12 48 36 38 36 24 44 43 21 24 34 25 29 9 16 27 7 38 22 27 43 3 20 12 45 40 46 17 23 41 35 41 47 35 38 44 41 21 46 33 38 31 39 23 22 46 42 18 22 37 21 5 25 23 26 16 27 17 42 32 27 36 29 20 37 18 39
34 44 15 43 34 29 42 16 35 43 22 37 27 42 24 43 19 17 40 1 29 17 31 39 20 21 29 21 29 33 0 13 26 34 23 42 3 13 5 28 17 29 34 47 2 9 6 24 23 15 35 42 45 43 29 30 27 21 37 7 37 28 49 10 36 8 19 7 37 30 40 21 15 0 20 34 30 34 26 42 25 27 42 4 21 33 30 12 17 45 33 42 26 7 21 40 18 39 43 15 38
37 55 26 45 46 31 51 26 33 44 28 37 29 49 24 45 32 29 46 12 42 13 40 40 21 34 26 24 26 45 13 0 21 36 34 42 12 11 8 41 8 29 40 55 11 22 15 36 33 20 46 44 53 49 29 42 33 33 37 6 37 36 58 3 38 5 7 9 39 30 42 34 2 13 20 37 31 39 32 43 24 34 49 9 34 44 35 22 22 55 37 51 25 12 25 42 22 46 45 26 40
23 48 29 24 47 12 43 27 12 23 23 16 13 39 6 26 40 34 35 25 48 9 33 19 11 41 5 14 5 46 26 21 0 19 34 21 27 12 22 50 13 8 30 46 23 31 23 41 30 19 43 25 44 36 8 45 26 38 16 25 16 30 50 20 20 23 16 18 19 9 21 43 22 25 8 21 11 28 24 22 5 28 39 25 43 42 23 26 20 49 24 44 5 20 19 23 17 37 26 31 20
5 33 26 10 34 7 27 23 15 13 15 12 7 21 14 9 37 31 17 34 42 23 19 10 15 38 15 13 15 33 34 36 19 0 24 14 37 25 33 47 28 12 14 28 32 34 28 33 19 19 29 8 26 17 12 33 13 32 12 38 13 16 33 34 2 37 31 29 5 13 8 41 37 34 16 3 8 11 12 13 15 15 21 36 41 28 8 24 17 34 7 28 14 27 13 6 16 20 9 28 6
20 20 8 33 13 26 19 8 36 38 11 35 24 22 28 31 15 10 21 24 17 29 11 35 23 15 33 20 33 12 23 34 34 24 0 38 26 27 25 24 33 31 15 26 23 17 18 9 5 15 12 30 24 24 31 11 11 8 35 30 36 8 27 30 26 30 36 24 29 32 32 19 35 23 26 22 28 16 12 37 30 9 22 27 19 10 16 12 14 21 18 20 30 21 15 28 17 19 30 9 30
19 47 39 8 49 14 41 36 9 2 28 5 16 34 18 12 50 44 30 42 56 29 33 4 22 51 16 22 16 48 42 42 21 14 38 0 45 31 40 60 34 13 28 40 40 44 37 47 33 29 43 12 39 29 13 47 27 46 5 44 5 30 46 40 13 43 37 35 9 12 7 54 43 42 22 17 12 25 26 2 18 29 34 42 54 42 22 36 29 48 21 42 17 35 26 13 26 34 14 41 8
37 47 18 46 37 32 45 19 37 46 25 40 30 45 27 46 21 20 43 3 31 18 34 42 23 23 31 24 31 36 3 12 27 37 26 45 0 15 5 29 18 32 37 50 5 11 9 27 26 18 38 45 48 46 32 33 30 24 40 6 40 31 52 9 39 7 18 9 40 33 43 22 14 3 22 37 33 37 29 45 27 30 45 3 22 36 33 15 20 47 36 45 28 10 24 43 21 42 46 18 41
26 46 21 34 39 20 41 19 23 33 19 26 18 40 13 34 30 26 37 13 40 3 31 29 10 32 16 13 16 38 13 11 12 25 27 31 15 0 10 40 6 18 31 46 11 20 12 33 25 12 39 33 44 38 18 37 24 30 26 13 26 27 49 9 27 12 9 6 28 19 31 32 12 13 9 26 20 29 22 32 13 25 40 13 32 37 25 17 14 47 26 42 14 8 15 31 12 37 34 23 29
33 46 17 42 37 28 44 18 32 41 22 35 26 43 22 42 24 21 40 4 34 13 33 37 18 26 26 20 26 36 5 8 22 33 25 40 5 10 0 33 13 27 34 49 3 14 7 28 25 14 37 41 47 43 27 34 27 25 35 5 35 30 51 5 35 5 14 4 36 28 39 26 10 5 17 33 28 33 26 40 22 28 43 3 26 35 29 14 16 46 32 44 23 6 20 39 17 40 42 18 37
44 39 21 57 24 46 40 24 55 60 32 55 44 45 45 55 11 16 45 29 11 43 35 56 39 9 49 38 49 24 28 41 50 47 24 60 29 40 33 0 45 49 39 48 30 19 27 17 29 31 31 54 46 48 49 21 35 16 55 35 56 32 47 38 49 36 47 34 52 50 55 7 43 28 42 45 48 40 35 59 46 33 45 32 7 28 39 25 31 40 42 41 46 31 34 52 34 42 54 19 53
31 52 27 37 45 23 47 25 25 36 25 29 21 46 16 37 36 32 42 17 46 5 37 32 15 38 18 18 18 44 17 8 13 28 33 34 18 6 13 45 0 21 37 52 15 26 18 39 31 18 45 36 50 43 21 43 30 36 29 13 29 33 55 9 30 12 3 11 31 22 34 38 9 17 12 30 23 35 28 35 16 31 46 15 38 43 30 23 20 53 31 48 17 14 21 34 18 43 37 29 32
17 44 29 16 44 6 38 26 5 15 20 8 8 33 5 17 40 34 29 29 47 16 30 11 10 40 3 12 3 43 29 29 8 12 31 13 32 18 27 49 21 0 25 40 27 33 25 40 27 18 40 16 38 29 0 42 23 37 8 31 8 27 45 27 13 30 24 22 11 1 13 43 30 29 9 15 4 22 21 14 5 25 33 29 43 39 19 25 19 45 18 39 4 22 17 16 16 31 18 30 12
9 19 22 21 22 19 13 19 29 26 12 26 18 9 24 18 31 25 6 34 32 32 6 24 22 31 28 19 28 21 34 40 30 14 15 28 37 31 34 39 37 25 0 16 32 32 28 24 12 19 16 17 14 9 25 22 7 23 26 39 27 7 20 37 15 38 40 30 19 26 21 34 42 34 25 11 21 3 8 26 26 8 9 36 34 16 7 23 17 20 7 14 26 27 15 16 18 7 16 24 20
23 11 34 32 24 34 8 31 42 38 27 38 33 7 40 28 41 36 11 48 37 47 16 36 38 41 43 35 43 24 47 55 46 28 26 40 50 46 49 48 52 40 16 0 47 43 42 32 24 34 17 28 2 11 40 27 22 34 38 54 39 20 6 52 28 53 55 45 31 41 33 45 57 47 41 25 36 18 24 38 41 22 7 51 45 20 23 35 32 11 22 7 41 42 31 27 34 9 26 35 32
32 44 15 41 35 27 41 16 32 41 20 35 25 41 22 41 21 18 38 2 31 14 31 37 18 23 26 19 26 34 2 11 23 32 23 40 5 11 3 30 15 27 32 47 0 11 5 25 23 13 35 40 45 41 27 31 25 22 35 7 35 28 49 8 34 7 17 5 35 28 38 23 13 2 18 32 28 32 24 40 23 26 41 4 23 33 28 12 15 44 31 42 24 5 19 38 16 38 41 16 36
32 38 10 44 26 31 36 13 39 45 20 40 29 39 29 43 10 9 38 10 20 23 28 41 23 12 33 22 33 25 9 22 31 34 17 44 11 20 14 19 26 33 32 43 11 0 8 16 20 15 29 42 41 41 33 22 25 13 39 16 40 25 44 19 36 17 28 15 38 34 41 12 24 9 24 33 32 32 24 43 29 24 39 13 12 26 28 9 16 38 31 37 30 12 20 39 18 36 42 8 39
28 39 10 38 30 24 36 11 30 38 16 32 22 37 20 37 18 14 34 6 28 15 26 34 15 20 25 16 25 29 6 15 23 28 18 37 9 12 7 27 18 25 28 42 5 8 0 21 18 9 30 36 40 37 25 27 21 18 32 12 33 23 44 12 30 12 20 7 32 26 35 20 17 6 16 28 25 28 20 37 21 21 37 9 20 28 24 7 11 39 27 37 22 4 15 34 12 34 37 11 33
29 23 12 42 9 35 24 14 45 47 20 44 33 28 35 40 9 7 28 25 8 36 18 44 30 9 40 28 40 9 24 36 41 33 9 47 27 33 28 17 39 40 24 32 25 16 21 0 14 22 15 39 30 31 40 6 20 3 44 31 45 17 31 33 35 32 41 28 38 41 41 13 38 24 33 31 37 25 21 46 37 18 28 28 13 12 25 16 21 24 27 25 37 25 23 37 24 25 39 10 39
15 22 10 28 17 21 18 7 31 33 7 30 19 19 24 26 19 13 18 24 22 26 8 30 19 20 29 16 29 16 23 33 30 19 5 33 26 25 25 29 31 27 12 24 23 20 18 14 0 13 14 25 22 21 27 15 6 13 30 30 31 5 26 29 21 30 34 23 24 28 27 23 34 23 22 17 23 12 7 32 26 4 19 27 23 12 11 11 11 23 13 19 26 20 11 23 13 16 25 12 25
19 35 10 29 28 15 30 8 23 29 7 24 13 28 13 28 21 15 25 15 29 14 19 25 8 22 18 7 18 27 15 20 19 19 15 29 18 12 14 31 18 18 19 34 13 15 9 22 13 0 27 27 32 28 18 26 12 19 24 19 25 15 37 17 21 19 21 11 23 19 26 25 22 15 11 19 17 19 11 28 15 13 28 17 25 25 15 7 2 35 18 30 15 8 6 25 3 25 28 12 24
24 8 20 37 8 34 9 20 44 42 20 41 32 15 37 33 24 20 17 36 20 40 10 39 32 24 42 29 42 7 35 46 43 29 12 43 38 39 37 31 45 40 16 17 35 29 30 15 14 27 0 33 15 20 40 10 17 17 41 42 42 13 16 42 30 42 48 36 34 41 36 28 47 35 35 26 36 18 19 41 39 15 15 39 28 3 21 24 25 9 22 10 39 33 24 31 27 13 32 21 35
10 35 33 4 39 13 29 30 16 10 22 11 15 22 20 1 44 38 18 42 48 31 23 8 23 45 20 21 20 38 42 44 25 8 30 12 45 33 41 54 36 16 17 28 40 42 36 39 25 27 33 0 27 17 16 39 19 38 11 46 12 22 34 42 6 45 39 37 5 16 5 48 45 42 24 9 13 15 19 10 20 21 22 44 48 33 15 32 25 36 12 30 19 35 21 2 24 22 2 35 5
21 10 32 31 22 32 6 29 40 37 25 37 31 5 38 27 39 34 9 46 35 45 14 35 36 39 41 33 41 22 45 53 44 26 24 39 48 44 47 46 50 38 14 2 45 41 40 30 22 32 15 27 0 10 38 25 20 32 37 51 38 18 7 49 26 51 53 43 30 39 32 43 54 45 39 23 34 16 22 37 39 20 5 49 43 18 21 33 30 10 20 5 39 40 29 26 32 7 25 33 31
13 18 31 21 28 24 13 28 31 27 21 27 23 5 30 17 39 34 3 43 39 39 13 25 29 39 32 25 32 27 43 49 36 17 24 29 46 38 43 48 43 29 9 11 41 41 37 31 21 28 20 17 10 0 29 29 16 32 27 47 28 16 17 45 17 47 46 39 20 30 22 43 50 43 31 15 25 9 17 27 31 17 5 45 43 22 14 32 26 19 12 13 31 36 23 16 26 7 15 33 21
17 44 29 16 44 6 38 26 5 15 20 8 8 33 5 17 40 34 29 29 47 16 30 11 10 40 3 12 3 43 29 29 8 12 31 13 32 18 27 49 21 0 25 40 27 33 25 40 27 18 40 16 38 29 0 42 23 37 8 31 8 27 45 27 13 30 24 22 11 1 13 43 30 29 9 15 4 22 21 14 5 25 33 29 43 39 19 25 19 45 18 39 4 22 17 16 16 31 18 30 12
30 18 17 43 3 36 19 18 46 47 22 45 34 24 39 39 15 13 26 31 10 40 16 44 34 14 44 31 44 3 30 42 45 33 11 47 33 37 34 21 43 42 22 27 31 22 27 6 15 26 10 39 25 29 42 0 20 9 45 37 46 17 26 39 35 38 46 33 38 43 41 18 44 30 37 31 38 24 22 46 41 18 24 34 18 7 25 21 25 19 27 20 41 30 26 37 28 22 38 16 39
9 22 15 22 21 17 17 12 27 26 5 25 15 16 20 20 25 19 13 27 28 25 7 23 16 26 25 13 25 20 27 33 26 13 11 27 30 24 27 35 30 23 7 22 25 25 21 20 6 12 17 19 20 16 23 20 0 19 25 31 26 4 25 29 15 31 33 23 18 24 21 29 34 27 19 11 19 7 2 26 22 2 16 29 29 16 5 16 10 23 7 18 22 20 9 17 12 13 19 17 19
28 25 9 41 12 33 26 11 42 46 18 42 31 30 32 39 7 4 29 22 10 33 19 42 27 7 37 25 37 12 21 33 38 32 8 46 24 30 25 16 36 37 23 34 22 13 18 3 13 19 17 38 32 32 37 9 19 0 42 28 43 16 33 30 34 29 38 25 37 38 40 11 35 21 30 30 35 24 20 45 34 17 30 25 11 14 24 13 18 26 26 27 34 22 21 36 21 27 38 7 38
17 45 34 9 46 9 39 31 5 7 24 0 11 32 13 11 45 39 28 37 52 24 31 3 17 46 11 17 11 45 37 37 16 12 35 5 40 26 35 55 29 8 26 38 35 39 32 44 30 24 41 11 37 27 8 45 25 42 0 39 1 28 44 35 11 38 32 30 7 7 6 49 38 37 17 15 7 23 23 6 13 27 32 37 49 40 20 31 24 46 19 40 12 30 21 11 21 32 13 36 6
38 51 22 47 42 33 48 23 36 46 27 39 31 48 26 47 26 24 45 6 36 16 38 42 23 28 29 25 29 40 7 6 25 38 30 44 6 13 5 35 13 31 39 54 7 16 12 31 30 19 42 46 51 47 31 37 31 28 39 0 39 34 56 4 40 1 13 9 41 32 44 28 8 7 22 38 33 38 30 45 26 32 47 3 28 40 34 19 21 51 37 49 27 11 25 44 22 44 47 22 42
18 46 35 10 47 10 40 32 4 7 25 1 12 33 13 12 46 40 29 37 53 24 32 4 18 47 11 18 11 46 37 37 16 13 36 5 40 26 35 56 29 8 27 39 35 40 33 45 31 25 42 12 38 28 8 46 26 43 1 39 0 29 45 35 12 38 32 30 8 7 7 50 38 37 17 16 8 24 24 6 13 28 33 37 50 41 21 32 25 47 20 41 12 30 22 12 22 33 14 37 7
12 19 15 25 18 21 14 12 31 30 8 28 19 14 24 23 23 18 13 29 25 28 4 27 20 23 29 16 29 17 28 36 30 16 8 30 31 27 30 32 33 27 7 20 28 25 23 17 5 15 13 22 18 16 27 17 4 16 28 34 29 0 22 32 18 34 36 26 21 28 24 27 37 28 22 14 23 8 6 29 26 2 14 32 27 12 8 16 13 20 10 15 26 23 12 20 15 11 22 17 22
28 8 35 38 23 39 8 33 47 44 30 44 38 12 44 34 40 36 16 50 36 50 18 42 41 40 48 38 48 23 49 58 50 33 27 46 52 49 51 47 55 45 20 6 49 44 44 31 26 37 16 34 7 17 45 26 25 33 44 56 45 22 0 54 33 56 58 48 37 46 39 44 59 49 44 30 41 22 27 44 46 24 12 53 44 19 27 37 35 7 26 7 45 45 34 33 37 13 32 36 38
34 51 22 43 42 29 48 22 31 42 25 35 27 46 22 43 29 26 43 9 39 11 37 38 19 31 24 21 24 41 10 3 20 34 30 40 9 9 5 38 9 27 37 52 8 19 12 33 29 17 42 42 49 45 27 39 29 30 35 4 35 32 54 0 36 3 9 6 37 28 40 31 5 10 18 34 29 36 28 41 22 30 45 6 31 40 32 18 19 51 34 47 23 9 22 40 19 42 43 23 38
6 34 28 8 36 8 28 25 14 12 17 11 9 21 15 7 39 33 17 36 43 25 20 9 17 40 16 15 16 35 36 38 20 2 26 13 39 27 35 49 30 13 15 28 34 36 30 35 21 21 30 6 26 17 13 35 15 34 11 40 12 18 33 36 0 39 33 31 4 13 7 43 39 36 18 4 9 12 14 11 16 17 21 38 43 30 10 26 19 35 8 29 15 29 15 4 18 21 7 30 5
37 51 22 46 42 32 48 23 34 45 26 38 30 47 25 46 27 25 44 7 37 14 38 41 22 29 27 24 27 41 8 5 23 37 30 43 7 12 5 36 12 30 38 53 7 17 12 32 30 19 42 45 51 47 30 38 31 29 38 1 38 34 56 3 39 0 12 8 40 31 43 29 7 8 21 37 32 38 30 44 25 32 47 4 29 40 34 19 21 51 36 49 26 11 24 43 21 44 46 23 41
34 55 29 40 48 26 50 28 28 39 28 32 24 49 19 40 38 34 45 18 48 8 40 35 18 40 21 21 21 47 19 7 16 31 36 37 18 9 14 47 3 24 40 55 17 28 20 41 34 21 48 39 53 46 24 46 33 38 32 13 32 36 58 9 33 12 0 13 34 25 37 40 7 19 15 33 26 38 31 38 19 34 49 15 40 46 33 25 23 56 34 51 20 16 24 37 21 46 40 31 35
29 45 16 38 36 24 41 16 28 37 18 31 22 39 17 38 25 21 36 7 35 9 30 33 14 27 22 16 22 35 7 9 18 29 24 35 9 6 4 34 11 22 30 45 5 15 7 28 23 11 36 37 43 39 22 33 23 25 30 9 30 26 48 6 31 8 13 0 32 23 35 27 11 7 13 29 24 30 22 36 18 24 39 7 27 34 26 12 13 45 28 41 19 3 16 35 13 36 38 18 33
10 38 31 6 39 8 32 28 11 8 20 7 10 25 15 6 42 36 21 37 47 26 24 5 18 43 14 16 14 38 37 39 19 5 29 9 40 28 36 52 31 11 19 31 35 38 32 38 24 23 34 5 30 20 11 38 18 37 7 41 8 21 37 37 4 40 34 32 0 11 3 46 40 37 19 8 8 16 17 7 15 20 25 39 46 33 13 29 22 39 12 33 14 30 18 5 20 25 7 33 1
18 45 30 16 45 7 39 27 4 14 21 7 9 34 6 17 41 35 30 30 48 17 31 10 11 41 4 13 4 44 30 30 9 13 32 12 33 19 28 50 22 1 26 41 28 34 26 41 28 19 41 16 39 30 1 43 24 38 7 32 7 28 46 28 13 31 25 23 11 0 13 44 31 30 10 16 5 23 22 13 6 26 34 30 44 40 20 26 20 46 19 40 5 23 18 16 17 32 18 31 11
13 40 34 3 42 11 34 31 11 5 23 6 13 27 18 5 45 39 23 40 50 29 26 3 21 46 16 19 16 41 40 42 21 8 32 7 43 31 39 55 34 13 21 33 38 41 35 41 27 26 36 5 32 22 13 41 21 40 6 44 7 24 39 40 7 43 37 35 3 13 0 49 43 40 22 11 11 18 20 5 18 23 27 42 49 36 16 32 25 41 15 35 17 33 21 6 23 27 7 36 2
38 36 15 51 21 40 37 18 48 54 26 49 38 41 38 49 4 10 40 22 11 35 30 50 33 4 43 32 43 21 21 34 43 41 19 54 22 32 26 7 38 43 34 45 23 12 20 13 23 25 28 48 43 43 43 18 29 11 49 28 50 27 44 31 43 29 40 27 46 44 49 0 36 21 36 39 42 35 29 53 40 27 41 25 0 25 33 18 25 37 36 38 40 24 28 46 28 38 48 13 47
38 56 27 46 47 32 53 27 34 45 30 38 30 51 25 46 34 31 48 14 44 14 42 41 22 36 27 25 27 46 15 2 22 37 35 43 14 12 10 43 9 30 42 57 13 24 17 38 34 22 47 45 54 50 30 44 34 35 38 8 38 37 59 5 39 7 7 11 40 31 43 36 0 15 21 38 32 41 33 44 25 35 50 11 36 45 37 23 24 56 38 52 26 14 27 43 24 47 46 28 41
34 44 15 43 33 29 42 16 34 43 22 37 27 42 24 43 19 17 40 1 29 16 31 39 20 21 28 21 28 33 0 13 25 34 23 42 3 13 5 28 17 29 34 47 2 9 6 24 23 15 35 42 45 43 29 30 27 21 37 7 37 28 49 10 36 8 19 7 37 30 40 21 15 0 20 34 30 34 26 42 25 27 42 4 21 33 30 12 17 44 33 42 26 7 21 40 18 39 43 15 38
19 41 21 25 39 11 37 19 14 24 15 17 9 34 4 25 32 26 30 20 40 7 26 20 3 33 8 6 8 38 20 20 8 16 26 22 22 9 17 42 12 9 25 41 18 24 16 33 22 11 35 24 39 31 9 37 19 30 17 22 17 22 44 18 18 21 15 13 19 10 22 36 21 20 0 18 11 23 17 23 5 20 34 20 36 34 18 18 12 42 19 37 6 13 11 22 9 32 25 23 20
2 30 24 12 32 9 24 21 18 16 13 15 9 18 16 10 35 29 14 34 39 25 16 13 16 36 18 13 18 31 34 37 21 3 22 17 37 26 33 45 30 15 11 25 32 33 28 31 17 19 26 9 23 15 15 31 11 30 15 38 16 14 30 34 4 37 33 29 8 16 11 39 38 34 18 0 11 8 10 15 17 13 18 36 39 26 6 24 17 31 4 25 16 27 13 7 16 17 9 26 9
13 40 27 14 40 2 34 24 8 13 17 7 4 29 7 14 38 32 25 30 45 18 26 9 10 39 7 10 7 39 30 31 11 8 28 12 33 20 28 48 23 4 21 36 28 32 25 37 23 17 36 13 34 25 4 38 19 35 7 33 8 23 41 29 9 32 26 24 8 5 11 42 32 30 11 11 0 18 17 12 7 21 29 31 42 35 15 24 17 41 14 35 6 23 14 12 14 27 15 29 9
6 22 22 18 24 16 16 19 26 23 12 23 15 11 22 15 31 26 7 34 33 30 8 21 20 31 25 17 25 23 34 39 28 11 16 25 37 29 33 40 35 22 3 18 32 32 28 25 12 19 18 15 16 9 22 24 7 24 23 38 24 8 22 36 12 38 38 30 16 23 18 35 41 34 23 8 18 0 8 23 23 8 11 36 35 18 5 23 17 23 4 17 23 27 14 13 17 9 14 24 17
9 24 14 22 23 15 19 11 25 25 4 23 13 17 18 20 25 19 14 26 29 23 9 22 14 26 23 11 23 22 26 32 24 12 12 26 29 22 26 35 28 21 8 24 24 24 20 21 7 11 19 19 22 17 21 22 2 20 23 30 24 6 27 28 14 30 31 22 17 22 20 29 33 26 17 10 17 8 0 24 20 4 17 28 29 18 4 15 9 25 7 20 20 19 7 17 10 15 19 16 18
17 45 38 6 47 13 39 35 10 1 27 6 15 32 19 10 49 43 28 42 55 30 31 3 22 50 17 21 17 46 42 43 22 13 37 2 45 32 40 59 35 14 26 38 40 43 37 46 32 28 41 10 37 27 14 46 26 45 6 45 6 29 44 41 11 44 38 36 7 13 5 53 44 42 23 15 12 23 24 0 19 27 32 43 53 40 20 35 28 46 19 40 18 35 25 11 25 32 12 40 6
18 44 25 21 43 8 39 23 10 20 19 13 8 34 2 21 36 30 30 25 44 11 29 16 7 37 3 10 3 42 25 24 5 15 30 18 27 13 22 46 16 5 26 41 23 29 21 37 26 15 39 20 39 31 5 41 22 34 13 26 13 26 46 22 16 25 19 18 15 6 18 40 25 25 5 17 7 23 20 19 0 24 34 25 40 38 19 22 16 45 19 40 1 18 15 19 13 32 22 27 16
11 21 14 24 19 19 16 11 29 28 6 27 17 16 22 22 23 17 14 27 26 26 6 25 17 24 27 14 27 18 27 34 28 15 9 29 30 25 28 33 31 25 8 22 26 24 21 18 4 13 15 21 20 17 25 18 2 17 27 32 28 2 24 30 17 32 34 24 20 26 23 27 35 27 20 13 21 8 4 27 24 0 16 30 27 14 7 15 11 22 9 17 24 21 10 19 13 13 21 16 21
16 13 29 26 23 27 8 26 35 32 21 32 26 0 33 22 37 32 4 43 35 41 11 30 31 37 36 28 36 22 42 49 39 21 22 34 45 40 43 45 46 33 9 7 41 39 37 28 19 28 15 22 5 5 33 24 16 30 32 47 33 14 12 45 21 47 49 39 25 34 27 41 50 42 34 18 29 11 17 32 34 16 0 45 41 17 16 30 26 14 15 8 34 36 24 21 27 3 20 31 26
36 48 19 45 37 31 45 20 35 44 24 38 29 45 24 45 23 21 42 3 33 16 35 40 21 25 29 23 29 37 4 9 25 36 27 42 3 13 3 32 15 29 36 51 4 13 9 28 27 17 39 44 49 45 29 34 29 25 37 3 37 32 53 6 38 4 15 7 39 30 42 25 11 4 20 36 31 36 28 43 25 30 45 0 25 37 32 16 19 48 35 46 26 9 23 42 20 42 45 19 40
38 36 15 51 21 40 37 18 48 54 26 49 38 41 38 49 4 10 40 22 11 35 30 50 33 4 43 32 43 21 21 34 43 41 19 54 22 32 26 7 38 43 34 45 23 12 20 13 23 25 28 48 43 43 43 18 29 11 49 28 50 27 44 31 43 29 40 27 46 44 49 0 36 21 36 39 42 35 29 53 40 27 41 25 0 25 33 18 25 37 36 38 40 24 28 46 28 38 48 13 47
24 11 18 37 6 33 12 18 43 42 19 40 31 17 36 33 21 17 19 34 17 38 10 39 31 21 41 28 41 5 33 44 42 28 10 42 36 37 35 28 43 39 16 20 33 26 28 12 12 25 3 33 18 22 39 7 16 14 40 40 41 12 19 40 30 40 46 34 33 40 36 25 45 33 34 26 35 18 18 40 38 14 17 37 25 0 20 22 23 12 22 13 38 31 23 31 25 15 32 18 34
5 25 18 18 26 13 20 15 23 21 8 20 11 16 17 16 29 23 12 30 33 25 11 18 15 30 21 12 21 25 30 35 23 8 16 22 33 25 29 39 30 19 7 23 28 28 24 25 11 15 21 15 21 14 19 25 5 24 20 34 21 8 27 32 10 34 33 26 13 20 16 33 37 30 18 6 15 5 4 20 19 7 16 32 33 20 0 19 13 26 3 21 19 23 9 13 12 14 15 20 14
23 32 4 35 24 22 29 4 30 36 11 31 20 30 20 34 14 9 29 13 23 20 19 32 15 16 25 14 25 23 12 22 26 24 12 36 15 17 14 25 23 25 23 35 12 9 7 16 11 7 24 32 33 32 25 21 16 13 31 19 32 16 37 18 26 19 25 12 29 26 32 18 23 12 18 24 24 23 15 35 22 15 30 16 18 22 19 0 7 33 22 30 22 9 11 30 10 27 33 6 30
17 32 10 28 27 15 27 7 24 29 5 24 13 26 14 27 21 15 23 17 28 16 17 25 9 22 19 7 19 26 17 22 20 17 14 29 20 14 16 31 20 19 17 32 15 16 11 21 11 2 25 25 30 26 19 25 10 18 24 21 25 13 35 19 19 21 23 13 22 20 25 25 24 17 12 17 17 17 9 28 16 11 26 19 25 23 13 7 0 33 16 28 16 10 4 23 3 23 26 12 23
29 1 30 40 16 39 7 29 49 46 28 46 37 14 43 36 33 30 18 46 29 48 16 44 39 33 47 36 47 16 45 55 49 34 21 48 47 47 46 40 53 45 20 11 44 38 39 24 23 35 9 36 10 19 45 19 23 26 46 51 47 20 7 51 35 51 56 45 39 46 41 37 56 44 42 31 41 23 25 46 45 22 14 48 37 12 26 33 33 0 27 6 45 42 32 35 35 14 34 30 40
2 26 21 15 28 12 20 18 22 20 11 19 11 15 18 13 32 26 11 33 35 26 12 17 16 33 21 13 21 27 33 37 24 7 18 21 36 26 32 42 31 18 7 22 31 31 27 27 13 18 22 12 20 12 18 27 7 26 19 37 20 10 26 34 8 36 34 28 12 19 15 36 38 33 19 4 14 4 7 19 19 9 15 35 36 22 3 22 16 27 0 21 19 26 12 10 15 13 12 23 13
23 5 28 34 17 33 1 26 43 40 23 40 32 8 38 30 34 29 12 43 30 43 11 38 34 34 42 31 42 17 42 51 44 28 20 42 45 42 44 41 48 39 14 7 42 37 37 25 19 30 10 30 5 13 39 20 18 27 40 49 41 15 7 47 29 49 51 41 33 40 35 38 52 42 37 25 35 17 20 40 40 17 8 46 38 13 21 30 28 6 21 0 40 38 27 29 30 8 28 29 34
18 44 26 20 43 7 39 23 9 19 19 12 8 34 2 20 37 31 30 26 44 12 29 15 7 37 3 10 3 42 26 25 5 14 30 17 28 14 23 46 17 4 26 41 24 30 22 37 26 15 39 19 39 31 4 41 22 34 12 27 12 26 45 23 15 26 20 19 14 5 17 40 26 26 6 16 6 23 20 18 1 24 34 26 40 38 19 22 16 45 19 40 0 19 15 18 13 32 21 27 15
27 41 13 36 33 22 37 13 27 36 15 30 20 36 17 36 22 18 33 7 32 11 27 32 13 24 21 14 21 32 7 12 20 27 21 35 10 8 6 31 14 22 27 42 5 12 4 25 20 8 33 35 40 36 22 30 20 22 30 11 30 23 45 9 29 11 16 3 30 23 33 24 14 7 13 27 23 27 19 35 18 21 36 9 24 31 23 9 10 42 26 38 19 0 14 33 11 33 36 15 31
13 31 13 23 28 12 26 10 22 26 4 21 10 24 13 22 24 18 21 21 31 16 16 22 8 25 18 5 18 27 21 25 19 13 15 26 24 15 20 34 21 17 15 31 19 20 15 23 11 6 24 21 29 23 17 26 9 21 21 25 22 12 34 22 15 24 24 16 18 18 21 28 27 21 11 13 14 14 7 25 15 10 24 23 28 23 9 11 4 32 12 27 15 14 0 19 3 22 22 15 19
8 34 31 5 37 11 28 28 16 11 20 11 13 21 18 3 42 36 17 40 45 29 21 9 21 43 19 19 19 36 40 42 23 6 28 13 43 31 39 52 34 16 16 27 38 39 34 37 23 25 31 2 26 16 16 37 17 36 11 44 12 20 33 40 4 43 37 35 5 16 6 46 43 40 22 7 12 13 17 11 19 19 21 42 46 31 13 30 23 35 10 29 18 33 19 0 22 21 3 33 5
16 34 13 26 30 12 29 10 21 26 7 21 10 27 11 25 24 18 24 18 31 13 19 22 6 25 16 4 16 29 18 22 17 16 17 26 21 12 17 34 18 16 18 34 16 18 12 24 13 3 27 24 32 26 16 28 12 21 21 22 22 15 37 19 18 21 21 13 20 17 23 28 24 18 9 16 14 17 10 25 13 13 27 20 28 25 12 10 3 35 15 30 13 11 3 22 0 25 25 15 21
15 13 26 26 21 25 7 23 35 32 18 32 24 3 31 22 34 29 4 40 32 38 8 30 29 34 34 26 34 20 39 46 37 20 19 34 42 37 40 42 43 31 7 9 38 36 34 25 16 25 13 22 7 7 31 22 13 27 32 44 33 11 13 42 21 44 46 36 25 32 27 38 47 39 32 17 27 9 15 32 32 13 3 42 38 15 14 27 23 14 13 8 32 33 22 21 25 0 20 28 26
10 33 33 6 38 14 27 30 18 12 22 13 16 20 21 2 44 38 16 43 47 32 22 10 24 45 21 22 21 37 43 45 26 9 30 14 46 34 42 54 37 18 16 26 41 42 37 39 25 28 32 2 25 15 18 38 19 38 13 47 14 22 32 43 7 46 40 38 7 18 7 48 46 43 25 9 15 14 19 12 22 21 20 45 48 32 15 33 26 34 12 28 21 36 22 3 25 20 0 35 7
25 29 2 38 19 27 28 5 36 41 13 36 25 31 26 36 9 3 30 16 17 26 20 37 20 10 30 19 30 18 15 26 31 28 9 41 18 23 18 19 29 30 24 35 16 8 11 10 12 12 21 35 33 33 30 16 17 7 36 22 37 17 36 23 30 23 31 18 33 31 36 13 28 15 23 26 29 24 16 40 27 16 31 19 13 18 20 6 12 30 23 29 27 15 15 33 15 28 35 0 34
11 39 32 5 40 9 33 29 11 7 21 6 11 26 16 6 43 37 22 38 48 27 25 4 19 44 15 17 15 39 38 40 20 6 30 8 41 29 37 53 32 12 20 32 36 39 33 39 25 24 35 5 31 21 12 39 19 38 6 42 7 22 38 38 5 41 35 33 1 11 2 47 41 38 20 9 9 17 18 6 16 21 26 40 47 34 14 30 23 40 13 34 15 31 19 5 21 26 7 34 0
0         1113     
804       971      
214       355      
501       672      
236       442      
397       556      
286       458      
710       863      
400       604      
463       611      
0         80       
444       598      
361       540      
332       486      
371       585      
470       631      
136       314      
132       337      
335       461      
18        156      
696       827      
45        242      
369       485      
443       649      
0         123      
236       374      
392       532      
0         99       
425       592      
257       417      
13        143      
58        179      
413       608      
376       508      
208       352      
452       612      
0         147      
0         168      
0         140      
668       833      
41        175      
393       563      
362       524      
912       1090     
4         187      
227       385      
58        244      
275       408      
178       317      
0         119      
259       442      
496       680      
329       439      
299       514      
384       573      
238       401      
348       502      
176       297      
503       634      
111       236      
444       609      
183       326      
797       930      
16        154      
395       515      
0         147      
57        229      
15        144      
545       647      
387       568      
509       625      
160       289      
8         181      
76        222      
0         139      
395       548      
465       583      
728       927      
158       361      
492       661      
419       542      
189       329      
339       503      
3         191      
726       869      
276       402      
0         58       
213       359      
0         125      
765       958      
0         89       
773       917      
381       547      
607       757      
0         103      
542       659      
0         136      
318       466      
470       688      
196       366      
562       744      
