101
0 21 15 22 21 9 23 30 23 24 25 8 17 32 23 12 14 19 25 20 13 13 14 25 19 30 20 7 20 24 16 15 38 13 10 2 23 27 15 14 22 11 9 28 2 19 24 25 6 22 15 2 22 28 40 25 8 35 22 8 20 23 25 4 18 26 14 9 28 11 17 14 28 5 24 34 33 17 16 20 30 13 18 28 24 23 11 16 4 2 31 20 1 6 23 16 21 20 28 17 25
21 0 7 22 40 22 8 13 3 10 11 29 38 14 17 31 13 21 5 38 34 34 26 4 27 27 18 14 27 5 11 15 18 11 18 20 27 29 36 21 38 26 30 20 22 36 36 39 27 15 19 19 16 8 20 37 29 15 15 13 1 44 7 25 37 38 17 12 24 10 17 30 18 26 23 17 12 13 5 40 22 34 3 9 8 29 27 8 25 23 13 32 22 16 9 29 17 39 9 33 21
15 7 0 17 36 15 8 15 8 14 15 23 32 20 14 24 6 21 11 33 28 28 19 10 20 28 13 7 26 11 10 14 23 4 11 14 21 29 30 19 31 21 24 19 16 29 29 32 21 17 12 12 17 13 25 30 22 20 17 6 6 38 13 18 30 31 10 6 25 4 11 23 22 19 23 19 18 9 2 35 25 27 4 14 10 23 22 4 18 16 19 25 15 9 9 22 13 34 15 28 22
22 22 17 0 42 13 16 22 22 31 32 29 38 36 8 17 10 35 27 42 34 33 10 23 7 45 5 18 40 27 26 28 29 12 12 23 5 43 29 33 19 33 27 12 24 18 16 19 27 32 7 21 33 23 30 18 26 28 32 17 22 43 29 24 20 19 8 18 41 17 5 15 38 24 38 23 30 8 18 41 40 31 20 25 18 8 33 13 20 21 35 13 22 18 16 12 6 41 31 39 37
21 40 36 42 0 29 44 51 43 36 37 13 6 44 44 28 35 24 41 3 9 10 34 44 39 34 41 28 19 39 30 26 58 34 31 21 43 28 17 20 36 15 16 49 20 34 40 40 15 32 35 23 31 48 60 40 17 55 32 29 39 6 39 18 30 41 35 29 33 31 38 31 37 18 29 55 52 38 37 1 36 14 38 48 45 43 13 37 22 21 42 37 20 26 44 34 41 1 41 8 31
9 22 15 13 29 0 19 26 23 26 27 16 25 34 16 9 9 26 26 29 21 20 6 25 10 37 13 9 28 25 19 20 34 11 4 10 14 34 18 22 16 20 14 21 11 14 16 18 14 26 6 8 26 26 36 17 13 32 26 9 21 30 26 11 15 18 7 10 34 12 9 8 32 11 30 29 33 10 17 28 34 18 19 28 21 14 20 14 7 8 32 12 9 7 20 8 13 28 29 26 30
23 8 8 16 44 19 0 7 6 18 19 31 40 22 10 28 10 29 12 41 36 36 23 7 23 35 11 15 34 13 18 22 15 9 15 22 21 37 37 27 35 29 32 12 24 33 32 35 29 23 16 20 24 7 17 34 30 13 23 14 8 46 15 26 34 35 14 14 32 12 13 27 26 27 31 11 14 10 7 43 30 35 8 9 2 24 30 6 25 24 21 29 23 16 1 26 10 42 17 36 29
30 13 15 22 51 26 7 0 10 23 24 38 47 23 14 35 17 34 16 48 43 43 29 10 29 40 17 22 40 18 23 27 8 16 22 29 27 42 44 33 41 36 39 12 31 39 38 41 36 28 22 27 29 5 10 40 37 6 28 21 13 53 20 33 40 41 21 21 37 19 19 33 31 34 36 4 10 17 14 50 35 42 14 6 6 30 37 13 32 31 23 35 30 23 7 32 16 49 20 43 34
23 3 8 22 43 23 6 10 0 13 14 31 40 15 16 32 14 24 6 41 36 36 27 2 27 30 17 15 30 8 13 17 15 12 19 22 27 32 38 23 39 28 32 18 24 37 36 39 29 18 20 20 19 5 17 38 30 12 18 14 3 46 10 26 38 39 18 14 27 12 17 31 21 27 26 14 10 14 6 43 25 35 5 6 5 29 29 9 26 24 15 33 23 17 7 30 16 41 11 35 24
24 10 14 31 36 26 18 23 13 0 1 30 38 8 27 34 20 13 7 34 34 35 32 13 34 17 27 18 20 5 8 10 27 18 23 22 35 19 39 16 42 22 33 30 24 40 42 44 28 5 26 22 6 18 29 43 32 24 5 17 10 42 3 28 40 44 24 16 14 14 25 34 8 29 13 27 17 22 13 37 12 37 11 17 18 37 23 17 28 26 7 38 25 19 19 34 26 35 5 28 11
25 11 15 32 37 27 19 24 14 1 0 31 39 7 28 35 21 13 8 34 35 36 33 14 35 16 28 19 20 6 9 11 28 19 24 23 36 18 40 17 43 23 34 31 25 41 43 45 29 5 27 23 6 19 30 44 33 25 5 18 11 43 4 29 41 45 25 17 13 15 26 35 7 30 12 28 18 23 14 38 11 38 12 18 19 38 24 18 29 27 6 39 26 20 20 35 27 36 5 29 10
8 29 23 29 13 16 31 38 31 30 31 0 9 38 31 15 22 21 32 13 5 5 21 33 26 32 28 15 18 31 22 20 46 21 18 9 30 27 9 16 24 9 4 36 7 22 27 28 2 28 22 10 27 36 48 28 4 43 28 16 28 15 31 5 19 29 22 17 30 19 25 18 34 5 26 42 41 25 24 12 33 7 26 36 32 30 8 24 9 8 37 24 7 14 31 21 28 12 34 11 28
17 38 32 38 6 25 40 47 40 38 39 9 0 46 40 22 31 28 41 9 4 4 28 42 33 38 37 24 23 40 31 27 55 30 27 18 37 32 11 23 30 16 10 45 16 28 34 34 11 35 31 19 34 45 57 34 11 52 35 25 37 6 40 14 24 35 31 26 37 28 34 25 41 14 33 51 50 34 33 5 40 8 35 45 41 37 14 33 17 17 44 31 16 23 40 28 37 6 42 12 35
32 14 20 36 44 34 22 23 15 8 7 38 46 0 31 42 26 19 9 41 42 43 39 15 40 17 32 25 26 9 16 18 27 24 30 30 41 22 47 23 50 30 41 33 32 48 49 52 36 11 32 30 12 19 29 50 40 24 11 24 14 49 7 36 48 51 30 23 15 21 31 41 8 37 16 27 16 27 18 44 12 45 16 17 20 43 31 22 36 34 1 45 33 27 22 41 30 43 5 35 14
23 17 14 8 44 16 10 14 16 27 28 31 40 31 0 23 10 35 22 43 36 36 16 17 15 42 3 18 40 22 24 28 21 12 13 23 13 43 34 33 27 33 30 5 25 25 24 27 29 31 9 21 31 16 22 26 29 20 31 17 17 46 24 26 27 27 9 18 39 17 6 20 35 27 37 15 23 7 14 43 39 34 16 18 11 16 33 10 23 23 30 21 23 18 9 19 2 43 26 39 36
12 31 24 17 28 9 28 35 32 34 35 15 22 42 23 0 18 31 35 28 19 18 7 34 11 42 20 17 32 34 27 26 43 20 13 14 15 39 12 26 9 22 12 28 13 7 12 13 14 34 13 13 33 35 45 13 11 41 34 18 30 28 35 11 6 14 15 19 40 21 16 3 40 11 36 37 42 19 26 27 41 14 28 37 30 15 21 23 8 10 41 9 11 15 29 6 20 27 38 26 36
14 13 6 10 35 9 10 17 14 20 21 22 31 26 10 18 0 25 17 34 27 27 13 16 14 34 8 8 30 17 15 18 25 2 5 13 15 33 27 23 25 23 22 15 15 23 22 25 20 22 6 12 22 17 27 24 21 23 22 7 12 37 19 17 24 25 4 8 30 7 5 17 28 18 28 21 24 3 8 34 30 26 10 19 12 17 23 5 15 14 25 19 15 8 11 16 8 34 21 29 27
19 21 21 35 24 26 29 34 24 13 13 21 28 19 35 31 25 0 20 21 25 26 32 25 36 11 33 18 7 18 11 7 39 23 25 17 39 8 30 5 40 12 25 40 18 38 42 44 20 8 30 19 7 29 41 43 24 36 8 19 21 30 16 21 37 44 28 18 9 18 30 33 13 22 5 38 30 28 22 25 12 28 21 30 29 40 14 25 23 21 18 38 20 19 30 34 33 24 18 16 7
25 5 11 27 41 26 12 16 6 7 8 32 41 9 22 35 17 20 0 39 37 37 30 6 31 24 22 18 27 2 11 15 20 15 22 23 32 26 40 21 42 26 34 24 25 40 39 42 30 12 23 23 13 11 22 41 33 17 12 17 5 46 4 29 41 42 21 16 21 14 22 34 15 30 20 20 11 18 9 41 19 38 7 10 11 34 28 13 29 27 9 36 26 20 13 33 21 40 5 33 18
20 38 33 42 3 29 41 48 41 34 34 13 9 41 43 28 34 21 39 0 9 10 34 42 39 31 40 27 16 37 27 23 56 33 30 20 43 25 18 17 36 12 16 48 18 34 40 40 15 29 35 21 28 46 58 40 17 53 29 28 37 9 36 18 30 41 34 28 30 29 37 31 34 18 26 52 49 36 35 4 33 14 36 46 43 43 11 36 22 21 39 37 20 25 42 34 40 3 38 5 28
13 34 28 34 9 21 36 43 36 34 35 5 4 42 36 19 27 25 37 9 0 1 25 38 30 35 33 20 21 36 27 24 51 26 23 14 34 30 8 20 27 13 7 41 12 25 31 31 7 32 27 15 31 41 53 31 8 48 32 21 33 10 36 10 21 32 27 22 34 24 30 22 38 10 30 47 46 30 29 8 37 5 31 41 37 34 11 29 14 13 41 28 12 19 36 25 33 8 39 10 32
13 34 28 33 10 20 36 43 36 35 36 5 4 43 36 18 27 26 37 10 1 0 24 38 29 36 33 20 22 36 27 25 51 26 23 14 33 31 7 21 26 14 6 41 12 24 30 30 7 33 26 15 32 41 53 30 7 48 33 21 33 10 36 10 20 31 27 22 35 24 29 21 39 10 31 47 46 30 29 9 38 4 31 41 37 33 12 29 13 13 42 27 12 19 36 24 33 9 39 11 33
14 26 19 10 34 6 23 29 27 32 33 21 28 39 16 7 13 32 30 34 25 24 0 29 5 43 13 15 34 30 25 26 37 15 8 16 9 40 19 28 12 25 18 21 16 10 10 12 19 32 7 14 32 30 38 11 17 35 32 15 25 34 31 16 11 12 9 16 40 17 10 5 38 16 36 31 37 13 21 33 40 21 23 32 25 9 25 18 12 13 37 6 14 13 23 3 14 33 34 31 36
25 4 10 23 44 25 7 10 2 13 14 33 42 15 17 34 16 25 6 42 38 38 29 0 29 30 18 17 31 8 15 19 15 14 21 24 28 32 40 25 41 30 34 19 26 39 38 41 31 18 22 22 19 5 17 40 32 12 18 16 5 48 10 28 40 41 20 15 27 13 19 33 21 29 26 14 8 16 8 44 25 37 6 5 6 31 31 11 28 26 14 35 25 19 8 32 17 43 10 37 24
19 27 20 7 39 10 23 29 27 34 35 26 33 40 15 11 14 36 31 39 30 29 5 29 0 47 12 19 38 31 29 30 36 16 12 20 4 44 23 32 12 30 23 19 21 11 9 12 24 36 8 18 36 30 37 11 22 35 36 19 26 39 33 21 13 12 10 20 44 21 10 8 42 21 40 30 37 13 22 38 44 25 24 32 25 4 30 18 17 18 39 6 19 17 23 5 13 38 35 36 40
30 27 28 45 34 37 35 40 30 17 16 32 38 17 42 42 34 11 24 31 35 36 43 30 47 0 41 28 15 22 18 16 44 31 35 28 49 6 41 16 51 23 36 46 29 49 53 55 31 12 40 29 11 35 46 54 35 41 12 28 27 40 20 32 48 55 37 27 3 26 39 43 9 33 6 44 33 36 28 35 5 39 27 34 35 50 25 32 34 32 17 49 31 29 36 45 41 34 20 26 6
20 18 13 5 41 13 11 17 17 27 28 28 37 32 3 20 8 33 22 40 33 33 13 18 12 41 0 16 38 23 23 26 24 10 10 21 10 41 31 31 24 31 27 8 22 22 21 24 26 30 6 19 30 18 25 23 26 23 30 15 17 43 25 23 24 24 6 16 38 15 3 17 35 24 36 18 25 5 14 40 38 31 16 20 13 13 31 10 20 20 31 18 20 16 11 16 1 40 27 37 35
7 14 7 18 28 9 15 22 15 18 19 15 24 25 18 17 8 18 18 27 20 20 15 17 19 28 16 0 22 17 10 12 30 6 7 7 21 26 22 15 25 15 16 23 8 23 25 27 13 17 12 5 17 20 32 26 15 27 17 1 13 30 18 11 23 27 10 2 25 4 13 17 23 12 22 26 25 11 9 27 25 20 11 21 17 22 16 9 11 9 24 21 8 2 16 17 16 27 21 22 22
20 27 26 40 19 28 34 40 30 20 20 18 23 26 40 32 30 7 27 16 21 22 34 31 38 15 38 22 0 25 16 12 45 28 28 18 42 9 27 7 41 9 22 45 18 39 44 45 18 15 33 20 14 35 47 45 22 42 15 23 26 25 23 20 36 46 32 22 14 23 35 33 19 21 10 43 37 33 27 20 17 25 26 35 34 42 11 30 23 21 25 39 20 22 35 35 38 19 25 11 12
24 5 11 27 39 25 13 18 8 5 6 31 40 9 22 34 17 18 2 37 36 36 30 8 31 22 23 17 25 0 9 13 22 15 22 22 32 24 39 19 41 24 33 25 24 39 39 42 29 10 23 22 11 13 24 41 32 19 10 16 6 44 2 28 40 42 21 15 19 13 22 33 13 29 18 22 13 18 9 39 17 37 7 12 13 34 26 13 28 26 8 36 25 19 14 33 22 38 4 31 16
16 11 10 26 30 19 18 23 13 8 9 22 31 16 24 27 15 11 11 27 27 27 25 15 29 18 23 10 16 9 0 4 28 13 17 14 30 19 31 10 35 15 25 29 16 33 35 37 20 7 21 14 7 18 30 36 24 25 7 10 10 35 9 20 33 37 19 9 15 8 20 27 13 21 13 27 22 18 11 30 15 29 10 19 18 32 17 14 20 18 15 31 17 12 19 27 23 29 12 22 12
15 15 14 28 26 20 22 27 17 10 11 20 27 18 28 26 18 7 15 23 24 25 26 19 30 16 26 12 12 13 4 0 32 16 19 13 33 15 29 6 35 12 23 33 14 33 36 38 18 8 23 13 7 22 34 37 22 29 8 12 14 31 13 18 32 38 21 11 13 11 23 27 14 19 10 31 26 21 15 26 15 27 14 23 22 34 13 18 19 17 17 32 16 13 23 28 26 25 15 18 10
38 18 23 29 58 34 15 8 15 27 28 46 55 27 21 43 25 39 20 56 51 51 37 15 36 44 24 30 45 22 28 32 0 24 30 37 34 46 52 38 48 43 46 18 38 46 45 48 43 32 30 35 33 10 2 47 45 3 32 29 18 60 24 41 48 48 29 29 41 27 27 41 35 42 40 6 11 25 21 57 39 50 20 10 14 37 44 21 40 39 27 42 38 31 15 40 23 56 24 50 38
13 11 4 12 34 11 9 16 12 18 19 21 30 24 12 20 2 23 15 33 26 26 15 14 16 31 10 6 28 15 13 16 24 0 7 12 17 31 28 21 27 21 22 17 14 25 24 27 19 20 8 11 20 15 26 26 21 22 20 5 10 36 17 17 26 27 6 6 28 5 7 19 26 18 26 20 22 5 6 33 28 26 8 17 11 19 22 3 16 14 23 21 14 7 10 18 10 33 19 28 25
10 18 11 12 31 4 15 22 19 23 24 18 27 30 13 13 5 25 22 30 23 23 8 21 12 35 10 7 28 22 17 19 30 7 0 11 14 33 22 21 20 21 17 18 12 18 18 20 15 24 5 9 24 22 32 19 16 28 24 7 17 33 23 13 19 20 4 8 32 9 7 12 30 14 29 26 29 7 13 30 32 21 15 24 17 15 21 10 10 10 29 14 10 6 16 11 11 29 26 27 29
2 20 14 23 21 10 22 29 22 22 23 9 18 30 23 14 13 17 23 20 14 14 16 24 20 28 21 7 18 22 14 13 37 12 11 0 24 25 17 12 23 10 11 28 2 21 26 27 7 20 16 2 20 27 38 27 10 34 20 8 19 24 23 6 20 28 15 8 26 10 18 16 26 7 22 32 32 16 16 21 28 15 17 28 23 24 10 15 6 4 29 22 3 5 22 18 21 21 26 16 23
23 27 21 5 43 14 21 27 27 35 36 30 37 41 13 15 15 39 32 43 34 33 9 28 4 49 10 21 42 32 30 33 34 17 14 24 0 47 27 35 15 34 27 16 25 15 11 14 28 37 9 22 37 28 35 13 26 33 37 20 26 43 34 25 17 14 11 21 45 22 10 12 43 25 42 28 35 13 23 42 45 29 25 30 23 3 34 18 21 22 40 10 23 20 21 9 11 42 36 40 42
27 29 29 43 28 34 37 42 32 19 18 27 32 22 43 39 33 8 26 25 30 31 40 32 44 6 41 26 9 24 19 15 46 31 33 25 47 0 36 13 48 18 31 48 26 46 50 52 27 14 38 27 13 37 48 51 31 43 14 27 29 34 22 29 45 52 36 26 7 26 38 41 14 30 6 46 36 36 30 29 10 34 29 36 37 48 20 33 31 29 22 46 28 27 38 42 41 28 23 20 8
15 36 30 29 17 18 37 44 38 39 40 9 11 47 34 12 27 30 40 18 8 7 19 40 23 41 31 22 27 39 31 29 52 28 22 17 27 36 0 25 19 18 6 39 15 17 23 23 11 37 24 17 36 42 54 23 7 49 37 23 35 17 40 11 13 24 25 24 39 26 27 15 43 10 35 47 47 28 31 16 42 3 33 43 39 27 17 31 12 13 46 20 14 20 38 18 31 16 43 18 37
14 21 19 33 20 22 27 33 23 16 17 16 23 23 33 26 23 5 21 17 20 21 28 25 32 16 31 15 7 19 10 6 38 21 21 12 35 13 25 0 35 7 20 38 13 33 38 39 15 12 26 14 11 28 40 39 19 35 12 16 20 26 19 16 32 40 25 15 14 16 28 28 18 17 10 37 32 26 20 21 17 23 20 29 28 36 9 23 18 16 22 34 15 15 28 30 31 20 21 12 12
22 38 31 19 36 16 35 41 39 42 43 24 30 50 27 9 25 40 42 36 27 26 12 41 12 51 24 25 41 41 35 35 48 27 20 23 15 48 19 35 0 31 20 31 22 2 5 4 23 42 19 22 42 42 49 4 20 47 42 25 37 36 42 20 6 5 21 26 48 28 22 8 48 20 45 42 49 25 33 35 50 22 35 44 37 13 30 30 17 19 48 6 20 23 35 9 25 35 45 35 45
11 26 21 33 15 20 29 36 28 22 23 9 16 30 33 22 23 12 26 12 13 14 25 30 30 23 31 15 9 24 15 12 43 21 21 10 34 18 18 7 31 0 13 38 9 29 34 35 9 19 26 12 18 33 45 35 13 40 19 16 25 20 24 11 27 36 25 16 21 17 28 24 25 12 17 40 37 26 23 15 24 16 24 34 31 34 2 24 14 12 29 30 11 15 30 26 31 14 27 7 19
9 30 24 27 16 14 32 39 32 33 34 4 10 41 30 12 22 25 34 16 7 6 18 34 23 36 27 16 22 33 25 23 46 22 17 11 27 31 6 20 20 13 0 35 9 18 24 24 5 31 20 11 30 36 48 24 1 43 31 17 29 16 34 5 15 25 21 18 34 20 23 15 37 4 30 42 41 24 25 15 37 4 27 37 33 27 12 25 7 8 40 21 8 15 32 18 27 15 37 15 32
28 20 19 12 49 21 12 12 18 30 31 36 45 33 5 28 15 40 24 48 41 41 21 19 19 46 8 23 45 25 29 33 18 17 18 28 16 48 39 38 31 38 35 0 30 30 27 30 33 34 14 26 35 16 19 29 34 17 34 22 20 51 27 31 32 30 14 23 43 22 11 25 38 32 42 12 22 12 18 48 42 39 19 18 13 19 38 15 28 28 33 25 28 23 11 24 7 47 29 44 40
2 22 16 24 20 11 24 31 24 24 25 7 16 32 25 13 15 18 25 18 12 12 16 26 21 29 22 8 18 24 16 14 38 14 12 2 25 26 15 13 22 9 9 30 0 20 25 26 5 22 17 3 21 28 40 26 8 35 22 9 21 22 25 4 19 27 16 10 27 12 19 15 28 5 23 34 33 18 17 19 29 13 19 29 25 25 9 17 5 3 31 21 2 7 24 17 22 19 28 15 24
19 36 29 18 34 14 33 39 37 40 41 22 28 48 25 7 23 38 40 34 25 24 10 39 11 49 22 23 39 39 33 33 46 25 18 21 15 46 17 33 2 29 18 30 20 0 6 6 21 40 17 20 40 40 47 6 18 45 40 23 35 34 40 18 4 7 19 24 46 26 20 6 46 18 43 40 47 23 31 33 48 20 33 42 35 12 28 28 15 17 46 5 18 21 33 7 23 33 43 33 43
24 36 29 16 40 16 32 38 36 42 43 27 34 49 24 12 22 42 39 40 31 30 10 38 9 53 21 25 44 39 35 36 45 24 18 26 11 50 23 38 5 34 24 27 25 6 0 3 26 42 16 24 42 39 46 2 23 44 42 25 34 40 41 23 10 3 18 26 49 27 19 10 48 23 46 39 46 22 30 39 50 26 32 41 34 8 33 27 20 22 47 4 23 23 32 8 22 39 43 38 46
25 39 32 19 40 18 35 41 39 44 45 28 34 52 27 13 25 44 42 40 31 30 12 41 12 55 24 27 45 42 37 38 48 27 20 27 14 52 23 39 4 35 24 30 26 6 3 0 27 44 19 26 44 42 49 1 24 47 44 27 37 40 43 24 10 1 21 28 51 29 22 12 50 24 48 42 49 25 33 39 52 26 35 44 37 11 34 30 21 23 49 6 24 25 35 10 25 39 46 39 48
6 27 21 27 15 14 29 36 29 28 29 2 11 36 29 14 20 20 30 15 7 7 19 31 24 31 26 13 18 29 20 18 43 19 15 7 28 27 11 15 23 9 5 33 5 21 26 27 0 26 20 8 25 33 45 27 4 40 26 14 26 17 29 3 19 28 19 15 29 17 22 16 32 3 25 39 38 22 22 14 32 9 24 34 30 28 7 22 7 6 35 22 5 12 29 19 26 14 32 12 27
22 15 17 32 32 26 23 28 18 5 5 28 35 11 31 34 22 8 12 29 32 33 32 18 36 12 30 17 15 10 7 8 32 20 24 20 37 14 37 12 42 19 31 34 22 40 42 44 26 0 28 21 1 23 34 43 30 29 0 17 15 38 8 26 40 44 26 16 9 15 27 34 6 27 8 32 22 25 17 33 8 35 15 22 23 39 21 21 26 24 10 38 23 19 24 34 30 32 10 24 6
15 19 12 7 35 6 16 22 20 26 27 22 31 32 9 13 6 30 23 35 27 26 7 22 8 40 6 12 33 23 21 23 30 8 5 16 9 38 24 26 19 26 20 14 17 17 16 19 20 28 0 14 28 23 31 18 19 28 28 11 18 36 25 17 18 19 2 12 36 13 3 11 34 17 33 24 30 6 14 34 36 24 16 25 18 11 26 11 13 14 31 13 15 11 16 10 7 34 27 32 33
2 19 12 21 23 8 20 27 20 22 23 10 19 30 21 13 12 19 23 21 15 15 14 22 18 29 19 5 20 22 14 13 35 11 9 2 22 27 17 14 22 12 11 26 3 20 24 26 8 21 14 0 20 25 37 25 10 32 21 6 18 25 23 6 19 26 13 7 26 9 16 14 27 7 23 31 30 15 14 22 28 15 16 26 22 22 12 14 6 4 29 20 3 4 21 16 19 22 26 18 23
22 16 17 33 31 26 24 29 19 6 6 27 34 12 31 33 22 7 13 28 31 32 32 19 36 11 30 17 14 11 7 7 33 20 24 20 37 13 36 11 42 18 30 35 21 40 42 44 25 1 28 20 0 24 35 43 29 30 1 17 16 37 9 25 39 44 26 16 8 15 27 34 7 26 7 33 23 25 17 32 8 34 16 23 24 39 20 21 26 24 11 38 23 19 25 34 30 31 11 23 5
28 8 13 23 48 26 7 5 5 18 19 36 45 19 16 35 17 29 11 46 41 41 30 5 30 35 18 20 35 13 18 22 10 15 22 27 28 37 42 28 42 33 36 16 28 40 39 42 33 23 23 25 24 0 12 41 35 7 23 19 8 50 15 31 41 42 21 19 32 17 20 34 26 32 31 9 7 17 11 47 30 40 10 2 5 31 34 12 31 29 18 36 28 22 7 33 17 46 15 40 29
40 20 25 30 60 36 17 10 17 29 30 48 57 29 22 45 27 41 22 58 53 53 38 17 37 46 25 32 47 24 30 34 2 26 32 38 35 48 54 40 49 45 48 19 40 47 46 49 45 34 31 37 35 12 0 48 47 5 34 31 20 62 26 43 49 49 30 31 43 29 28 42 37 44 42 7 13 26 23 59 41 52 22 12 16 38 46 23 42 40 29 43 40 33 17 41 24 58 26 52 40
25 37 30 18 40 17 34 40 38 43 44 28 34 50 26 13 24 43 41 40 31 30 11 40 11 54 23 26 45 41 36 37 47 26 19 27 13 51 23 39 4 35 24 29 26 6 2 1 27 43 18 25 43 41 48 0 24 46 43 26 36 40 42 24 10 1 20 27 50 28 21 11 49 24 47 41 48 24 32 39 51 26 34 43 36 10 34 29 21 23 48 5 24 24 34 9 24 39 45 39 47
8 29 22 26 17 13 30 37 30 32 33 4 11 40 29 11 21 24 33 17 8 7 17 32 22 35 26 15 22 32 24 22 45 21 16 10 26 31 7 19 20 13 1 34 8 18 23 24 4 30 19 10 29 35 47 24 0 42 30 16 28 17 33 4 15 25 20 17 33 19 22 14 36 3 29 41 40 23 24 16 36 5 26 36 32 26 11 24 6 7 39 20 7 14 31 17 26 16 36 15 31
35 15 20 28 55 32 13 6 12 24 25 43 52 24 20 41 23 36 17 53 48 48 35 12 35 41 23 27 42 19 25 29 3 22 28 34 33 43 49 35 47 40 43 17 35 45 44 47 40 29 28 32 30 7 5 46 42 0 29 26 15 57 21 38 46 47 27 26 38 24 25 39 32 39 37 5 8 23 18 54 36 47 17 7 11 36 41 19 38 36 24 41 35 29 13 38 22 53 21 47 35
22 15 17 32 32 26 23 28 18 5 5 28 35 11 31 34 22 8 12 29 32 33 32 18 36 12 30 17 15 10 7 8 32 20 24 20 37 14 37 12 42 19 31 34 22 40 42 44 26 0 28 21 1 23 34 43 30 29 0 17 15 38 8 26 40 44 26 16 9 15 27 34 6 27 8 32 22 25 17 33 8 35 15 22 23 39 21 21 26 24 10 38 23 19 24 34 30 32 10 24 6
8 13 6 17 29 9 14 21 14 17 18 16 25 24 17 18 7 19 17 28 21 21 15 16 19 28 15 1 23 16 10 12 29 5 7 8 20 27 23 16 25 16 17 22 9 23 25 27 14 17 11 6 17 19 31 26 16 26 17 0 12 31 17 12 24 27 9 1 25 3 12 17 23 13 22 25 24 10 8 28 25 21 10 20 16 22 17 8 12 10 23 21 9 3 15 17 15 28 20 23 22
20 1 6 22 39 21 8 13 3 10 11 28 37 14 17 30 12 21 5 37 33 33 25 5 26 27 17 13 26 6 10 14 18 10 17 19 26 29 35 20 37 25 29 20 21 35 34 37 26 15 18 18 16 8 20 36 28 15 15 12 0 43 8 24 36 37 16 11 24 9 16 29 18 25 23 17 13 13 4 39 22 33 2 9 8 28 26 8 24 22 14 31 21 15 9 28 16 38 10 32 21
23 44 38 43 6 30 46 53 46 42 43 15 6 49 46 28 37 30 46 9 10 10 34 48 39 40 43 30 25 44 35 31 60 36 33 24 43 34 17 26 36 20 16 51 22 34 40 40 17 38 36 25 37 50 62 40 17 57 38 31 43 0 44 20 30 41 36 32 39 34 39 31 43 20 35 56 55 39 39 5 42 14 41 51 47 43 18 39 23 23 48 37 22 29 46 34 43 6 46 14 37
25 7 13 29 39 26 15 20 10 3 4 31 40 7 24 35 19 16 4 36 36 36 31 10 33 20 25 18 23 2 9 13 24 17 23 23 34 22 40 19 42 24 34 27 25 40 41 43 29 8 25 23 9 15 26 42 33 21 8 17 8 44 0 29 41 43 23 16 17 14 24 34 11 30 16 24 14 20 11 39 15 38 9 14 15 36 26 15 29 27 6 37 26 20 16 34 24 38 3 31 14
4 25 18 24 18 11 26 33 26 28 29 5 14 36 26 11 17 21 29 18 10 10 16 28 21 32 23 11 20 28 20 18 41 17 13 6 25 29 11 16 20 11 5 31 4 18 23 24 3 26 17 6 25 31 43 24 4 38 26 12 24 20 29 0 16 25 17 13 30 15 20 13 32 1 26 37 36 20 20 17 33 9 22 32 28 25 10 20 4 3 35 19 3 10 27 16 24 17 32 15 28
18 37 30 20 30 15 34 40 38 40 41 19 24 48 27 6 24 37 41 30 21 20 11 40 13 48 24 23 36 40 33 32 48 26 19 20 17 45 13 32 6 27 15 32 19 4 10 10 19 40 18 19 39 41 49 10 15 46 40 24 36 30 41 16 0 11 20 25 45 27 21 7 46 16 42 42 48 24 32 29 47 16 34 43 36 15 26 29 14 16 47 8 17 21 34 8 25 29 44 30 42
26 38 31 19 41 18 35 41 39 44 45 29 35 51 27 14 25 44 42 41 32 31 12 41 12 55 24 27 46 42 37 38 48 27 20 28 14 52 24 40 5 36 25 30 27 7 3 1 28 44 19 26 44 42 49 1 25 47 44 27 37 41 43 25 11 0 21 28 51 29 22 12 50 25 48 42 49 25 33 40 52 27 35 44 37 11 35 30 22 24 49 6 25 25 35 10 25 40 46 40 48
14 17 10 8 35 7 14 21 18 24 25 22 31 30 9 15 4 28 21 34 27 27 9 20 10 37 6 10 32 21 19 21 29 6 4 15 11 36 25 25 21 25 21 14 16 19 18 21 19 26 2 13 26 21 30 20 20 27 26 9 16 36 23 17 20 21 0 10 34 11 3 13 32 18 31 23 28 4 12 33 34 25 14 23 16 13 25 9 14 14 29 15 14 10 14 12 7 33 25 31 31
9 12 6 18 29 10 14 21 14 16 17 17 26 23 18 19 8 18 16 28 22 22 16 15 20 27 16 2 22 15 9 11 29 6 8 8 21 26 24 15 26 16 18 23 10 24 26 28 15 16 12 7 16 19 31 27 17 26 16 1 11 32 16 13 25 28 10 0 24 2 13 18 22 14 21 25 23 11 8 29 24 22 9 20 16 23 17 8 13 11 22 22 10 4 15 18 16 29 19 23 21
28 24 25 41 33 34 32 37 27 14 13 30 37 15 39 40 30 9 21 30 34 35 40 27 44 3 38 25 14 19 15 13 41 28 32 26 45 7 39 14 48 21 34 43 27 46 49 51 29 9 36 26 8 32 43 50 33 38 9 25 24 39 17 30 45 51 34 24 0 23 35 40 7 31 4 41 30 33 25 34 3 37 24 31 32 47 23 29 32 30 15 45 29 26 33 41 38 33 17 25 3
11 10 4 17 31 12 12 19 12 14 15 19 28 21 17 21 7 18 14 29 24 24 17 13 21 26 15 4 23 13 8 11 27 5 9 10 22 26 26 16 28 17 20 22 12 26 27 29 17 15 13 9 15 17 29 28 19 24 15 3 9 34 14 15 27 29 11 2 23 0 12 20 21 16 21 23 21 10 6 31 23 24 7 18 14 24 18 7 15 13 20 23 12 6 13 20 15 30 17 24 20
17 17 11 5 38 9 13 19 17 25 26 25 34 31 6 16 5 30 22 37 30 29 10 19 10 39 3 13 35 22 20 23 27 7 7 18 10 38 27 28 22 28 23 11 19 20 19 22 22 27 3 16 27 20 28 21 22 25 27 12 16 39 24 20 21 22 3 13 35 12 0 14 33 20 33 21 27 3 13 36 35 27 15 22 15 12 28 8 16 17 30 16 17 13 13 13 4 36 26 34 32
14 30 23 15 31 8 27 33 31 34 35 18 25 41 20 3 17 33 34 31 22 21 5 33 8 43 17 17 33 33 27 27 41 19 12 16 12 41 15 28 8 24 15 25 15 6 10 12 16 34 11 14 34 34 42 11 14 39 34 17 29 31 34 13 7 12 13 18 40 20 14 0 40 13 37 35 41 17 25 30 42 17 27 36 29 12 23 22 10 12 40 6 13 15 27 3 18 30 37 28 37
28 18 22 38 37 32 26 31 21 8 7 34 41 8 35 40 28 13 15 34 38 39 38 21 42 9 35 23 19 13 13 14 35 26 30 26 43 14 43 18 48 25 37 38 28 46 48 50 32 6 34 27 7 26 37 49 36 32 6 23 18 43 11 32 46 50 32 22 7 21 33 40 0 33 8 35 24 30 21 38 4 41 19 25 26 45 27 25 32 30 8 44 29 25 27 40 34 37 11 29 6
5 26 19 24 18 11 27 34 27 29 30 5 14 37 27 11 18 22 30 18 10 10 16 29 21 33 24 12 21 29 21 19 42 18 14 7 25 30 10 17 20 12 4 32 5 18 23 24 3 27 17 7 26 32 44 24 3 39 27 13 25 20 30 1 16 25 18 14 31 16 20 13 33 0 27 38 37 21 21 17 34 8 23 33 29 25 10 21 4 4 36 19 4 11 28 16 24 17 33 15 29
24 23 23 38 29 30 31 36 26 13 12 26 33 16 37 36 28 5 20 26 30 31 36 26 40 6 36 22 10 18 13 10 40 26 29 22 42 6 35 10 45 17 30 42 23 43 46 48 25 8 33 23 7 31 42 47 29 37 8 22 23 35 16 26 42 48 31 21 4 21 33 37 8 27 0 40 30 31 24 30 7 33 23 30 31 44 19 27 28 26 16 42 25 23 32 38 36 29 17 21 2
34 17 19 23 55 29 11 4 14 27 28 42 51 27 15 37 21 38 20 52 47 47 31 14 30 44 18 26 43 22 27 31 6 20 26 32 28 46 47 37 42 40 42 12 34 40 39 42 39 32 24 31 33 9 7 41 41 5 32 25 17 56 24 37 42 42 23 25 41 23 21 35 35 38 40 0 13 19 18 53 39 46 18 10 10 31 41 17 36 34 27 36 34 27 10 34 17 53 24 47 38
33 12 18 30 52 33 14 10 10 17 18 41 50 16 23 42 24 30 11 49 46 46 37 8 37 33 25 25 37 13 22 26 11 22 29 32 35 36 47 32 49 37 41 22 33 47 46 49 38 22 30 30 23 7 13 48 40 8 22 24 13 55 14 36 48 49 28 23 30 21 27 41 24 37 30 13 0 24 16 52 28 45 14 5 12 38 39 19 36 34 16 43 33 27 14 40 24 51 13 44 28
17 13 9 8 38 10 10 17 14 22 23 25 34 27 7 19 3 28 18 36 30 30 13 16 13 36 5 11 33 18 18 21 25 5 7 16 13 36 28 26 25 26 24 12 18 23 22 25 22 25 6 15 25 17 26 24 23 23 25 10 13 39 20 20 24 25 4 11 33 10 3 17 30 21 31 19 24 0 9 36 33 28 11 19 12 15 26 5 17 17 26 19 17 11 10 16 5 36 22 32 30
16 5 2 18 37 17 7 14 6 13 14 24 33 18 14 26 8 22 9 35 29 29 21 8 22 28 14 9 27 9 11 15 21 6 13 16 23 30 31 20 33 23 25 18 17 31 30 33 22 17 14 14 17 11 23 32 24 18 17 8 4 39 11 20 32 33 12 8 25 6 13 25 21 21 24 18 16 9 0 36 25 29 2 12 8 24 24 4 20 18 17 27 17 11 8 24 13 36 13 30 22
20 40 35 41 1 28 43 50 43 37 38 12 5 44 43 27 34 25 41 4 8 9 33 44 38 35 40 27 20 39 30 26 57 33 30 21 42 29 16 21 35 15 15 48 19 33 39 39 14 33 34 22 32 47 59 39 16 54 33 28 39 5 39 17 29 40 33 29 34 31 36 30 38 17 30 53 52 36 36 0 37 13 38 48 44 42 13 36 21 20 43 36 19 26 43 33 40 1 41 9 32
30 22 25 40 36 34 30 35 25 12 11 33 40 12 39 41 30 12 19 33 37 38 40 25 44 5 38 25 17 17 15 15 39 28 32 28 45 10 42 17 50 24 37 42 29 48 50 52 32 8 36 28 8 30 41 51 36 36 8 25 22 42 15 33 47 52 34 24 3 23 35 42 4 34 7 39 28 33 25 37 0 40 23 29 30 47 26 29 34 32 12 46 31 27 31 42 38 36 15 28 5
13 34 27 31 14 18 35 42 35 37 38 7 8 45 34 14 26 28 38 14 5 4 21 37 25 39 31 20 25 37 29 27 50 26 21 15 29 34 3 23 22 16 4 39 13 20 26 26 9 35 24 15 34 40 52 26 5 47 35 21 33 14 38 9 16 27 25 22 37 24 27 17 41 8 33 46 45 28 29 13 40 0 31 41 37 29 14 29 11 12 44 23 12 19 36 20 31 13 41 15 35
18 3 4 20 38 19 8 14 5 11 12 26 35 16 16 28 10 21 7 36 31 31 23 6 24 27 16 11 26 7 10 14 20 8 15 17 25 29 33 20 35 24 27 19 19 33 32 35 24 15 16 16 16 10 22 34 26 17 15 10 2 41 9 22 34 35 14 9 24 7 15 27 19 23 23 18 14 11 2 38 23 31 0 11 8 26 25 6 22 20 15 29 19 13 9 26 15 37 11 31 21
28 9 14 25 48 28 9 6 6 17 18 36 45 17 18 37 19 30 10 46 41 41 32 5 32 34 20 21 35 12 19 23 10 17 24 28 30 36 43 29 44 34 37 18 29 42 41 44 34 22 25 26 23 2 12 43 36 7 22 20 9 51 14 32 43 44 23 20 31 18 22 36 25 33 30 10 5 19 12 48 29 41 11 0 7 33 35 14 32 30 17 38 29 23 9 35 19 47 14 41 28
24 8 10 18 45 21 2 6 5 18 19 32 41 20 11 30 12 29 11 43 37 37 25 6 25 35 13 17 34 13 18 22 14 11 17 23 23 37 39 28 37 31 33 13 25 35 34 37 30 23 18 22 24 5 16 36 32 11 23 16 8 47 15 28 36 37 16 16 32 14 15 29 26 29 31 10 12 12 8 44 30 37 8 7 0 26 32 8 27 25 20 31 25 18 2 28 12 44 16 38 29
23 29 23 8 43 14 24 30 29 37 38 30 37 43 16 15 17 40 34 43 34 33 9 31 4 50 13 22 42 34 32 34 37 19 15 24 3 48 27 36 13 34 27 19 25 12 8 11 28 39 11 22 39 31 38 10 26 36 39 22 28 43 36 25 15 11 13 23 47 24 12 12 45 25 44 31 38 15 24 42 47 29 26 33 26 0 34 20 21 22 41 7 23 21 24 9 14 42 37 40 44
11 27 22 33 13 20 30 37 29 23 24 8 14 31 33 21 23 14 28 11 11 12 25 31 30 25 31 16 11 26 17 13 44 22 21 10 34 20 17 9 30 2 12 38 9 28 33 34 7 21 26 12 20 34 46 34 11 41 21 17 26 18 26 10 26 35 25 17 23 18 28 23 27 10 19 41 39 26 24 13 26 14 25 35 32 34 0 25 13 12 30 29 11 15 31 25 31 12 28 6 21
16 8 4 13 37 14 6 13 9 17 18 24 33 22 10 23 5 25 13 36 29 29 18 11 18 32 10 9 30 13 14 18 21 3 10 15 18 33 31 23 30 24 25 15 17 28 27 30 22 21 11 14 21 12 23 29 24 19 21 8 8 39 15 20 29 30 9 8 29 7 8 22 25 21 27 17 19 5 4 36 29 29 6 14 8 20 25 0 19 17 21 24 17 10 7 21 9 36 17 31 26
4 25 18 20 22 7 25 32 26 28 29 9 17 36 23 8 15 23 29 22 14 13 12 28 17 34 20 11 23 28 20 19 40 16 10 6 21 31 12 18 17 14 7 28 5 15 20 21 7 26 13 6 26 31 42 21 6 38 26 12 24 23 29 4 14 22 14 13 32 15 16 10 32 4 28 36 36 17 20 21 34 11 22 32 27 21 13 19 0 2 35 16 3 9 26 12 20 21 32 19 29
2 23 16 21 21 8 24 31 24 26 27 8 17 34 23 10 14 21 27 21 13 13 13 26 18 32 20 9 21 26 18 17 39 14 10 4 22 29 13 16 19 12 8 28 3 17 22 23 6 24 14 4 24 29 40 23 7 36 24 10 22 23 27 3 16 24 14 11 30 13 17 12 30 4 26 34 34 17 18 20 32 12 20 30 25 22 12 17 2 0 33 18 1 7 24 14 21 20 30 18 27
31 13 19 35 42 32 21 23 15 7 6 37 44 1 30 41 25 18 9 39 41 42 37 14 39 17 31 24 25 8 15 17 27 23 29 29 40 22 46 22 48 29 40 33 31 46 47 49 35 10 31 29 11 18 29 48 39 24 10 23 14 48 6 35 47 49 29 22 15 20 30 40 8 36 16 27 16 26 17 43 12 44 15 17 20 41 30 21 35 33 0 43 32 26 22 40 30 42 4 34 14
20 32 25 13 37 12 29 35 33 38 39 24 31 45 21 9 19 38 36 37 28 27 6 35 6 49 18 21 39 36 31 32 42 21 14 22 10 46 20 34 6 30 21 25 21 5 4 6 22 38 13 20 38 36 43 5 20 41 38 21 31 37 37 19 8 6 15 22 45 23 16 6 44 19 42 36 43 19 27 36 46 23 29 38 31 7 29 24 16 18 43 0 19 19 29 4 19 36 40 34 42
1 22 15 22 20 9 23 30 23 25 26 7 16 33 23 11 15 20 26 20 12 12 14 25 19 31 20 8 20 25 17 16 38 14 10 3 23 28 14 15 20 11 8 28 2 18 23 24 5 23 15 3 23 28 40 24 7 35 23 9 21 22 26 3 17 25 14 10 29 12 17 13 29 4 25 34 33 17 17 19 31 12 19 29 25 23 11 17 3 1 32 19 0 7 24 15 21 19 29 17 26
6 16 9 18 26 7 16 23 17 19 20 14 23 27 18 15 8 19 20 25 19 19 13 19 17 29 16 2 22 19 12 13 31 7 6 5 20 27 20 15 23 15 15 23 7 21 23 25 12 19 11 4 19 22 33 24 14 29 19 3 15 29 20 10 21 25 10 4 26 6 13 15 25 11 23 27 27 11 11 26 27 19 13 23 18 21 15 10 9 7 26 19 7 0 17 15 16 26 23 21 23
23 9 9 16 44 20 1 7 7 19 20 31 40 22 9 29 11 30 13 42 36 36 23 8 23 36 11 16 35 14 19 23 15 10 16 22 21 38 38 28 35 30 32 11 24 33 32 35 29 24 16 21 25 7 17 34 31 13 24 15 9 46 16 27 34 35 14 15 33 13 13 27 27 28 32 10 14 10 8 43 31 36 9 9 2 24 31 7 26 24 22 29 24 17 0 26 10 43 18 37 30
16 29 22 12 34 8 26 32 30 34 35 21 28 41 19 6 16 34 33 34 25 24 3 32 5 45 16 17 35 33 27 28 40 18 11 18 9 42 18 30 9 26 18 24 17 7 8 10 19 34 10 16 34 33 41 9 17 38 34 17 28 34 34 16 8 10 12 18 41 20 13 3 40 16 38 34 40 16 24 33 42 20 26 35 28 9 25 21 12 14 40 4 15 15 26 0 17 33 37 31 38
21 17 13 6 41 13 10 16 16 26 27 28 37 30 2 20 8 33 21 40 33 33 14 17 13 41 1 16 38 22 23 26 23 10 11 21 11 41 31 31 25 31 27 7 22 23 22 25 26 30 7 19 30 17 24 24 26 22 30 15 16 43 24 24 25 25 7 16 38 15 4 18 34 24 36 17 24 5 13 40 38 31 15 19 12 14 31 9 20 21 30 19 21 16 10 17 0 40 26 37 35
20 39 34 41 1 28 42 49 41 35 36 12 6 43 43 27 34 24 40 3 8 9 33 43 38 34 40 27 19 38 29 25 56 33 29 21 42 28 16 20 35 14 15 47 19 33 39 39 14 32 34 22 31 46 58 39 16 53 32 28 38 6 38 17 29 40 33 29 33 30 36 30 37 17 29 53 51 36 36 1 36 13 37 47 44 42 12 36 21 20 42 36 19 26 43 33 40 0 40 8 31
28 9 15 31 41 29 17 20 11 5 5 34 42 5 26 38 21 18 5 38 39 39 34 10 35 20 27 21 25 4 12 15 24 19 26 26 36 23 43 21 45 27 37 29 28 43 43 46 32 10 27 26 11 15 26 45 36 21 10 20 10 46 3 32 44 46 25 19 17 17 26 37 11 33 17 24 13 22 13 41 15 41 11 14 16 37 28 17 32 30 4 40 29 23 18 37 26 40 0 33 15
17 33 28 39 8 26 36 43 35 28 29 11 12 35 39 26 29 16 33 5 10 11 31 37 36 26 37 22 11 31 22 18 50 28 27 16 40 20 18 12 35 7 15 44 15 33 38 39 12 24 32 18 23 40 52 39 15 47 24 23 32 14 31 15 30 40 31 23 25 24 34 28 29 15 21 47 44 32 30 9 28 15 31 41 38 40 6 31 19 18 34 34 17 21 37 31 37 8 33 0 23
25 21 22 37 31 30 29 34 24 11 10 28 35 14 36 36 27 7 18 28 32 33 36 24 40 6 35 22 12 16 12 10 38 25 29 23 42 8 37 12 45 19 32 40 24 43 46 48 27 6 33 23 5 29 40 47 31 35 6 22 21 37 14 28 42 48 31 21 3 20 32 37 6 29 2 38 28 30 22 32 5 35 21 28 29 44 21 26 29 27 14 42 26 23 30 38 35 31 15 23 0
0         1033     
309       432      
129       292      
124       233      
2         181      
410       575      
312       440      
350       517      
310       460      
461       623      
281       420      
0         140      
0         111      
508       673      
562       711      
656       819      
33        209      
197       342      
280       432      
0         140      
693       863      
0         144      
92        222      
756       873      
80        256      
228       366      
90        276      
155       305      
702       870      
290       426      
170       319      
132       295      
370       493      
414       596      
57        224      
0         73       
602       743      
218       386      
0         124      
182       307      
607       757      
38        174      
0         86       
552       740      
0         97       
624       804      
601       772      
586       773      
26        173      
427       589      
62        205      
0         83       
263       390      
343       465      
326       518      
630       767      
0         127      
315       522      
227       424      
115       301      
293       427      
0         136      
265       397      
0         78       
686       811      
582       776      
40        208      
153       284      
189       385      
136       307      
41        242      
70        235      
257       394      
0         119      
185       345      
350       537      
348       484      
55        200      
362       521      
703       867      
190       341      
0         126      
282       468      
326       513      
304       449      
85        260      
5         165      
143       306      
0         120      
0         62       
486       615      
639       754      
0         73       
141       289      
400       518      
62        267      
104       274      
16        170      
257       430      
29        141      
193       365      
