101
0 22 32 8 18 39 33 23 23 25 21 5 11 9 38 6 23 25 24 19 33 7 7 34 28 26 18 10 19 29 22 39 29 36 6 22 17 30 27 4 25 25 36 26 32 16 22 33 5 38 18 32 21 39 18 23 34 5 41 10 20 39 32 23 19 21 27 39 32 9 29 8 26 33 10 12 18 29 6 16 35 34 9 24 39 24 14 10 15 10 29 25 20 30 12 8 8 6 21 18 31
22 0 53 25 39 44 51 43 37 44 29 23 10 28 58 22 2 31 44 39 52 21 18 48 50 48 19 22 12 41 42 49 34 57 25 34 39 45 48 23 45 46 57 47 53 8 7 54 27 53 20 52 41 60 37 3 51 25 47 30 26 49 52 10 39 41 38 47 38 19 34 28 38 40 25 32 38 37 17 36 41 45 26 40 59 38 17 28 35 25 49 45 40 40 34 28 17 15 42 38 52
32 53 0 28 14 42 12 26 23 13 33 34 43 25 10 36 54 37 10 31 10 32 39 19 6 12 41 40 46 25 33 30 40 4 27 29 19 17 5 29 26 20 4 8 1 45 51 2 27 17 39 7 34 7 35 52 13 32 42 22 35 28 7 50 13 12 28 38 40 40 40 30 27 38 29 20 25 36 38 17 42 25 26 19 11 22 39 34 16 37 3 32 32 30 23 23 36 37 12 28 4
8 25 28 0 14 32 27 24 15 18 15 12 17 3 32 14 26 19 18 23 26 4 15 26 25 24 16 18 18 21 26 31 23 32 2 15 18 22 23 4 26 26 32 22 27 18 23 28 7 30 15 26 26 34 23 25 27 11 34 7 14 31 28 22 15 15 19 32 26 17 23 12 18 26 3 8 19 23 14 10 29 26 1 16 33 16 13 16 11 17 24 28 24 22 13 5 8 12 18 20 28
18 39 14 14 0 37 18 18 16 10 24 20 29 10 21 22 40 28 8 21 18 17 25 20 10 11 29 26 31 20 23 30 32 18 13 21 9 16 9 15 19 15 18 8 13 31 36 14 13 23 28 16 24 20 24 38 19 18 38 7 26 29 14 35 1 4 21 34 33 26 32 17 20 31 16 5 15 29 24 5 35 24 12 13 23 15 26 22 2 24 11 24 22 24 11 9 21 23 5 18 13
39 44 42 32 37 0 31 54 21 29 17 44 41 33 38 45 43 13 32 55 33 31 44 24 43 47 25 48 32 17 58 13 10 45 34 17 45 25 39 35 55 52 46 42 41 37 37 41 39 28 24 36 58 45 55 41 30 43 3 36 18 15 47 34 38 34 15 5 6 46 10 44 16 5 28 35 49 8 42 32 3 17 31 24 41 21 28 48 36 49 39 58 56 12 43 34 32 39 41 51 45
33 51 12 27 18 31 0 35 15 8 25 37 43 25 7 39 52 27 10 38 2 30 40 7 17 22 35 43 42 14 40 18 29 14 28 20 26 6 13 30 36 30 15 17 11 43 47 10 30 5 34 5 41 14 42 50 1 36 31 24 28 16 19 45 18 14 17 26 29 42 29 35 16 27 26 22 32 25 39 17 31 14 25 12 10 13 35 40 20 42 11 41 39 19 29 25 34 38 20 35 16
23 43 26 24 18 54 35 0 33 28 39 20 33 22 36 21 45 43 25 6 34 28 25 38 20 14 40 22 42 38 7 48 47 29 22 37 9 34 22 24 2 6 28 18 27 39 45 28 18 40 39 31 8 33 10 45 36 18 56 18 38 47 20 46 17 21 39 52 49 25 47 15 38 49 27 19 5 45 26 22 52 42 24 31 37 33 37 16 18 19 25 6 6 42 11 19 31 28 15 5 23
23 37 23 15 16 21 15 33 0 10 10 27 30 14 22 29 37 14 13 34 16 17 30 11 24 26 20 33 26 6 37 16 17 26 17 6 24 8 20 19 34 31 27 22 22 29 31 22 20 16 19 18 37 27 36 35 14 26 22 16 13 16 28 30 17 13 6 18 17 32 17 25 5 16 13 15 29 13 29 11 20 11 14 4 24 1 20 30 15 32 20 38 35 9 23 16 20 27 20 31 26
25 44 13 18 10 29 8 28 10 0 20 29 35 17 13 31 44 24 3 31 8 22 32 10 14 18 29 35 35 12 33 21 27 16 20 16 19 6 10 22 29 25 17 13 12 36 40 12 22 13 28 9 34 17 34 43 9 28 30 16 23 19 18 39 10 6 15 26 27 34 27 27 14 25 19 14 24 23 31 9 29 14 17 6 16 9 29 32 12 34 10 33 31 17 21 17 26 30 13 27 16
21 29 33 15 24 17 25 39 10 20 0 26 26 17 32 27 28 4 23 38 26 14 27 20 34 35 10 31 17 12 41 20 8 36 17 5 30 18 30 18 40 38 37 32 32 22 22 32 22 25 9 28 41 37 38 26 24 26 19 20 3 20 38 20 25 23 9 18 11 29 8 27 9 11 12 20 34 8 26 19 14 16 15 14 34 11 13 31 22 31 30 43 39 11 27 19 16 23 29 35 36
5 23 34 12 20 44 37 20 27 29 26 0 13 13 41 2 25 30 27 16 37 12 5 38 29 26 23 6 22 33 19 43 34 38 10 27 17 34 29 8 22 23 37 27 33 19 25 34 7 42 23 35 18 40 14 25 38 2 45 13 25 43 32 26 21 23 31 44 37 6 34 5 30 37 14 15 15 34 6 20 40 38 13 28 42 28 19 5 18 5 31 22 17 34 11 12 13 8 22 15 32
11 10 43 17 29 41 43 33 30 35 26 13 0 19 48 12 12 28 35 29 43 13 8 41 39 37 17 12 12 36 32 46 31 47 16 29 28 38 38 13 35 36 47 37 42 7 12 43 16 46 17 43 31 49 27 12 44 15 44 21 23 46 43 14 30 32 34 44 35 9 31 18 33 37 17 23 28 34 7 27 38 41 18 32 50 31 13 18 26 15 40 35 30 37 23 19 10 5 32 28 42
9 28 25 3 10 33 25 22 14 17 17 13 19 0 30 15 29 21 16 21 25 7 16 25 20 21 19 19 21 20 24 30 25 28 3 16 15 21 19 5 24 23 28 18 23 21 26 24 6 29 18 24 24 30 22 28 25 12 35 4 17 30 24 25 11 13 19 32 28 18 25 11 18 27 6 5 17 24 15 8 31 25 2 15 31 15 16 16 8 18 21 26 22 22 10 2 11 13 15 18 23
38 58 10 32 21 38 7 36 22 13 32 41 48 30 0 43 57 34 13 41 5 35 45 14 16 22 42 47 48 21 43 25 36 9 32 27 29 13 14 34 36 30 10 18 9 49 53 8 33 10 41 5 44 7 45 56 8 39 38 27 35 23 17 52 21 17 24 33 36 46 36 38 23 34 32 25 35 32 44 21 38 21 30 18 3 20 42 43 23 45 11 42 42 26 32 29 39 42 22 38 14
6 22 36 14 22 45 39 21 29 31 27 2 12 15 43 0 24 31 29 17 39 13 4 40 31 28 23 4 22 35 20 45 35 40 12 28 19 36 31 10 23 25 39 29 35 18 24 36 9 44 23 37 19 42 15 24 40 4 46 15 26 45 34 25 23 25 33 45 38 4 35 7 32 38 16 17 17 35 5 22 41 40 15 30 44 30 19 6 20 4 33 23 18 36 13 14 13 7 24 16 34
23 2 54 26 40 43 52 45 37 44 28 25 12 29 57 24 0 30 44 41 52 22 20 48 49 49 18 24 11 40 44 48 33 57 26 33 40 45 48 24 47 48 57 47 52 8 6 53 28 53 19 52 43 59 39 2 51 27 46 31 25 48 53 9 40 41 37 46 37 21 33 30 37 39 25 33 40 36 19 36 40 44 27 40 59 38 17 30 36 27 50 47 42 39 35 29 18 17 43 40 52
25 31 37 19 28 13 27 43 14 24 4 30 28 21 34 31 30 0 27 42 29 18 30 22 38 39 12 35 19 13 45 19 4 40 21 8 34 21 34 22 44 42 41 36 36 24 24 36 26 27 11 32 45 41 42 28 26 30 16 24 5 20 42 22 29 27 10 16 7 32 4 31 11 9 16 24 38 6 29 23 10 17 19 18 37 15 15 35 26 35 34 47 43 11 31 23 19 26 33 39 40
24 44 10 18 8 32 10 25 13 3 23 27 35 16 13 29 44 27 0 28 10 22 31 13 11 15 30 33 36 15 31 24 30 13 19 19 16 9 7 21 26 21 14 10 9 36 41 10 20 15 29 8 31 16 32 43 11 26 33 14 25 22 15 40 8 4 18 29 30 33 30 25 17 28 19 12 22 26 30 8 32 17 17 9 15 12 29 30 10 32 7 31 29 20 19 16 26 29 10 25 13
19 39 31 23 21 55 38 6 34 31 38 16 29 21 41 17 41 42 28 0 38 25 21 41 25 19 37 17 38 40 3 50 46 34 21 37 12 37 27 21 7 12 33 23 32 35 41 33 16 43 36 36 3 38 4 41 39 14 56 18 37 50 25 42 20 24 40 52 49 20 46 11 38 48 26 19 6 45 22 24 52 44 23 32 42 34 33 11 20 14 30 6 1 43 11 19 27 24 19 3 28
33 52 10 26 18 33 2 34 16 8 26 37 43 25 5 39 52 29 10 38 0 30 40 9 16 21 36 43 42 16 40 20 31 12 28 22 26 8 12 30 35 29 13 16 9 44 47 8 30 7 35 3 41 12 42 51 3 36 33 24 29 18 17 46 18 14 19 28 31 42 31 35 18 29 27 22 32 27 39 17 33 16 25 13 8 15 36 40 20 42 9 40 39 21 29 25 34 38 19 35 14
7 21 32 4 17 31 30 28 17 22 14 12 13 7 35 13 22 18 22 25 30 0 13 28 27 28 12 17 14 23 28 33 22 35 6 16 22 25 26 4 30 30 35 25 30 14 19 31 10 33 11 30 28 37 25 21 31 12 33 11 13 33 31 18 18 19 21 32 25 15 22 14 20 25 4 12 23 22 12 14 28 28 5 19 37 18 9 17 15 17 28 31 26 24 17 9 4 10 22 23 30
7 18 39 15 25 44 40 25 30 32 27 5 8 16 45 4 20 30 31 21 40 13 0 41 34 31 21 5 18 36 24 46 34 43 13 29 22 37 34 11 27 28 42 32 38 14 20 39 12 45 21 39 23 45 19 20 41 7 46 17 25 46 37 21 26 28 34 45 37 2 34 10 33 38 17 19 20 35 1 23 40 41 16 31 46 31 17 10 22 7 36 27 22 37 16 15 11 3 27 20 37
34 48 19 26 20 24 7 38 11 10 20 38 41 25 14 40 48 22 13 41 9 28 41 0 23 28 30 44 37 8 43 12 23 21 28 16 29 4 19 30 39 34 22 23 18 40 42 17 31 5 29 12 44 21 44 46 6 37 24 25 23 10 26 40 20 16 11 19 22 43 23 36 11 20 24 23 34 18 40 18 24 7 25 10 17 10 31 41 22 43 17 43 41 12 31 26 31 38 23 37 23
28 50 6 25 10 43 17 20 24 14 34 29 39 20 16 31 49 38 11 25 16 27 34 23 0 6 39 35 41 26 27 35 41 9 23 30 13 20 4 25 20 14 8 2 7 41 46 8 23 22 38 12 28 13 29 48 18 27 44 17 36 33 4 45 9 11 29 40 41 35 41 25 28 39 26 15 19 37 34 15 43 28 22 20 17 23 36 29 12 32 6 26 26 31 18 19 31 33 7 22 3
26 48 12 24 11 47 22 14 26 18 35 26 37 21 22 28 49 39 15 19 21 28 31 28 6 0 40 31 42 30 21 39 43 15 22 32 9 24 9 24 14 8 14 5 13 40 46 14 21 27 39 18 22 19 23 47 23 23 48 17 37 37 6 46 10 13 32 44 43 31 43 21 31 42 27 16 13 39 31 16 46 32 23 23 23 26 37 25 13 28 12 20 20 35 14 19 31 32 6 16 9
18 19 41 16 29 25 35 40 20 29 10 23 17 19 42 23 18 12 30 37 36 12 21 30 39 40 0 26 7 22 40 30 15 43 18 15 34 28 36 16 42 42 44 37 39 12 12 40 22 35 1 38 39 46 36 16 34 23 28 23 7 30 43 10 30 29 19 28 19 23 15 26 19 21 13 24 35 18 19 24 22 26 17 23 44 21 4 28 27 27 37 43 38 21 29 21 10 17 34 35 42
10 22 40 18 26 48 43 22 33 35 31 6 12 19 47 4 24 35 33 17 43 17 5 44 35 31 26 0 23 39 20 49 39 44 16 32 22 40 35 14 24 27 43 32 39 19 24 40 13 48 26 41 19 46 15 24 44 7 50 19 30 49 37 26 26 29 37 49 42 3 39 10 36 42 20 21 18 39 6 26 45 44 19 34 48 34 22 6 23 3 37 23 18 40 16 18 16 8 27 17 38
19 12 46 18 31 32 42 42 26 35 17 22 12 21 48 22 11 19 36 38 42 14 18 37 41 42 7 23 0 29 41 37 22 49 20 22 36 34 40 18 44 44 49 39 44 5 5 45 24 42 8 44 40 51 36 9 40 24 35 25 14 37 45 4 32 33 26 35 26 20 22 27 26 28 16 26 37 25 17 28 29 33 19 30 50 27 6 27 29 25 42 44 39 28 31 23 11 15 36 37 44
29 41 25 21 20 17 14 38 6 12 12 33 36 20 21 35 40 13 15 40 16 23 36 8 26 30 22 39 29 0 43 10 15 28 23 7 29 8 22 25 39 35 29 25 24 33 34 24 26 13 21 19 43 28 42 38 13 32 18 21 15 10 30 32 21 17 3 14 15 38 15 31 3 13 19 20 34 11 35 16 17 5 20 7 24 5 24 36 20 38 22 43 41 5 28 21 26 33 24 36 28
22 42 33 26 23 58 40 7 37 33 41 19 32 24 43 20 44 45 31 3 40 28 24 43 27 21 40 20 41 43 0 53 49 36 24 40 14 39 29 24 7 13 35 25 34 38 44 35 19 45 39 38 1 40 5 44 41 17 59 21 40 52 27 45 22 26 43 55 52 23 49 14 41 51 29 22 8 48 25 26 55 47 26 35 44 37 36 14 22 17 32 3 2 46 14 22 30 27 21 6 30
39 49 30 31 30 13 18 48 16 21 20 43 46 30 25 45 48 19 24 50 20 33 46 12 35 39 30 49 37 10 53 0 18 32 33 17 39 14 30 35 49 45 33 34 29 42 42 28 36 15 29 23 53 32 52 46 17 42 13 31 23 2 37 40 31 27 12 8 14 48 18 41 13 12 29 30 44 13 45 26 15 6 30 17 28 15 33 46 30 48 28 53 51 9 38 31 36 43 34 46 34
29 34 40 23 32 10 29 47 17 27 8 34 31 25 36 35 33 4 30 46 31 22 34 23 41 43 15 39 22 15 49 18 0 43 25 11 38 23 37 26 48 46 44 39 39 27 27 39 30 28 14 34 49 43 46 31 28 34 13 28 9 19 45 24 33 30 12 13 4 36 0 35 13 6 20 28 42 5 33 27 7 17 23 21 39 18 18 39 30 39 37 51 47 11 35 27 23 30 37 43 43
36 57 4 32 18 45 14 29 26 16 36 38 47 28 9 40 57 40 13 34 12 35 43 21 9 15 43 44 49 28 36 32 43 0 31 32 22 20 9 33 29 23 1 11 4 49 54 4 31 19 42 9 37 4 38 56 15 36 45 25 38 30 9 53 17 16 31 40 43 44 43 34 30 41 32 23 28 39 42 21 45 28 30 22 8 25 42 38 20 41 6 35 35 33 27 27 39 41 16 31 6
6 25 27 2 13 34 28 22 17 20 17 10 16 3 32 12 26 21 19 21 28 6 13 28 23 22 18 16 20 23 24 33 25 31 0 17 16 24 22 2 24 24 31 21 26 18 24 27 5 32 17 27 24 33 21 25 28 9 36 5 16 33 27 24 14 15 21 34 28 15 25 10 20 28 5 7 17 25 12 11 31 28 3 18 34 18 15 14 10 15 24 26 22 24 11 3 9 10 17 18 26
22 34 29 15 21 17 20 37 6 16 5 27 29 16 27 28 33 8 19 37 22 16 29 16 30 32 15 32 22 7 40 17 11 32 17 0 28 14 26 18 38 36 33 28 28 26 27 28 22 20 14 24 40 33 38 31 20 26 19 19 8 17 34 25 22 19 5 17 12 31 11 27 4 11 12 18 32 8 28 16 15 12 15 10 30 7 17 31 20 32 26 41 38 8 26 18 19 26 26 34 32
17 39 19 18 9 45 26 9 24 19 30 17 28 15 29 19 40 34 16 12 26 22 22 29 13 9 34 22 36 29 14 39 38 22 16 28 0 25 15 18 10 8 21 11 20 33 39 21 12 31 33 24 15 26 16 40 27 14 46 11 31 38 15 40 8 12 30 42 40 22 38 12 29 39 21 10 6 36 22 13 43 33 17 22 30 24 31 16 9 19 18 15 13 33 5 13 25 23 7 9 16
30 45 17 22 16 25 6 34 8 6 18 34 38 21 13 36 45 21 9 37 8 25 37 4 20 24 28 40 34 8 39 14 23 20 24 14 25 0 16 26 35 30 21 19 16 37 39 16 27 8 27 11 40 20 40 43 6 33 25 21 21 13 23 38 16 12 11 20 23 39 23 32 10 21 21 19 30 19 36 14 25 8 21 6 16 7 28 37 18 39 14 39 37 13 27 22 28 34 19 33 20
27 48 5 23 9 39 13 22 20 10 30 29 38 19 14 31 48 34 7 27 12 26 34 19 4 9 36 35 40 22 29 30 37 9 22 26 15 16 0 24 22 17 9 4 5 40 45 6 22 18 35 9 30 12 31 47 14 27 40 16 32 29 8 44 8 7 25 36 37 35 37 25 24 35 24 14 21 33 33 12 39 24 21 16 15 19 34 29 11 32 3 28 28 27 18 18 30 32 8 24 6
4 23 29 4 15 35 30 24 19 22 18 8 13 5 34 10 24 22 21 21 30 4 11 30 25 24 16 14 18 25 24 35 26 33 2 18 18 26 24 0 26 26 33 23 28 16 22 29 6 34 15 29 24 35 21 23 30 9 37 7 17 35 29 22 16 17 23 35 29 13 26 10 22 29 6 9 19 26 10 13 32 30 5 20 36 20 13 13 12 13 26 27 22 26 13 5 7 8 19 19 28
25 45 26 26 19 55 36 2 34 29 40 22 35 24 36 23 47 44 26 7 35 30 27 39 20 14 42 24 44 39 7 49 48 29 24 38 10 35 22 26 0 6 28 18 27 41 47 28 20 40 41 31 8 33 11 47 36 20 56 20 40 48 20 48 18 22 40 52 50 27 48 17 39 49 29 20 7 46 28 23 53 43 26 32 37 34 39 18 19 21 25 6 7 43 13 21 33 30 16 7 23
25 46 20 26 15 52 30 6 31 25 38 23 36 23 30 25 48 42 21 12 29 30 28 34 14 8 42 27 44 35 13 45 46 23 24 36 8 30 17 26 6 0 22 13 21 41 47 22 20 35 41 26 14 27 16 48 31 21 53 19 39 43 14 48 15 18 36 49 48 29 46 18 35 46 29 18 8 44 29 20 50 38 25 28 31 30 39 20 16 23 20 12 12 39 13 21 33 31 11 10 17
36 57 4 32 18 46 15 28 27 17 37 37 47 28 10 39 57 41 14 33 13 35 42 22 8 14 44 43 49 29 35 33 44 1 31 33 21 21 9 33 28 22 0 10 5 49 54 5 31 20 43 10 36 5 37 56 16 35 46 25 39 31 8 53 17 16 32 41 44 43 44 33 31 42 33 23 27 40 42 21 46 29 30 23 9 26 43 37 20 40 7 34 34 34 26 27 39 41 15 30 5
26 47 8 22 8 42 17 18 22 13 32 27 37 18 18 29 47 36 10 23 16 25 32 23 2 5 37 32 39 25 25 34 39 11 21 28 11 19 4 23 18 13 10 0 9 39 44 10 21 22 36 13 26 15 27 46 18 25 43 15 34 32 6 43 7 9 27 39 39 33 39 23 26 37 24 13 17 35 32 13 41 27 20 18 19 21 34 27 10 30 7 24 24 30 16 17 29 31 5 20 5
32 53 1 27 13 41 11 27 22 12 32 33 42 23 9 35 52 36 9 32 9 30 38 18 7 13 39 39 44 24 34 29 39 4 26 28 20 16 5 28 27 21 5 9 0 44 49 1 26 16 38 6 35 7 36 51 12 31 41 20 34 27 8 48 13 11 27 36 39 39 39 30 26 37 28 18 26 35 37 16 41 24 25 18 10 21 38 34 15 37 2 33 33 29 23 22 34 36 13 29 5
16 8 45 18 31 37 43 39 29 36 22 19 7 21 49 18 8 24 36 35 44 14 14 40 41 40 12 19 5 33 38 42 27 49 18 26 33 37 40 16 41 41 49 39 44 0 6 45 21 45 13 44 37 51 33 7 43 21 40 23 19 42 45 7 32 33 31 40 31 16 27 24 30 33 17 25 34 30 13 28 34 38 19 32 51 30 9 24 28 21 42 41 36 33 28 21 10 11 35 34 44
22 7 51 23 36 37 47 45 31 40 22 25 12 26 53 24 6 24 41 41 47 19 20 42 46 46 12 24 5 34 44 42 27 54 24 27 39 39 45 22 47 47 54 44 49 6 0 50 27 47 13 49 43 56 39 4 45 27 40 29 19 42 50 3 37 38 31 40 31 21 27 30 31 33 21 31 40 30 19 33 34 38 24 35 55 32 11 30 34 27 47 47 42 33 34 27 15 17 41 40 49
33 54 2 28 14 41 10 28 22 12 32 34 43 24 8 36 53 36 10 33 8 31 39 17 8 14 40 40 45 24 35 28 39 4 27 28 21 16 6 29 28 22 5 10 1 45 50 0 27 15 39 5 36 6 37 52 11 32 41 21 35 26 9 49 14 12 27 36 39 40 39 31 26 37 29 19 27 35 38 17 41 24 26 18 9 21 39 35 16 38 3 34 34 29 24 23 35 37 14 30 6
5 27 27 7 13 39 30 18 20 22 22 7 16 6 33 9 28 26 20 16 30 10 12 31 23 21 22 13 24 26 19 36 30 31 5 22 12 27 22 6 20 20 31 21 26 21 27 27 0 35 21 28 19 33 16 28 31 6 41 6 21 36 26 28 14 16 25 38 33 13 30 5 24 33 10 8 13 30 11 13 36 31 7 21 35 21 19 10 11 12 24 21 17 28 7 5 13 11 16 13 26
38 53 17 30 23 28 5 40 16 13 25 42 46 29 10 44 53 27 15 43 7 33 45 5 22 27 35 48 42 13 45 15 28 19 32 20 31 8 18 34 40 35 20 22 16 45 47 15 35 0 34 10 46 17 47 51 4 41 28 29 28 13 24 45 23 19 16 23 27 47 28 40 16 24 29 27 37 23 44 22 28 11 29 14 13 15 36 45 25 47 16 46 44 17 34 30 36 42 25 40 21
18 20 39 15 28 24 34 39 19 28 9 23 17 18 41 23 19 11 29 36 35 11 21 29 38 39 1 26 8 21 39 29 14 42 17 14 33 27 35 15 41 41 43 36 38 13 13 39 21 34 0 36 39 45 36 17 33 23 27 22 6 29 42 11 29 28 18 27 18 23 14 25 18 20 12 23 34 17 19 23 21 25 16 22 43 20 4 28 26 27 36 42 37 20 28 20 10 17 33 34 41
32 52 7 26 16 36 5 31 18 9 28 35 43 24 5 37 52 32 8 36 3 30 39 12 12 18 38 41 44 19 38 23 34 9 27 24 24 11 9 29 31 26 10 13 6 44 49 5 28 10 36 0 39 9 40 51 6 34 36 22 31 21 14 47 16 12 22 31 34 41 34 33 21 32 27 20 30 30 38 16 36 19 25 14 7 17 37 38 18 40 6 37 37 24 27 24 34 37 17 33 11
21 41 34 26 24 58 41 8 37 34 41 18 31 24 44 19 43 45 31 3 41 28 23 44 28 22 39 19 40 43 1 53 49 37 24 40 15 40 30 24 8 14 36 26 35 37 43 36 19 46 39 39 0 41 4 43 42 16 59 21 40 53 28 44 23 27 43 55 52 22 49 14 41 51 29 22 9 48 24 27 55 47 26 35 45 37 35 13 23 16 33 4 2 46 14 22 29 26 22 6 31
39 60 7 34 20 45 14 33 27 17 37 40 49 30 7 42 59 41 16 38 12 37 45 21 13 19 46 46 51 28 40 32 43 4 33 33 26 20 12 35 33 27 5 15 7 51 56 6 33 17 45 9 41 0 42 58 15 38 45 27 40 30 13 55 20 18 31 40 43 46 43 37 30 41 35 25 32 39 44 23 45 28 32 23 5 26 45 41 22 44 9 39 39 33 30 29 41 43 19 35 10
18 37 35 23 24 55 42 10 36 34 38 14 27 22 45 15 39 42 32 4 42 25 19 44 29 23 36 15 36 42 5 52 46 38 21 38 16 40 31 21 11 16 37 27 36 33 39 37 16 47 36 40 4 42 0 39 43 13 57 20 37 52 29 40 24 28 41 54 49 18 46 11 40 49 26 21 10 46 20 26 52 46 23 34 46 36 32 9 22 12 34 8 4 44 13 21 26 22 23 7 32
23 3 52 25 38 41 50 45 35 43 26 25 12 28 56 24 2 28 43 41 51 21 20 46 48 47 16 24 9 38 44 46 31 56 25 31 40 43 47 23 47 48 56 46 51 7 4 52 28 51 17 51 43 58 39 0 49 27 44 30 23 46 52 7 39 40 35 44 35 21 31 30 35 37 24 32 40 34 19 35 38 42 26 39 58 36 15 30 35 27 49 47 42 37 35 28 17 17 42 40 51
34 51 13 27 19 30 1 36 14 9 24 38 44 25 8 40 51 26 11 39 3 31 41 6 18 23 34 44 40 13 41 17 28 15 28 20 27 6 14 30 36 31 16 18 12 43 45 11 31 4 33 6 42 15 43 49 0 37 30 25 27 15 20 44 19 15 16 25 28 43 28 36 16 26 27 23 33 24 40 18 30 13 26 12 11 13 34 41 21 43 12 42 40 18 30 26 34 38 21 36 17
5 25 32 11 18 43 36 18 26 28 26 2 15 12 39 4 27 30 26 14 36 12 7 37 27 23 23 7 24 32 17 42 34 36 9 26 14 33 27 9 20 21 35 25 31 21 27 32 6 41 23 34 16 38 13 27 37 0 45 12 25 42 29 28 19 22 30 43 37 8 34 3 29 37 14 14 13 34 8 19 40 37 12 27 41 27 19 5 16 6 29 20 15 33 9 11 13 10 20 13 30
41 47 42 34 38 3 31 56 22 30 19 45 44 35 38 46 46 16 33 56 33 33 46 24 44 48 28 50 35 18 59 13 13 45 36 19 46 25 40 37 56 53 46 43 41 40 40 41 41 28 27 36 59 45 57 44 30 45 0 38 21 15 48 37 39 35 16 5 9 48 13 46 17 8 31 36 50 11 45 33 6 17 34 25 41 22 31 50 37 50 39 59 57 13 44 37 35 42 42 52 45
10 30 22 7 7 36 24 18 16 16 20 13 21 4 27 15 31 24 14 18 24 11 17 25 17 17 23 19 25 21 21 31 28 25 5 19 11 21 16 7 20 19 25 15 20 23 29 21 6 29 22 22 21 27 20 30 25 12 38 0 21 31 21 29 8 10 21 34 31 19 28 11 20 30 10 2 13 27 16 7 34 26 6 15 29 16 20 16 5 18 18 22 19 24 7 2 14 15 12 15 20
20 26 35 14 26 18 28 38 13 23 3 25 23 17 35 26 25 5 25 37 29 13 25 23 36 37 7 30 14 15 40 23 9 38 16 8 31 21 32 17 40 39 39 34 34 19 19 35 21 28 6 31 40 40 37 23 27 25 21 21 0 23 40 17 27 25 12 21 12 27 9 26 12 14 11 21 33 11 23 21 15 19 15 17 37 14 10 30 24 30 32 42 38 14 27 19 14 21 31 34 38
39 49 28 31 29 15 16 47 16 19 20 43 46 30 23 45 48 20 22 50 18 33 46 10 33 37 30 49 37 10 52 2 19 30 33 17 38 13 29 35 48 43 31 32 27 42 42 26 36 13 29 21 53 30 52 46 15 42 15 31 23 0 35 40 29 25 12 10 16 48 19 41 13 14 29 30 43 15 45 26 17 5 30 16 26 15 33 46 29 48 27 52 50 9 38 31 36 43 32 46 32
32 52 7 28 14 47 19 20 28 18 38 32 43 24 17 34 53 42 15 25 17 31 37 26 4 6 43 37 45 30 27 37 45 9 27 34 15 23 8 29 20 14 8 6 8 45 50 9 26 24 42 14 28 13 29 52 20 29 48 21 40 35 0 49 13 15 33 43 45 37 45 27 32 43 30 19 19 41 37 19 47 31 26 24 17 27 40 31 16 34 9 26 26 35 20 23 35 36 10 22 3
23 10 50 22 35 34 45 46 30 39 20 26 14 25 52 25 9 22 40 42 46 18 21 40 45 46 10 26 4 32 45 40 24 53 24 25 40 38 44 22 48 48 53 43 48 7 3 49 28 45 11 47 44 55 40 7 44 28 37 29 17 40 49 0 36 37 29 37 28 23 24 31 29 30 20 30 41 28 20 32 31 36 23 33 54 31 10 31 33 28 46 48 43 31 35 27 15 18 40 41 48
19 39 13 15 1 38 18 17 17 10 25 21 30 11 21 23 40 29 8 20 18 18 26 20 9 10 30 26 32 21 22 31 33 17 14 22 8 16 8 16 18 15 17 7 13 32 37 14 14 23 29 16 23 20 24 39 19 19 39 8 27 29 13 36 0 4 22 35 34 27 33 17 21 32 17 6 14 30 24 6 36 24 13 14 23 16 27 22 3 24 11 23 21 25 11 10 22 23 4 17 12
21 41 12 15 4 34 14 21 13 6 23 23 32 13 17 25 41 27 4 24 14 19 28 16 11 13 29 29 33 17 26 27 30 16 15 19 12 12 7 17 22 18 16 9 11 33 38 12 16 19 28 12 27 18 28 40 15 22 35 10 25 25 15 37 4 0 19 31 30 29 30 21 18 29 17 8 18 26 26 5 33 20 14 10 19 13 27 26 6 28 9 27 25 22 15 12 23 25 7 21 13
27 38 28 19 21 15 17 39 6 15 9 31 34 19 24 33 37 10 18 40 19 21 34 11 29 32 19 37 26 3 43 12 12 31 21 5 30 11 25 23 40 36 32 27 27 31 31 27 25 16 18 22 43 31 41 35 16 30 16 21 12 12 33 29 22 19 0 12 12 36 12 30 1 10 17 20 34 8 33 17 14 7 19 9 27 6 22 35 21 36 25 43 40 3 28 21 24 31 26 36 31
39 47 38 32 34 5 26 52 18 26 18 44 44 32 33 45 46 16 29 52 28 32 45 19 40 44 28 49 35 14 55 8 13 40 34 17 42 20 36 35 52 49 41 39 36 40 40 36 38 23 27 31 55 40 54 44 25 43 5 34 21 10 43 37 35 31 12 0 9 47 13 42 13 7 29 32 46 10 44 29 7 12 31 21 36 18 31 47 33 48 34 55 52 9 40 33 34 41 38 48 40
32 38 40 26 33 6 29 49 17 27 11 37 35 28 36 38 37 7 30 49 31 25 37 22 41 43 19 42 26 15 52 14 4 43 28 12 40 23 37 29 50 48 44 39 39 31 31 39 33 27 18 34 52 43 49 35 28 37 9 31 12 16 45 28 34 30 12 9 0 39 4 38 13 2 23 30 44 4 35 28 3 15 26 21 39 18 22 42 32 42 37 53 50 10 38 30 26 33 37 46 43
9 19 40 17 26 46 42 25 32 34 29 6 9 18 46 4 21 32 33 20 42 15 2 43 35 31 23 3 20 38 23 48 36 44 15 31 22 39 35 13 27 29 43 33 39 16 21 40 13 47 23 41 22 46 18 21 43 8 48 19 27 48 37 23 27 29 36 47 39 0 36 11 35 40 19 21 21 37 3 25 42 43 18 33 48 33 19 9 24 6 37 26 21 39 17 17 13 5 28 20 38
29 34 40 23 32 10 29 47 17 27 8 34 31 25 36 35 33 4 30 46 31 22 34 23 41 43 15 39 22 15 49 18 0 43 25 11 38 23 37 26 48 46 44 39 39 27 27 39 30 28 14 34 49 43 46 31 28 34 13 28 9 19 45 24 33 30 12 13 4 36 0 35 13 6 20 28 41 5 32 27 7 17 23 21 39 18 18 39 30 39 37 50 47 11 35 27 23 30 37 43 43
8 28 30 12 17 44 35 15 25 27 27 5 18 11 38 7 30 31 25 11 35 14 10 36 25 21 26 10 27 31 14 41 35 34 10 27 12 32 25 10 17 18 33 23 30 24 30 31 5 40 25 33 14 37 11 30 36 3 46 11 26 41 27 31 17 21 30 42 38 11 35 0 29 38 15 13 10 35 11 18 41 36 12 26 40 26 22 5 15 7 28 17 12 33 7 10 16 13 18 10 28
26 38 27 18 20 16 16 38 5 14 9 30 33 18 23 32 37 11 17 38 18 20 33 11 28 31 19 36 26 3 41 13 13 30 20 4 29 10 24 22 39 35 31 26 26 30 31 26 24 16 18 21 41 30 40 35 16 29 17 20 12 13 32 29 21 18 1 13 13 35 13 29 0 11 16 19 33 9 32 16 15 8 18 8 26 5 21 34 20 35 24 42 39 4 27 20 23 30 25 35 30
33 40 38 26 31 5 27 49 16 25 11 37 37 27 34 38 39 9 28 48 29 25 38 20 39 42 21 42 28 13 51 12 6 41 28 11 39 21 35 29 49 46 42 37 37 33 33 37 33 24 20 32 51 41 49 37 26 37 8 30 14 14 43 30 32 29 10 7 2 40 6 38 11 0 23 29 43 3 37 27 4 13 26 19 37 16 24 42 31 42 35 52 49 8 37 29 27 34 36 45 41
10 25 29 3 16 28 26 27 13 19 12 14 17 6 32 16 25 16 19 26 27 4 17 24 26 27 13 20 16 19 29 29 20 32 5 12 21 21 24 6 29 29 33 24 28 17 21 29 10 29 12 27 29 35 26 24 27 14 31 10 11 29 30 20 17 17 17 29 23 19 20 15 16 23 0 11 22 20 16 12 26 24 4 15 34 14 10 19 14 19 26 31 27 20 16 8 8 14 21 23 29
12 32 20 8 5 35 22 19 15 14 20 15 23 5 25 17 33 24 12 19 22 12 19 23 15 16 24 21 26 20 22 30 28 23 7 18 10 19 14 9 20 18 23 13 18 25 31 19 8 27 23 20 22 25 21 32 23 14 36 2 21 30 19 30 6 8 20 32 30 21 28 13 19 29 11 0 14 26 18 5 33 24 7 13 27 15 21 18 3 20 16 23 20 23 8 4 16 17 10 16 18
18 38 25 19 15 49 32 5 29 24 34 15 28 17 35 17 40 38 22 6 32 23 20 34 19 13 35 18 37 34 8 44 42 28 17 32 6 30 21 19 7 8 27 17 26 34 40 27 13 37 34 30 9 32 10 40 33 13 50 13 33 43 19 41 14 18 34 46 44 21 41 10 33 43 22 14 0 40 21 18 47 38 19 27 36 29 32 12 14 15 24 9 7 37 6 14 26 23 13 3 22
29 37 36 23 29 8 25 45 13 23 8 34 34 24 32 35 36 6 26 45 27 22 35 18 37 39 18 39 25 11 48 13 5 39 25 8 36 19 33 26 46 44 40 35 35 30 30 35 30 23 17 30 48 39 46 34 24 34 11 27 11 15 41 28 30 26 8 10 4 37 5 35 9 3 20 26 40 0 34 24 7 12 23 17 35 14 21 39 28 39 33 49 46 6 34 26 24 31 33 42 39
6 17 38 14 24 42 39 26 29 31 26 6 7 15 44 5 19 29 30 22 39 12 1 40 34 31 19 6 17 35 25 45 33 42 12 28 22 36 33 10 28 29 42 32 37 13 19 38 11 44 19 38 24 44 20 19 40 8 45 16 23 45 37 20 24 26 33 44 35 3 32 11 32 37 16 18 21 34 0 22 38 40 15 30 45 30 15 11 21 8 34 28 23 36 17 14 9 2 27 21 36
16 36 17 10 5 32 17 22 11 9 19 20 27 8 21 22 36 23 8 24 17 14 23 18 15 16 24 26 28 16 26 26 27 21 11 16 13 14 12 13 23 20 21 13 16 28 33 17 13 22 23 16 27 23 26 35 18 19 33 7 21 26 19 32 6 5 17 29 28 25 27 18 16 27 12 5 18 24 22 0 31 20 9 9 23 11 22 23 4 25 14 27 25 20 13 8 18 21 10 21 18
35 41 42 29 35 3 31 52 20 29 14 40 38 31 38 41 40 10 32 52 33 28 40 24 43 46 22 45 29 17 55 15 7 45 31 15 43 25 39 32 53 50 46 41 41 34 34 41 36 28 21 36 55 45 52 38 30 40 6 34 15 17 47 31 36 33 14 7 3 42 7 41 15 4 26 33 47 7 38 31 0 17 29 23 41 20 25 45 35 45 39 56 53 12 41 33 29 36 40 49 45
34 45 25 26 24 17 14 42 11 14 16 38 41 25 21 40 44 17 17 44 16 28 41 7 28 32 26 44 33 5 47 6 17 28 28 12 33 8 24 30 43 38 29 27 24 38 38 24 31 11 25 19 47 28 46 42 13 37 17 26 19 5 31 36 24 20 7 12 15 43 17 36 8 13 24 24 38 12 40 20 17 0 25 11 24 10 29 41 24 43 22 47 44 6 32 26 31 38 27 40 28
9 26 26 1 12 31 25 24 14 17 15 13 18 2 30 15 27 19 17 23 25 5 16 25 22 23 17 19 19 20 26 30 23 30 3 15 17 21 21 5 26 25 30 20 25 19 24 26 7 29 16 25 26 32 23 26 26 12 34 6 15 30 26 23 13 14 19 31 26 18 23 12 18 26 4 7 19 23 15 9 29 25 0 15 32 15 14 17 10 18 23 28 24 22 12 4 9 13 17 20 25
24 40 19 16 13 24 12 31 4 6 14 28 32 15 18 30 40 18 9 32 13 19 31 10 20 23 23 34 30 7 35 17 21 22 18 10 22 6 16 20 32 28 23 18 18 32 35 18 21 14 22 14 35 23 34 39 12 27 25 15 17 16 24 33 14 10 9 21 21 33 21 26 8 19 15 13 27 17 30 9 23 11 15 0 21 3 24 31 13 33 16 36 33 12 21 16 23 28 17 29 22
39 59 11 33 23 41 10 37 24 16 34 42 50 31 3 44 59 37 15 42 8 37 46 17 17 23 44 48 50 24 44 28 39 8 34 30 30 16 15 36 37 31 9 19 10 51 55 9 35 13 43 7 45 5 46 58 11 41 41 29 37 26 17 54 23 19 27 36 39 48 39 40 26 37 34 27 36 35 45 23 41 24 32 21 0 23 44 44 25 47 12 43 43 29 33 31 41 44 23 39 14
24 38 22 16 15 21 13 33 1 9 11 28 31 15 20 30 38 15 12 34 15 18 31 10 23 26 21 34 27 5 37 15 18 25 18 7 24 7 19 20 34 30 26 21 21 30 32 21 21 15 20 17 37 26 36 36 13 27 22 16 14 15 27 31 16 13 6 18 18 33 18 26 5 16 14 15 29 14 30 11 20 10 15 3 23 0 21 31 15 33 19 38 35 9 23 16 21 28 20 31 25
14 17 39 13 26 28 35 37 20 29 13 19 13 16 42 19 17 15 29 33 36 9 17 31 36 37 4 22 6 24 36 33 18 42 15 17 31 28 34 13 39 39 43 34 38 9 11 39 19 36 4 37 35 45 32 15 34 19 31 20 10 33 40 10 27 27 22 31 22 19 18 22 21 24 10 21 32 21 15 22 25 29 14 24 44 21 0 24 24 23 36 39 34 24 26 18 6 13 31 32 39
10 28 34 16 22 48 40 16 30 32 31 5 18 16 43 6 30 35 30 11 40 17 10 41 29 25 28 6 27 36 14 46 39 38 14 31 16 37 29 13 18 20 37 27 34 24 30 35 10 45 28 38 13 41 9 30 41 5 50 16 30 46 31 31 22 26 35 47 42 9 39 5 34 42 19 18 12 39 11 23 45 41 17 31 44 31 24 0 20 3 32 17 12 38 11 15 18 13 22 11 32
15 35 16 11 2 36 20 18 15 12 22 18 26 8 23 20 36 26 10 20 20 15 22 22 12 13 27 23 29 20 22 30 30 20 10 20 9 18 11 12 19 16 20 10 15 28 34 16 11 25 26 18 23 22 22 35 21 16 37 5 24 29 16 33 3 6 21 33 32 24 30 15 20 31 14 3 14 28 21 4 35 24 10 13 25 15 24 20 0 22 13 23 21 24 9 7 19 20 7 17 15
10 25 37 17 24 49 42 19 32 34 31 5 15 18 45 4 27 35 32 14 42 17 7 43 32 28 27 3 25 38 17 48 39 41 15 32 19 39 32 13 21 23 40 30 37 21 27 38 12 47 27 40 16 44 12 27 43 6 50 18 30 48 34 28 24 28 36 48 42 6 39 7 35 42 19 20 15 39 8 25 45 43 18 33 47 33 23 3 22 0 35 20 15 39 14 17 17 10 25 14 35
29 49 3 24 11 39 11 25 20 10 30 31 40 21 11 33 50 34 7 30 9 28 36 17 6 12 37 37 42 22 32 28 37 6 24 26 18 14 3 26 25 20 7 7 2 42 47 3 24 16 36 6 33 9 34 49 12 29 39 18 32 27 9 46 11 9 25 34 37 37 37 28 24 35 26 16 24 33 34 14 39 22 23 16 12 19 36 32 13 35 0 31 31 27 21 20 32 33 11 27 6
25 45 32 28 24 58 41 6 38 33 43 22 35 26 42 23 47 47 31 6 40 31 27 43 26 20 43 23 44 43 3 53 51 35 26 41 15 39 28 27 6 12 34 24 33 41 47 34 21 46 42 37 4 39 8 47 42 20 59 22 42 52 26 48 23 27 43 55 53 26 50 17 42 52 31 23 9 49 28 27 56 47 28 36 43 38 39 17 23 20 31 0 5 46 15 23 33 30 21 8 29
20 40 32 24 22 56 39 6 35 31 39 17 30 22 42 18 42 43 29 1 39 26 22 41 26 20 38 18 39 41 2 51 47 35 22 38 13 37 28 22 7 12 34 24 33 36 42 34 17 44 37 37 2 39 4 42 40 15 57 19 38 50 26 43 21 25 40 52 50 21 47 12 39 49 27 20 7 46 23 25 53 44 24 33 43 35 34 12 21 15 31 5 0 43 12 20 28 25 20 4 29
30 40 30 22 24 12 19 42 9 17 11 34 37 22 26 36 39 11 20 43 21 24 37 12 31 35 21 40 28 5 46 9 11 33 24 8 33 13 27 26 43 39 34 30 29 33 33 29 28 17 20 24 46 33 44 37 18 33 13 24 14 9 35 31 25 22 3 9 10 39 11 33 4 8 20 23 37 6 36 20 12 6 22 12 29 9 24 38 24 39 27 46 43 0 31 24 27 34 29 39 33
12 34 23 13 11 43 29 11 23 21 27 11 23 10 32 13 35 31 19 11 29 17 16 31 18 14 29 16 31 28 14 38 35 27 11 26 5 27 18 13 13 13 26 16 23 28 34 24 7 34 28 27 14 30 13 35 30 9 44 7 27 38 20 35 11 15 28 40 38 17 35 7 27 37 16 8 6 34 17 13 41 32 12 21 33 23 26 11 9 14 21 15 12 31 0 8 20 18 11 8 21
8 28 23 5 9 34 25 19 16 17 19 12 19 2 29 14 29 23 16 19 25 9 15 26 19 19 21 18 23 21 22 31 27 27 3 18 13 22 18 5 21 21 27 17 22 21 27 23 5 30 20 24 22 29 21 28 26 11 37 2 19 31 23 27 10 12 21 33 30 17 27 10 20 29 8 4 14 26 14 8 33 26 4 16 31 16 18 15 7 17 20 23 20 24 8 0 12 13 14 16 22
8 17 36 8 21 32 34 31 20 26 16 13 10 11 39 13 18 19 26 27 34 4 11 31 31 31 10 16 11 26 30 36 23 39 9 19 25 28 30 7 33 33 39 29 34 10 15 35 13 36 10 34 29 41 26 17 34 13 35 14 14 36 35 15 22 23 24 34 26 13 23 16 23 27 8 16 26 24 9 18 29 31 9 23 41 21 6 18 19 17 32 33 28 27 20 12 0 7 26 26 34
6 15 37 12 23 39 38 28 27 30 23 8 5 13 42 7 17 26 29 24 38 10 3 38 33 32 17 8 15 33 27 43 30 41 10 26 23 34 32 8 30 31 41 31 36 11 17 37 11 42 17 37 26 43 22 17 38 10 42 15 21 43 36 18 23 25 31 41 33 5 30 13 30 34 14 17 23 31 2 21 36 38 13 28 44 28 13 13 20 10 33 30 25 34 18 13 7 0 27 23 35
21 42 12 18 5 41 20 15 20 13 29 22 32 15 22 24 43 33 10 19 19 22 27 23 7 6 34 27 36 24 21 34 37 16 17 26 7 19 8 19 16 11 15 5 13 35 41 14 16 25 33 17 22 19 23 42 21 20 42 12 31 32 10 40 4 7 26 38 37 28 37 18 25 36 21 10 13 33 27 10 40 27 17 17 23 20 31 22 7 25 11 21 20 29 11 14 26 27 0 16 10
18 38 28 20 18 51 35 5 31 27 35 15 28 18 38 16 40 39 25 3 35 23 20 37 22 16 35 17 37 36 6 46 43 31 18 34 9 33 24 19 7 10 30 20 29 34 40 30 13 40 34 33 6 35 7 40 36 13 52 15 34 46 22 41 17 21 36 48 46 20 43 10 35 45 23 16 3 42 21 21 49 40 20 29 39 31 32 11 17 14 27 8 4 39 8 16 26 23 16 0 25
31 52 4 28 13 45 16 23 26 16 36 32 42 23 14 34 52 40 13 28 14 30 37 23 3 9 42 38 44 28 30 34 43 6 26 32 16 20 6 28 23 17 5 5 5 44 49 6 26 21 41 11 31 10 32 51 17 30 45 20 38 32 3 48 12 13 31 40 43 38 43 28 30 41 29 18 22 39 36 18 45 28 25 22 14 25 39 32 15 35 6 29 29 33 21 22 34 35 10 25 0
0         961      
565       662      
134       217      
4         107      
182       279      
588       704      
362       491      
67        174      
595       715      
475       554      
296       456      
0         37       
0         84       
41        123      
367       488      
0         33       
692       788      
245       359      
196       306      
61        136      
349       448      
228       319      
0         130      
443       477      
152       201      
127       200      
508       590      
0         101      
494       657      
323       405      
87        155      
323       391      
257       372      
148       276      
3         140      
305       418      
184       344      
344       486      
149       257      
22        78       
83        199      
64        189      
162       268      
155       251      
172       231      
565       611      
556       614      
140       206      
26        85       
413       506      
557       645      
355       448      
55        164      
348       503      
79        138      
503       664      
383       457      
0         62       
255       413      
218       308      
239       371      
408       489      
159       237      
560       658      
223       343      
173       267      
362       418      
260       437      
237       340      
0         89       
272       351      
32        94       
353       431      
308       356      
214       386      
223       308      
66        163      
346       448      
2         47       
182       319      
254       351      
340       435      
210       341      
326       417      
638       779      
381       459      
527       609      
518       595      
216       266      
0         60       
187       272      
81        151      
86        166      
780       930      
53        168      
0         101      
202       318      
0         82       
425       521      
28        192      
786       856      
