101
0 14 6 30 6 36 30 35 20 21 7 24 41 10 15 12 41 41 48 14 36 2 19 22 2 44 35 25 46 11 13 17 24 15 17 29 25 42 39 36 29 18 18 9 34 4 28 22 27 15 43 24 28 27 15 7 28 42 41 26 32 22 32 36 33 33 42 33 44 8 25 15 31 40 31 32 22 23 6 43 33 16 22 18 22 29 8 9 26 25 33 29 20 6 37 37 30 10 22 35 48
14 0 19 33 7 31 16 35 7 34 21 10 36 3 5 25 34 33 36 9 40 11 10 9 11 32 27 35 48 2 23 12 13 26 4 35 31 30 31 32 32 5 30 15 37 17 35 30 33 3 36 11 33 32 5 20 17 31 40 20 28 34 22 29 32 19 40 35 46 21 30 8 19 40 34 33 23 13 13 42 21 10 9 10 9 22 8 4 13 11 36 36 26 19 33 30 32 23 35 23 36
6 19 0 35 11 42 35 41 26 19 5 28 47 15 18 12 47 47 54 16 40 8 21 28 8 50 41 28 50 16 16 23 30 17 21 32 29 48 45 42 33 22 19 15 38 8 30 24 31 19 49 30 32 30 18 3 34 48 47 32 38 23 38 42 39 38 48 38 48 10 28 21 37 45 34 37 28 25 12 49 39 22 25 20 28 35 11 15 28 30 36 31 23 5 43 43 35 9 20 41 54
30 33 35 0 31 15 39 7 33 31 32 39 16 32 37 26 21 28 38 39 7 29 42 34 29 36 26 15 16 33 19 21 30 19 37 7 7 39 28 12 2 38 20 21 5 27 10 12 6 36 23 33 4 5 37 34 29 33 13 16 10 18 29 21 7 40 14 3 14 25 7 25 35 10 3 2 10 45 24 15 35 23 42 42 32 24 34 31 46 38 5 11 12 31 11 21 1 29 27 38 40
6 7 11 31 0 34 23 35 14 27 13 17 39 4 9 18 39 38 43 8 38 4 13 16 4 39 32 30 47 5 17 15 20 20 11 31 27 37 36 35 30 12 23 10 35 10 31 25 29 9 41 18 30 29 9 13 24 37 41 24 31 27 28 34 33 26 42 34 45 14 26 12 26 40 32 32 22 17 7 43 28 14 16 12 16 27 3 4 20 18 34 32 22 12 36 35 31 16 28 30 43
36 31 42 15 34 0 30 10 28 43 40 34 5 32 36 35 7 14 24 39 19 34 41 28 35 23 13 29 22 32 27 19 22 29 35 22 21 26 15 3 16 35 32 27 18 34 25 25 20 34 9 26 18 19 36 42 20 20 12 10 5 32 17 8 8 29 11 14 20 33 20 23 24 15 18 13 14 43 30 13 23 20 39 41 26 13 37 31 41 31 18 25 23 39 6 7 14 37 40 26 27
30 16 35 39 23 30 0 37 9 50 36 9 34 19 19 40 29 23 24 23 45 27 21 7 27 20 18 47 50 18 35 20 9 38 16 44 40 17 20 32 39 15 42 28 44 32 46 41 42 17 28 6 41 40 19 36 10 19 41 23 30 46 13 23 35 3 41 40 48 35 39 17 6 42 41 38 30 21 27 43 8 18 16 22 8 17 24 20 17 6 43 47 37 35 35 24 38 38 49 9 23
35 35 41 7 35 10 37 0 34 38 39 40 9 36 40 33 15 24 34 43 9 34 45 35 35 33 23 22 13 35 26 22 29 26 38 14 14 36 25 7 9 39 27 26 9 33 17 19 13 38 17 33 11 12 40 41 27 30 6 15 7 25 26 18 2 38 7 5 10 32 14 26 32 5 9 5 13 47 29 8 32 24 43 45 32 21 38 34 47 38 9 18 19 38 4 17 7 36 34 35 37
20 7 26 33 14 28 9 34 0 40 27 6 33 10 11 30 29 27 30 15 40 18 15 2 18 26 21 39 47 9 27 12 7 30 8 36 32 23 25 30 32 8 34 19 37 23 38 33 34 9 31 4 34 32 11 27 11 25 39 19 27 38 16 24 32 12 39 35 44 26 31 9 12 39 34 33 23 16 18 41 14 10 11 16 3 17 15 11 14 6 36 39 29 26 32 25 32 29 40 16 29
21 34 19 31 27 43 50 38 40 0 14 44 47 31 36 10 50 54 63 35 35 23 40 42 23 60 49 18 45 32 16 32 42 14 38 26 24 60 53 42 29 39 11 22 33 17 23 19 26 36 52 43 27 26 36 16 45 57 44 37 38 13 48 48 37 52 45 34 44 14 24 33 49 41 30 33 29 44 22 46 51 33 43 39 41 45 29 30 47 45 32 23 20 15 41 48 31 11 4 53 65
7 21 5 32 13 40 36 39 27 14 0 30 45 17 22 7 45 47 55 21 37 9 26 29 9 51 42 23 47 18 13 23 31 14 24 28 25 49 46 40 30 25 14 13 34 6 26 21 27 22 47 31 28 27 22 2 35 48 45 30 36 18 39 41 37 39 46 35 45 7 25 22 38 42 31 34 26 30 11 47 40 23 29 25 29 36 15 16 33 31 33 27 20 1 41 41 32 4 15 42 55
24 10 28 39 17 34 9 40 6 44 30 0 39 13 10 35 35 31 33 14 46 21 12 5 21 29 25 45 53 12 33 18 11 36 7 42 38 26 29 35 38 7 40 25 43 27 44 39 40 9 35 8 40 38 10 30 15 28 44 25 33 44 20 28 38 12 44 41 50 31 37 15 15 45 40 39 29 12 23 46 17 16 7 13 7 21 17 14 8 3 42 45 35 29 38 29 38 33 45 18 32
41 36 47 16 39 5 34 9 33 47 45 39 0 37 41 39 7 16 26 44 18 39 46 33 40 25 15 31 20 37 32 24 27 33 40 23 23 28 17 5 18 40 35 32 18 39 26 28 22 39 9 31 20 21 41 47 24 22 9 15 9 34 20 10 9 33 8 14 18 38 22 28 27 13 18 14 19 48 35 10 26 25 44 46 31 17 42 36 46 36 18 27 26 44 5 9 15 42 43 28 29
10 3 15 32 4 32 19 36 10 31 17 13 37 0 5 22 37 36 39 7 39 8 10 12 8 35 30 33 48 1 20 13 16 23 7 34 29 33 34 33 32 8 27 12 37 14 33 27 31 5 39 14 32 31 5 17 20 34 41 22 30 31 25 32 33 22 42 35 46 18 28 10 22 41 34 33 23 13 10 43 24 12 12 10 12 25 5 1 16 14 36 34 24 16 35 33 32 20 32 26 39
15 5 18 37 9 36 19 40 11 36 22 10 41 5 0 27 39 38 41 4 44 13 5 12 13 37 32 38 53 5 25 17 18 28 3 39 34 34 36 37 37 4 32 17 42 19 38 32 36 2 41 15 37 36 0 20 22 36 45 25 33 36 27 34 37 22 45 40 50 23 33 13 23 45 39 38 28 8 15 47 25 15 7 5 14 27 7 6 11 13 41 39 29 21 38 35 37 25 37 27 40
12 25 12 26 18 35 40 33 30 10 7 35 39 22 27 0 42 45 54 26 30 14 31 32 14 50 40 15 40 23 7 22 32 7 29 21 19 50 44 34 24 30 7 12 28 8 19 14 21 27 44 33 22 21 27 9 35 47 39 28 31 11 38 39 31 42 40 29 39 4 19 23 39 36 25 28 20 35 12 41 41 23 34 30 31 35 20 21 38 36 27 20 14 7 35 39 26 3 10 43 55
41 34 47 21 39 7 29 15 29 50 45 35 7 37 39 42 0 9 19 43 24 39 44 29 40 18 10 36 27 36 34 24 22 36 37 28 28 21 10 9 23 37 39 32 24 39 31 32 27 37 2 26 25 26 39 47 19 15 16 15 12 39 15 5 14 28 15 20 25 40 27 27 22 20 24 19 21 45 35 17 21 25 40 44 26 12 42 36 42 31 24 32 30 44 11 4 20 44 47 23 22
41 33 47 28 38 14 23 24 27 54 47 31 16 36 38 45 9 0 10 42 33 39 42 26 40 9 6 43 36 35 38 24 20 40 35 35 34 12 2 17 30 35 43 34 32 41 38 38 34 36 7 23 32 33 38 48 16 6 25 17 18 45 11 7 22 22 24 28 34 42 33 26 16 29 31 27 25 42 36 26 15 24 37 43 24 11 41 35 39 28 32 39 34 46 20 7 27 46 51 16 13
48 36 54 38 43 24 24 34 30 63 55 33 26 39 41 54 19 10 0 45 43 45 45 29 46 4 14 53 46 38 47 31 24 49 38 45 44 7 10 27 40 38 53 41 42 48 48 47 44 39 17 26 42 43 41 55 20 6 35 26 28 54 15 17 32 21 34 38 44 49 43 32 18 39 41 37 34 45 43 36 16 30 40 46 27 18 44 40 41 30 42 49 43 53 30 17 37 53 61 15 3
14 9 16 39 8 39 23 43 15 35 21 14 44 7 4 26 43 42 45 0 46 12 5 16 12 41 36 38 55 7 25 20 22 28 7 39 35 38 40 40 38 8 31 18 43 18 39 33 37 6 45 19 38 37 4 19 26 40 48 29 37 35 31 38 40 26 49 42 53 22 34 16 27 48 40 40 30 9 15 50 29 18 9 4 18 31 6 8 12 17 42 40 30 20 42 39 39 24 36 31 44
36 40 40 7 38 19 45 9 40 35 37 46 18 39 44 30 24 33 43 46 0 35 49 41 36 42 32 17 10 39 23 28 36 23 44 9 11 45 34 16 7 45 24 27 2 32 12 16 9 43 26 40 8 9 44 38 35 39 12 22 16 22 35 27 11 46 13 5 9 29 11 32 41 7 5 7 16 52 30 12 41 29 48 49 38 30 40 38 52 44 3 12 16 35 13 26 8 33 31 44 46
2 11 8 29 4 34 27 34 18 23 9 21 39 8 13 14 39 39 45 12 35 0 17 20 1 42 32 26 45 9 13 15 22 16 15 28 24 40 36 34 28 16 19 7 33 6 28 22 26 13 41 22 27 26 13 9 25 39 40 24 30 23 29 34 31 30 40 32 43 10 23 13 29 38 29 30 20 21 4 41 31 14 20 16 20 27 6 7 24 22 31 29 19 8 35 35 28 12 24 33 46
19 10 21 42 13 41 21 45 15 40 26 12 46 10 5 31 44 42 45 5 49 17 0 16 17 41 36 43 58 10 30 22 22 33 7 44 39 38 40 42 42 7 36 22 47 23 43 37 41 7 46 19 42 41 5 24 26 40 50 30 38 40 31 39 42 24 50 45 55 27 38 18 27 50 44 43 33 4 20 52 29 20 5 1 18 31 11 11 8 15 46 44 34 25 43 39 42 29 41 30 44
22 9 28 34 16 28 7 35 2 42 29 5 33 12 12 32 29 26 29 16 41 20 16 0 20 25 20 41 48 11 29 14 6 32 9 38 34 22 24 30 34 9 36 21 39 25 40 35 36 10 30 3 35 34 12 29 10 24 39 19 27 40 15 23 32 10 39 36 45 28 33 11 11 40 36 34 24 16 20 41 13 12 11 17 2 16 17 13 13 4 38 41 31 28 32 24 33 31 42 15 28
2 11 8 29 4 35 27 35 18 23 9 21 40 8 13 14 40 40 46 12 36 1 17 20 0 42 33 27 45 9 14 16 23 17 15 29 25 41 37 35 28 16 20 8 33 6 29 23 27 13 42 22 28 27 13 9 26 40 41 25 31 24 30 35 32 30 41 32 43 10 24 14 30 39 30 31 21 21 5 42 32 15 20 16 20 28 6 8 24 22 32 30 20 8 36 36 29 12 24 34 47
44 32 50 36 39 23 20 33 26 60 51 29 25 35 37 50 18 9 4 41 42 42 41 25 42 0 11 50 45 34 44 28 20 46 34 43 41 4 8 26 38 34 49 38 41 45 46 44 42 35 16 22 40 41 37 51 16 3 34 23 26 51 12 15 31 17 33 37 43 46 40 28 14 38 39 35 31 41 39 35 12 27 36 42 23 15 40 36 37 26 41 47 40 49 29 16 35 50 57 11 5
35 27 41 26 32 13 18 23 21 49 42 25 15 30 32 40 10 6 14 36 32 32 36 20 33 11 0 39 35 29 33 18 14 35 29 33 30 13 4 16 27 29 38 28 31 35 36 33 31 30 10 17 29 30 32 41 10 8 24 12 16 40 5 5 21 17 23 27 33 36 29 20 12 28 29 25 20 36 30 25 11 18 31 37 18 5 35 29 33 22 31 36 29 40 19 6 25 40 46 13 16
25 35 28 15 30 29 47 22 39 18 23 45 31 33 38 15 36 43 53 38 17 26 43 41 27 50 39 0 27 33 13 27 38 10 39 8 9 51 43 27 12 40 8 20 15 21 5 6 9 37 38 41 10 10 38 24 38 47 27 26 24 5 39 35 21 49 28 17 26 17 10 30 44 23 13 16 18 46 23 28 44 29 44 42 39 34 32 31 48 45 14 5 10 22 25 35 14 18 14 47 54
46 48 50 16 47 22 50 13 47 45 47 53 20 48 53 40 27 36 46 55 10 45 58 48 45 45 35 27 0 48 33 35 42 33 51 19 21 48 37 19 17 52 34 37 12 42 22 26 19 51 29 46 18 19 53 48 40 42 11 28 20 32 39 30 15 51 12 13 2 39 21 39 45 7 15 15 25 60 40 10 45 37 56 58 45 34 50 47 60 51 13 22 26 45 16 29 16 43 41 48 49
11 2 16 33 5 32 18 35 9 32 18 12 37 1 5 23 36 35 38 7 39 9 10 11 9 34 29 33 48 0 21 13 15 24 6 34 30 32 33 33 32 7 28 13 37 15 34 28 32 4 38 13 32 31 5 18 19 33 41 21 29 32 24 31 33 21 41 35 45 19 29 9 21 40 34 33 23 13 11 43 23 11 11 10 11 24 6 2 15 13 36 35 25 17 34 32 32 21 33 25 38
13 23 16 19 17 27 35 26 27 16 13 33 32 20 25 7 34 38 47 25 23 13 30 29 14 44 33 13 33 21 0 17 27 3 27 16 12 44 37 27 17 28 7 8 21 9 15 9 14 25 36 29 15 14 25 15 30 41 32 21 23 11 32 32 24 38 33 22 32 6 12 18 34 29 18 21 13 33 10 34 36 18 32 29 27 29 19 19 36 33 20 16 7 12 28 32 19 10 14 38 49
17 12 23 21 15 19 20 22 12 32 23 18 24 13 17 22 24 24 31 20 28 15 22 14 16 28 18 27 35 13 17 0 11 19 16 24 20 28 22 20 20 17 23 10 25 17 26 21 22 15 26 14 21 20 17 24 13 25 28 9 17 26 16 19 20 22 28 23 32 18 19 4 18 27 22 21 11 25 12 30 19 2 21 22 12 13 18 12 25 18 24 27 17 22 22 20 20 22 31 22 33
24 13 30 30 20 22 9 29 7 42 31 11 27 16 18 32 22 20 24 22 36 22 22 6 23 20 14 38 42 15 27 11 0 30 15 35 31 18 18 24 30 15 34 20 35 26 37 32 33 16 24 4 32 31 18 31 4 18 33 14 22 37 9 17 27 11 33 31 39 28 30 10 7 34 32 29 21 22 21 35 9 9 17 23 4 10 21 16 19 9 34 38 28 30 27 18 29 32 41 11 24
15 26 17 19 20 29 38 26 30 14 14 36 33 23 28 7 36 40 49 28 23 16 33 32 17 46 35 10 33 24 3 19 30 0 30 14 12 47 39 28 17 31 4 11 21 11 13 7 14 28 38 32 15 14 28 16 32 43 32 23 25 8 35 34 24 41 33 22 32 7 12 21 37 29 18 21 15 36 13 34 38 21 35 32 30 31 22 22 39 36 20 14 7 13 28 34 19 10 12 41 51
17 4 21 37 11 35 16 38 8 38 24 7 40 7 3 29 37 35 38 7 44 15 7 9 15 34 29 39 51 6 27 16 15 30 0 39 35 31 33 36 36 1 34 19 41 21 39 34 37 2 38 12 37 36 3 23 19 33 44 24 32 38 24 31 36 19 44 39 48 25 34 12 20 43 38 37 27 9 17 46 22 14 5 8 11 24 10 8 9 10 40 40 30 23 37 32 36 27 39 24 37
29 35 32 7 31 22 44 14 36 26 28 42 23 34 39 21 28 35 45 39 9 28 44 38 29 43 33 8 19 34 16 24 35 14 39 0 4 46 35 19 5 40 15 21 7 25 3 7 2 38 30 38 3 4 39 30 35 40 19 22 17 13 35 28 14 46 20 9 18 21 5 28 41 15 5 9 14 47 24 20 41 26 44 43 36 30 34 32 48 42 6 4 9 27 18 28 7 24 22 44 47
25 31 29 7 27 21 40 14 32 24 25 38 23 29 34 19 28 34 44 35 11 24 39 34 25 41 30 9 21 30 12 20 31 12 35 4 0 43 34 18 5 36 13 17 9 21 6 5 2 34 30 34 3 2 34 27 31 38 20 18 16 12 31 27 13 42 21 10 20 18 1 24 37 17 6 9 10 42 20 22 37 22 40 39 32 26 30 28 44 38 8 7 5 24 17 27 7 22 21 40 46
42 30 48 39 37 26 17 36 23 60 49 26 28 33 34 50 21 12 7 38 45 40 38 22 41 4 13 51 48 32 44 28 18 47 31 46 43 0 11 29 40 31 51 38 44 44 49 45 44 32 19 19 42 42 34 49 15 6 37 24 29 52 12 18 34 14 36 40 46 46 41 27 11 41 42 38 32 38 38 38 9 27 33 39 21 16 38 34 34 23 44 49 41 48 32 19 38 50 58 8 6
39 31 45 28 36 15 20 25 25 53 46 29 17 34 36 44 10 2 10 40 34 36 40 24 37 8 4 43 37 33 37 22 18 39 33 35 34 11 0 18 30 33 42 32 33 39 38 37 34 34 9 21 32 33 36 45 14 5 26 16 18 44 9 7 23 19 25 29 35 40 33 24 14 30 31 27 24 40 34 27 13 22 35 41 22 9 39 33 37 26 33 39 33 44 21 8 27 44 50 14 12
36 32 42 12 35 3 32 7 30 42 40 35 5 33 37 34 9 17 27 40 16 34 42 30 35 26 16 27 19 33 27 20 24 28 36 19 18 29 18 0 14 36 30 27 15 34 22 23 18 35 11 28 16 17 37 42 22 23 9 11 4 30 20 11 5 32 9 11 17 33 18 24 26 12 15 10 14 44 30 11 26 21 40 42 28 15 38 32 43 33 15 23 21 39 3 10 11 37 38 29 30
29 32 33 2 30 16 39 9 32 29 30 38 18 32 37 24 23 30 40 38 7 28 42 34 28 38 27 12 17 32 17 20 30 17 36 5 5 40 30 14 0 37 18 20 5 26 8 10 3 35 25 33 2 3 37 32 30 35 15 17 11 16 30 22 8 41 16 5 16 23 5 24 36 12 2 4 9 45 23 17 36 22 41 42 31 25 33 31 45 37 4 8 10 29 12 22 2 27 25 39 41
18 5 22 38 12 35 15 39 8 39 25 7 40 8 4 30 37 35 38 8 45 16 7 9 16 34 29 40 52 7 28 17 15 31 1 40 36 31 33 36 37 0 35 20 42 22 40 35 38 3 39 12 38 37 4 24 19 33 45 25 33 39 24 32 37 18 45 40 49 26 35 13 20 44 39 38 28 8 18 47 22 15 4 8 11 25 11 9 8 9 41 41 31 24 38 33 37 28 40 24 37
18 30 19 20 23 32 42 27 34 11 14 40 35 27 32 7 39 43 53 31 24 19 36 36 20 49 38 8 34 28 7 23 34 4 34 15 13 51 42 30 18 35 0 15 22 14 12 8 15 32 41 36 16 15 32 16 36 46 33 26 27 4 39 37 26 45 34 23 33 10 13 25 41 30 19 22 18 40 17 35 42 25 39 35 34 34 25 26 43 40 21 13 9 14 30 37 20 10 8 45 54
9 15 15 21 10 27 28 26 19 22 13 25 32 12 17 12 32 34 41 18 27 7 22 21 8 38 28 20 37 13 8 10 20 11 19 21 17 38 32 27 20 20 15 0 25 7 21 15 19 17 34 22 19 18 17 15 23 35 32 17 23 19 26 28 24 31 33 24 35 8 16 11 27 31 22 23 13 25 3 34 29 11 24 22 20 23 13 11 28 25 24 22 12 12 28 28 21 12 21 31 43
34 37 38 5 35 18 44 9 37 33 34 43 18 37 42 28 24 32 42 43 2 33 47 39 33 41 31 15 12 37 21 25 35 21 41 7 9 44 33 15 5 42 22 25 0 30 10 14 7 40 26 38 6 7 42 36 34 38 13 21 15 20 34 26 10 45 14 4 11 27 9 29 40 8 3 6 14 50 28 13 40 27 46 47 36 29 38 36 50 42 1 10 14 33 13 25 6 31 29 43 45
4 17 8 27 10 34 32 33 23 17 6 27 39 14 19 8 39 41 48 18 32 6 23 25 6 45 35 21 42 15 9 17 26 11 21 25 21 44 39 34 26 22 14 7 30 0 24 18 23 19 41 26 24 23 19 8 28 42 39 24 30 18 32 35 31 35 40 30 41 4 21 16 33 37 27 29 20 27 5 41 34 17 26 22 24 30 12 13 30 28 29 25 16 5 35 35 27 6 18 37 49
28 35 30 10 31 25 46 17 38 23 26 44 26 33 38 19 31 38 48 39 12 28 43 40 29 46 36 5 22 34 15 26 37 13 39 3 6 49 38 22 8 40 12 21 10 24 0 6 5 38 33 40 6 6 38 28 37 43 22 24 19 10 37 30 16 48 23 12 21 20 7 29 43 18 8 12 16 46 24 23 43 28 44 43 38 32 34 32 48 44 9 1 9 26 20 30 10 22 19 46 49
22 30 24 12 25 25 41 19 33 19 21 39 28 27 32 14 32 38 47 33 16 22 37 35 23 44 33 6 26 28 9 21 32 7 34 7 5 45 37 23 10 35 8 15 14 18 6 0 7 32 34 35 8 7 32 23 32 41 25 20 20 7 33 31 18 43 26 15 25 14 5 24 38 22 11 14 12 40 18 27 38 23 39 37 33 28 28 26 43 39 13 7 4 20 22 31 12 17 16 41 48
27 33 31 6 29 20 42 13 34 26 27 40 22 31 36 21 27 34 44 37 9 26 41 36 27 42 31 9 19 32 14 22 33 14 37 2 2 44 34 18 3 38 15 19 7 23 5 7 0 36 28 36 1 2 36 29 33 38 18 20 14 13 33 25 11 44 19 8 18 20 3 26 39 15 4 7 12 44 22 20 39 24 42 41 34 28 32 30 46 40 6 5 7 26 15 25 5 24 22 42 44
15 3 19 36 9 34 17 38 9 36 22 9 39 5 2 27 37 36 39 6 43 13 7 10 13 35 30 37 51 4 25 15 16 28 2 38 34 32 34 35 35 3 32 17 40 19 38 32 36 0 39 13 36 35 2 21 20 34 43 23 31 36 25 32 35 20 43 38 47 23 33 11 21 42 37 36 26 10 15 45 23 13 7 7 12 25 8 6 11 12 39 39 29 21 36 33 35 25 37 25 38
43 36 49 23 41 9 28 17 31 52 47 35 9 39 41 44 2 7 17 45 26 41 46 30 42 16 10 38 29 38 36 26 24 38 38 30 30 19 9 11 25 39 41 34 26 41 33 34 28 39 0 27 27 28 41 49 20 13 18 17 14 41 15 7 16 27 17 22 27 42 29 29 22 22 26 21 23 46 37 19 21 27 41 46 28 14 44 38 43 32 26 33 32 46 13 6 22 46 49 23 20
24 11 30 33 18 26 6 33 4 43 31 8 31 14 15 33 26 23 26 19 40 22 19 3 22 22 17 41 46 13 29 14 4 32 12 38 34 19 21 28 33 12 36 22 38 26 40 35 36 13 27 0 35 34 15 31 7 21 37 18 26 40 12 21 31 9 37 35 43 29 33 11 8 38 35 33 24 19 21 39 10 12 14 20 2 14 19 15 16 5 37 41 31 30 31 22 32 32 43 12 25
28 33 32 4 30 18 41 11 34 27 28 40 20 32 37 22 25 32 42 38 8 27 42 35 28 40 29 10 18 32 15 21 32 15 37 3 3 42 32 16 2 38 16 19 6 24 6 8 1 36 27 35 0 1 36 30 32 37 17 19 13 14 32 24 10 43 18 7 17 21 3 25 38 14 3 6 11 44 22 19 38 23 42 41 33 27 32 30 46 39 5 6 8 27 14 24 4 25 23 41 43
27 32 30 5 29 19 40 12 32 26 27 38 21 31 36 21 26 33 43 37 9 26 41 34 27 41 30 10 19 31 14 20 31 14 36 4 2 42 33 17 3 37 15 18 7 23 6 7 2 35 28 34 1 0 35 29 31 38 18 18 14 14 31 25 11 42 19 8 18 20 2 24 37 15 4 7 10 43 21 20 37 22 41 40 32 26 31 29 45 38 6 7 7 26 15 25 5 24 23 40 44
15 5 18 37 9 36 19 40 11 36 22 10 41 5 0 27 39 38 41 4 44 13 5 12 13 37 32 38 53 5 25 17 18 28 3 39 34 34 36 37 37 4 32 17 42 19 38 32 36 2 41 15 36 35 0 20 22 36 45 25 33 36 27 34 37 22 45 40 49 23 33 13 23 44 39 38 28 8 15 47 25 15 7 5 14 27 7 6 11 13 41 39 29 21 38 35 37 25 37 27 40
7 20 3 34 13 42 36 41 27 16 2 30 47 17 20 9 47 48 55 19 38 9 24 29 9 51 41 24 48 18 15 24 31 16 23 30 27 49 45 42 32 24 16 15 36 8 28 23 29 21 49 31 30 29 20 0 34 48 47 32 38 20 38 43 39 39 48 37 47 9 27 22 38 44 33 36 28 28 13 49 40 23 27 23 29 36 13 16 31 31 35 29 22 3 43 43 34 6 17 42 55
28 17 34 29 24 20 10 27 11 45 35 15 24 20 22 35 19 16 20 26 35 25 26 10 26 16 10 38 40 19 30 13 4 32 19 35 31 15 14 22 30 19 36 23 34 28 37 32 33 20 20 7 32 31 22 34 0 14 31 13 20 39 5 14 25 11 31 30 37 31 30 12 6 32 32 28 21 26 23 33 6 12 21 27 8 7 25 20 23 12 34 38 29 33 25 15 28 34 44 9 21
42 31 48 33 37 20 19 30 25 57 48 28 22 34 36 47 15 6 6 40 39 39 40 24 40 3 8 47 42 33 41 25 18 43 33 40 38 6 5 23 35 33 46 35 38 42 43 41 38 34 13 21 37 38 36 48 14 0 31 20 23 48 9 12 28 17 30 34 40 43 37 26 13 35 36 32 28 40 37 32 11 24 35 41 22 12 39 34 36 25 38 43 37 47 26 13 32 47 54 11 8
41 40 47 13 41 12 41 6 39 44 45 44 9 41 45 39 16 25 35 48 12 40 50 39 41 34 24 27 11 41 32 28 33 32 44 19 20 37 26 9 15 45 33 32 13 39 22 25 18 43 18 37 17 18 45 47 31 31 0 20 11 31 29 19 8 41 1 10 9 38 20 32 35 5 14 11 19 53 35 2 35 29 48 50 36 24 44 40 52 42 13 22 25 44 6 18 13 42 40 37 38
26 20 32 16 24 10 23 15 19 37 30 25 15 22 25 28 15 17 26 29 22 24 30 19 25 23 12 26 28 21 21 9 14 23 24 22 18 24 16 11 17 25 26 17 21 24 24 20 20 23 17 18 19 18 25 32 13 20 20 0 8 27 13 11 13 24 20 17 25 25 17 12 19 20 19 15 8 33 20 22 19 10 29 30 17 8 27 21 32 23 21 25 17 29 13 11 15 29 34 22 28
32 28 38 10 31 5 30 7 27 38 36 33 9 30 33 31 12 18 28 37 16 30 38 27 31 26 16 24 20 29 23 17 22 25 32 17 16 29 18 4 11 33 27 23 15 30 19 20 14 31 14 26 13 14 33 38 20 23 11 8 0 27 19 11 5 30 11 11 17 29 15 20 25 12 13 9 10 41 26 13 25 18 37 38 25 14 34 29 40 31 15 19 18 35 5 11 9 33 35 28 30
22 34 23 18 27 32 46 25 38 13 18 44 34 31 36 11 39 45 54 35 22 23 40 40 24 51 40 5 32 32 11 26 37 8 38 13 12 52 44 30 16 39 4 19 20 18 10 7 13 36 41 40 14 14 36 20 39 48 31 27 27 0 40 38 24 48 32 21 31 14 12 29 44 28 17 20 19 44 21 33 45 28 43 39 38 35 29 30 47 44 19 10 10 18 28 38 18 14 9 48 55
32 22 38 29 28 17 13 26 16 48 39 20 20 25 27 38 15 11 15 31 35 29 31 15 30 12 5 39 39 24 32 16 9 35 24 35 31 12 9 20 30 24 39 26 34 32 37 33 33 25 15 12 32 31 27 38 5 9 29 13 19 40 0 10 24 12 28 30 36 34 30 17 7 31 32 28 21 31 27 30 6 15 26 32 13 5 30 25 28 17 34 38 30 37 23 11 28 38 46 9 17
36 29 42 21 34 8 23 18 24 48 41 28 10 32 34 39 5 7 17 38 27 34 39 23 35 15 5 35 30 31 32 19 17 34 31 28 27 18 7 11 22 32 37 28 26 35 30 31 25 32 7 21 24 25 34 43 14 12 19 11 11 38 10 0 16 22 18 22 28 36 26 22 17 23 24 20 19 39 31 20 16 20 34 39 21 7 37 31 36 26 26 30 28 40 14 1 20 40 45 18 19
33 32 39 7 33 8 35 2 32 37 37 38 9 33 37 31 14 22 32 40 11 31 42 32 32 31 21 21 15 33 24 20 27 24 36 14 13 34 23 5 8 37 26 24 10 31 16 18 11 35 16 31 10 11 37 39 25 28 8 13 5 24 24 16 0 35 9 6 12 30 13 24 30 7 10 5 11 45 27 10 30 22 41 42 30 19 36 32 45 36 10 16 17 36 4 15 6 34 33 33 35
33 19 38 40 26 29 3 38 12 52 39 12 33 22 22 42 28 22 21 26 46 30 24 10 30 17 17 49 51 21 38 22 11 41 19 46 42 14 19 32 41 18 45 31 45 35 48 43 44 20 27 9 43 42 22 39 11 17 41 24 30 48 12 22 35 0 40 41 47 38 41 20 5 42 43 39 32 24 30 42 7 20 19 25 11 16 27 23 20 9 45 49 39 38 34 23 39 41 52 6 20
42 40 48 14 42 11 41 7 39 45 46 44 8 42 45 40 15 24 34 49 13 40 50 39 41 33 23 28 12 41 33 28 33 33 44 20 21 36 25 9 16 45 34 33 14 40 23 26 19 43 17 37 18 19 45 48 31 30 1 20 11 32 28 18 9 40 0 11 10 39 21 31 35 6 15 12 20 52 36 2 34 29 48 49 36 24 45 40 51 42 14 23 26 45 6 17 14 43 41 36 37
33 35 38 3 34 14 40 5 35 34 35 41 14 35 40 29 20 28 38 42 5 32 45 36 32 37 27 17 13 35 22 23 31 22 39 9 10 40 29 11 5 40 23 24 4 30 12 15 8 38 22 35 7 8 40 37 30 34 10 17 11 21 30 22 6 41 11 0 11 28 10 27 36 7 4 2 12 48 27 12 36 25 44 45 34 25 37 34 48 40 4 13 15 34 9 21 3 32 30 39 41
44 46 48 14 45 20 48 10 44 44 45 50 18 46 50 39 25 34 44 53 9 43 55 45 43 43 33 26 2 45 32 32 39 32 48 18 20 46 35 17 16 49 33 35 11 41 21 25 18 47 27 43 17 18 49 47 37 40 9 25 17 31 36 28 12 47 10 11 0 38 20 36 42 5 14 13 23 57 38 8 42 34 53 54 42 31 48 44 57 48 12 21 25 44 14 27 14 42 40 45 47
8 21 10 25 14 33 35 32 26 14 7 31 38 18 23 4 40 42 49 22 29 10 27 28 10 46 36 17 39 19 6 18 28 7 25 21 18 46 40 33 23 26 10 8 27 4 20 14 20 23 42 29 21 20 23 9 31 43 38 25 29 14 34 36 30 38 39 28 38 0 18 19 35 35 24 27 19 31 8 40 37 19 30 26 27 31 16 17 34 32 26 21 13 6 34 36 25 4 14 39 51
25 30 28 7 26 20 39 14 31 24 25 37 22 28 33 19 27 33 43 34 11 23 38 33 24 40 29 10 21 29 12 19 30 12 34 5 1 41 33 18 5 35 13 16 9 21 7 5 3 33 29 33 3 2 33 27 30 37 20 17 15 12 30 26 13 41 21 10 20 18 0 23 36 17 6 9 9 41 19 22 36 21 39 38 31 25 29 27 43 37 8 8 5 24 17 26 7 22 21 39 45
15 8 21 25 12 23 17 26 9 33 22 15 28 10 13 23 27 26 32 16 32 13 18 11 14 28 20 30 39 9 18 4 10 21 12 28 24 27 24 24 24 13 25 11 29 16 29 24 26 11 29 11 25 24 13 22 12 26 32 12 20 29 17 22 24 20 31 27 36 19 23 0 17 31 26 25 15 21 11 33 18 2 17 18 9 15 15 9 21 15 28 30 20 21 25 23 24 22 32 21 33
31 19 37 35 26 24 6 32 12 49 38 15 27 22 23 39 22 16 18 27 41 29 27 11 30 14 12 44 45 21 34 18 7 37 20 41 37 11 14 26 36 20 41 27 40 33 43 38 39 21 22 8 38 37 23 38 6 13 35 19 25 44 7 17 30 5 35 36 42 35 36 17 0 37 38 34 27 27 28 37 2 16 22 28 10 11 27 23 23 12 40 44 35 37 29 18 34 39 48 4 17
40 40 45 10 40 15 42 5 39 41 42 45 13 41 45 36 20 29 39 48 7 38 50 40 39 38 28 23 7 40 29 27 34 29 43 15 17 41 30 12 12 44 30 31 8 37 18 22 15 42 22 38 14 15 44 44 32 35 5 20 12 28 31 23 7 42 6 7 5 35 17 31 37 0 11 8 18 52 34 5 37 29 48 49 37 26 43 39 52 43 9 18 22 41 9 22 10 39 37 40 42
31 34 34 3 32 18 41 9 34 30 31 40 18 34 39 25 24 31 41 40 5 29 44 36 30 39 29 13 15 34 18 22 32 18 38 5 6 42 31 15 2 39 19 22 3 27 8 11 4 37 26 35 3 4 39 33 32 36 14 19 13 17 32 24 10 43 15 4 14 24 6 26 38 11 0 5 11 47 25 16 38 24 43 44 33 27 35 33 47 39 2 9 11 30 13 24 4 28 26 41 43
32 33 37 2 32 13 38 5 33 33 34 39 14 33 38 28 19 27 37 40 7 30 43 34 31 35 25 16 15 33 21 21 29 21 37 9 9 38 27 10 4 38 22 23 6 29 12 14 7 36 21 33 6 7 38 36 28 32 11 15 9 20 28 20 5 39 12 2 13 27 9 25 34 8 5 0 10 46 26 13 34 23 42 43 32 23 35 32 46 38 6 12 14 33 9 20 2 31 29 37 39
22 23 28 10 22 14 30 13 23 29 26 29 19 23 28 20 21 25 34 30 16 20 33 24 21 31 20 18 25 23 13 11 21 15 27 14 10 32 24 14 9 28 18 13 14 20 16 12 12 26 23 24 11 10 28 28 21 28 19 8 10 19 21 19 11 32 20 12 23 19 9 15 27 18 11 10 0 36 16 21 27 13 32 33 22 16 25 22 36 28 13 17 9 25 15 19 9 23 26 30 36
23 13 25 45 17 43 21 47 16 44 30 12 48 13 8 35 45 42 45 9 52 21 4 16 21 41 36 46 60 13 33 25 22 36 9 47 42 38 40 44 45 8 40 25 50 27 46 40 44 10 46 19 44 43 8 28 26 40 53 33 41 44 31 39 45 24 52 48 57 31 41 21 27 52 47 46 36 0 23 54 29 23 5 5 18 32 15 14 5 15 49 47 37 29 46 40 45 33 45 30 44
6 13 12 24 7 30 27 29 18 22 11 23 35 10 15 12 35 36 43 15 30 4 20 20 5 39 30 23 40 11 10 12 21 13 17 24 20 38 34 30 23 18 17 3 28 5 24 18 22 15 37 21 22 21 15 13 23 37 35 20 26 21 27 31 27 30 36 27 38 8 19 11 28 34 25 26 16 23 0 37 29 12 22 19 19 25 10 9 26 24 27 25 15 10 31 31 24 11 22 32 44
43 42 49 15 43 13 43 8 41 46 47 46 10 43 47 41 17 26 36 50 12 41 52 41 42 35 25 28 10 43 34 30 35 34 46 20 22 38 27 11 17 47 35 34 13 41 23 27 20 45 19 39 19 20 47 49 33 32 2 22 13 33 30 20 10 42 2 12 8 40 22 33 37 5 16 13 21 54 37 0 36 31 50 51 38 26 46 42 53 44 14 23 27 46 8 19 15 44 42 38 39
33 21 39 35 28 23 8 32 14 51 40 17 26 24 25 41 21 15 16 29 41 31 29 13 32 12 11 44 45 23 36 19 9 38 22 41 37 9 13 26 36 22 42 29 40 34 43 38 39 23 21 10 38 37 25 40 6 11 35 19 25 45 6 16 30 7 34 36 42 37 36 18 2 37 38 34 27 29 29 36 0 18 24 30 12 11 29 25 25 14 40 44 35 39 29 17 34 40 50 3 15
16 10 22 23 14 20 18 24 10 33 23 16 25 12 15 23 25 24 30 18 29 14 20 12 15 27 18 29 37 11 18 2 9 21 14 26 22 27 22 21 22 15 25 11 27 17 28 23 24 13 27 12 23 22 15 23 12 24 29 10 18 28 15 20 22 20 29 25 34 19 21 2 16 29 24 23 13 23 12 31 18 0 19 20 10 13 17 11 23 16 26 29 19 22 23 21 22 23 32 20 32
22 9 25 42 16 39 16 43 11 43 29 7 44 12 7 34 40 37 40 9 48 20 5 11 20 36 31 44 56 11 32 21 17 35 5 44 40 33 35 40 41 4 39 24 46 26 44 39 42 7 41 14 42 41 7 27 21 35 48 29 37 43 26 34 41 19 48 44 53 30 39 17 22 48 43 42 32 5 22 50 24 19 0 6 13 27 14 13 4 10 45 45 35 28 42 35 41 32 44 25 39
18 10 20 42 12 41 22 45 16 39 25 13 46 10 5 30 44 43 46 4 49 16 1 17 16 42 37 42 58 10 29 22 23 32 8 43 39 39 41 42 42 8 35 22 47 22 43 37 41 7 46 20 41 40 5 23 27 41 50 30 38 39 32 39 42 25 49 45 54 26 38 18 28 49 44 43 33 5 19 51 30 20 6 0 19 32 10 11 9 16 46 44 34 24 43 40 42 28 40 31 45
22 9 28 32 16 26 8 32 3 41 29 7 31 12 14 31 26 24 27 18 38 20 18 2 20 23 18 39 45 11 27 12 4 30 11 36 32 21 22 28 31 11 34 20 36 24 38 33 34 12 28 2 33 32 14 29 8 22 36 17 25 38 13 21 30 11 36 34 42 27 31 9 10 37 33 32 22 18 19 38 12 10 13 19 0 14 17 13 15 6 35 39 29 28 30 22 31 30 41 14 27
29 22 35 24 27 13 17 21 17 45 36 21 17 25 27 35 12 11 18 31 30 27 31 16 28 15 5 34 34 24 29 13 10 31 24 30 26 16 9 15 25 25 34 23 29 30 32 28 28 25 14 14 27 26 27 36 7 12 24 8 14 35 5 7 19 16 24 25 31 31 25 15 11 26 27 23 16 32 25 26 11 13 27 32 14 0 30 24 29 19 29 33 25 35 18 8 23 35 42 14 20
8 8 11 34 3 37 24 38 15 29 15 17 42 5 7 20 42 41 44 6 40 6 11 17 6 40 35 32 50 6 19 18 21 22 10 34 30 38 39 38 33 11 25 13 38 12 34 28 32 8 44 19 32 31 7 13 25 39 44 27 34 29 30 37 36 27 45 37 48 16 29 15 27 43 35 35 25 15 10 46 29 17 14 10 17 30 0 6 18 19 37 35 25 14 39 38 34 18 30 31 44
9 4 15 31 4 31 20 34 11 30 16 14 36 1 6 21 36 35 40 8 38 7 11 13 8 36 29 31 47 2 19 12 16 22 8 32 28 34 33 32 31 9 26 11 36 13 32 26 30 6 38 15 30 29 6 16 20 34 40 21 29 30 25 31 32 23 40 34 44 17 27 9 23 39 33 32 22 14 9 42 25 11 13 11 13 24 6 0 17 15 35 33 23 15 34 32 31 19 31 27 40
26 13 28 46 20 41 17 47 14 47 33 8 46 16 11 38 42 39 41 12 52 24 8 13 24 37 33 48 60 15 36 25 19 39 9 48 44 34 37 43 45 8 43 28 50 30 48 43 46 11 43 16 46 45 11 31 23 36 52 32 40 47 28 36 45 20 51 48 57 34 43 21 23 52 47 46 36 5 26 53 25 23 4 9 15 29 18 17 0 11 49 49 39 32 45 37 45 36 48 26 40
25 11 30 38 18 31 6 38 6 45 31 3 36 14 13 36 31 28 30 17 44 22 15 4 22 26 22 45 51 13 33 18 9 36 10 42 38 23 26 33 37 9 40 25 42 28 44 39 40 12 32 5 39 38 13 31 12 25 42 23 31 44 17 26 36 9 42 40 48 32 37 15 12 43 39 38 28 15 24 44 14 16 10 16 6 19 19 15 11 0 41 45 35 30 36 27 37 34 46 15 29
33 36 36 5 34 18 43 9 36 32 33 42 18 36 41 27 24 32 42 42 3 31 46 38 32 41 31 14 13 36 20 24 34 20 40 6 8 44 33 15 4 41 21 24 1 29 9 13 6 39 26 37 5 6 41 35 34 38 13 21 15 19 34 26 10 45 14 4 12 26 8 28 40 9 2 6 13 49 27 14 40 26 45 46 35 29 37 35 49 41 0 9 13 32 13 25 6 30 28 43 45
29 36 31 11 32 25 47 18 39 23 27 45 27 34 39 20 32 39 49 40 12 29 44 41 30 47 36 5 22 35 16 27 38 14 40 4 7 49 39 23 8 41 13 22 10 25 1 7 5 39 33 41 6 7 39 29 38 43 22 25 19 10 38 30 16 49 23 13 21 21 8 30 44 18 9 12 17 47 25 23 44 29 45 44 39 33 35 33 49 45 9 0 10 27 20 30 10 23 19 47 49
20 26 23 12 22 23 37 19 29 20 20 35 26 24 29 14 30 34 43 30 16 19 34 31 20 40 29 10 26 25 7 17 28 7 30 9 5 41 33 21 10 31 9 12 14 16 9 4 7 29 32 31 8 7 29 22 29 37 25 17 18 10 30 28 17 39 26 15 25 13 5 20 35 22 11 14 9 37 15 27 35 19 35 34 29 25 25 23 39 35 13 10 0 19 21 28 12 17 17 38 45
6 19 5 31 12 39 35 38 26 15 1 29 44 16 21 7 44 46 53 20 35 8 25 28 8 49 40 22 45 17 12 22 30 13 23 27 24 48 44 39 29 24 14 12 33 5 26 20 26 21 46 30 27 26 21 3 33 47 44 29 35 18 37 40 36 38 45 34 44 6 24 21 37 41 30 33 25 29 10 46 39 22 28 24 28 35 14 15 32 30 32 27 19 0 40 40 31 4 16 41 54
37 33 43 11 36 6 35 4 32 41 41 38 5 35 38 35 11 20 30 42 13 35 43 32 36 29 19 25 16 34 28 22 27 28 37 18 17 32 21 3 12 38 30 28 13 35 20 22 15 36 13 31 14 15 38 43 25 26 6 13 5 28 23 14 4 34 6 9 14 34 17 25 29 9 13 9 15 46 31 8 29 23 42 43 30 18 39 34 45 36 13 20 21 40 0 13 10 38 37 32 33
37 30 43 21 35 7 24 17 25 48 41 29 9 33 35 39 4 7 17 39 26 35 39 24 36 16 6 35 29 32 32 20 18 34 32 28 27 19 8 10 22 33 37 28 25 35 30 31 25 33 6 22 24 25 35 43 15 13 18 11 11 38 11 1 15 23 17 21 27 36 26 23 18 22 24 20 19 40 31 19 17 21 35 40 22 8 38 32 37 27 25 30 28 40 13 0 20 40 45 19 20
30 32 35 1 31 14 38 7 32 31 32 38 15 32 37 26 20 27 37 39 8 28 42 33 29 35 25 14 16 32 19 20 29 19 36 7 7 38 27 11 2 37 20 21 6 27 10 12 5 35 22 32 4 5 37 34 28 32 13 15 9 18 28 20 6 39 14 3 14 25 7 24 34 10 4 2 9 45 24 15 34 22 41 42 31 23 34 31 45 37 6 10 12 31 10 20 0 29 27 37 39
10 23 9 29 16 37 38 36 29 11 4 33 42 20 25 3 44 46 53 24 33 12 29 31 12 50 40 18 43 21 10 22 32 10 27 24 22 50 44 37 27 28 10 12 31 6 22 17 24 25 46 32 25 24 25 6 34 47 42 29 33 14 38 40 34 41 43 32 42 4 22 22 39 39 28 31 23 33 11 44 40 23 32 28 30 35 18 19 36 34 30 23 17 4 38 40 29 0 12 43 55
22 35 20 27 28 40 49 34 40 4 15 45 43 32 37 10 47 51 61 36 31 24 41 42 24 57 46 14 41 33 14 31 41 12 39 22 21 58 50 38 25 40 8 21 29 18 19 16 22 37 49 43 23 23 37 17 44 54 40 34 35 9 46 45 33 52 41 30 40 14 21 32 48 37 26 29 26 45 22 42 50 32 44 40 41 42 30 31 48 46 28 19 17 16 37 45 27 12 0 52 62
35 23 41 38 30 26 9 35 16 53 42 18 28 26 27 43 23 16 15 31 44 33 30 15 34 11 13 47 48 25 38 22 11 41 24 44 40 8 14 29 39 24 45 31 43 37 46 41 42 25 23 12 41 40 27 42 9 11 37 22 28 48 9 18 33 6 36 39 45 39 39 21 4 40 41 37 30 30 32 38 3 20 25 31 14 14 31 27 26 15 43 47 38 41 32 19 37 43 52 0 14
48 36 54 40 43 27 23 37 29 65 55 32 29 39 40 55 22 13 3 44 46 46 44 28 47 5 16 54 49 38 49 33 24 51 37 47 46 6 12 30 41 37 54 43 45 49 49 48 44 38 20 25 43 44 40 55 21 8 38 28 30 55 17 19 35 20 37 41 47 51 45 33 17 42 43 39 36 44 44 39 15 32 39 45 27 20 44 40 40 29 45 49 45 54 33 20 39 55 62 14 0
0         1115     
0         127      
401       575      
261       455      
811       927      
552       711      
195       343      
524       650      
35        179      
349       496      
344       519      
64        214      
507       710      
0         72       
0         104      
356       492      
522       681      
132       302      
592       742      
0         92       
496       617      
0         72       
0         105      
0         167      
408       546      
140       316      
107       252      
422       569      
681       875      
0         90       
387       581      
628       799      
20        200      
294       486      
0         100      
312       417      
288       452      
173       306      
159       290      
491       684      
279       423      
2         157      
320       494      
208       389      
705       876      
213       396      
419       582      
320       439      
297       433      
0         81       
514       704      
23        169      
288       450      
313       452      
0         122      
379       504      
133       247      
166       307      
489       655      
547       726      
496       645      
436       623      
101       240      
105       276      
479       674      
40        239      
460       644      
294       454      
740       847      
251       397      
446       567      
47        188      
42        240      
492       613      
307       412      
279       451      
230       393      
0         140      
234       359      
487       638      
53        241      
46        202      
13        135      
0         168      
6         202      
115       263      
0         108      
0         71       
886       1089     
649       779      
459       633      
464       588      
285       431      
377       542      
488       629      
526       692      
846       986      
367       492      
352       490      
48        259      
129       287      
