21
0 16 31 17 27 27 31 19 30 31 30 34 22 5 18 28 40 23 25 41 17
16 0 25 24 27 34 36 24 30 44 43 45 35 13 14 39 49 34 23 44 30
31 25 0 23 11 26 24 19 12 44 44 39 35 25 12 35 38 33 7 26 32
17 24 23 0 14 10 14 4 16 21 21 21 12 13 15 15 25 10 16 24 9
27 27 11 14 0 15 13 10 3 33 33 28 24 22 13 24 27 22 5 17 23
27 34 26 10 15 0 5 10 15 18 18 13 11 23 23 9 15 9 19 16 13
31 36 24 14 13 5 0 12 12 22 22 16 16 27 24 13 14 14 18 11 18
19 24 19 4 10 10 12 0 12 25 25 23 16 15 13 17 25 14 12 22 13
30 30 12 16 3 15 12 12 0 33 33 28 25 25 16 24 26 23 8 14 24
31 44 44 21 33 18 22 25 33 0 1 9 9 31 36 9 17 11 37 31 14
30 43 44 21 33 18 22 25 33 1 0 10 9 30 36 9 18 11 37 31 13
34 45 39 21 28 13 16 23 28 9 10 0 11 33 36 6 8 11 32 23 16
22 35 35 12 24 11 16 16 25 9 9 11 0 22 27 6 19 2 28 27 5
5 13 25 13 22 23 27 15 25 31 30 33 22 0 13 27 38 22 20 37 17
18 14 12 15 13 23 24 13 16 36 36 36 27 13 0 30 38 25 9 30 24
28 39 35 15 24 9 13 17 24 9 9 6 6 27 30 0 13 5 28 22 11
40 49 38 25 27 15 14 25 26 17 18 8 19 38 38 13 0 18 32 17 24
23 34 33 10 22 9 14 14 23 11 11 11 2 22 25 5 18 0 26 25 6
25 23 7 16 5 19 18 12 8 37 37 32 28 20 9 28 32 26 0 22 25
41 44 26 24 17 16 11 22 14 31 31 23 27 37 30 22 17 25 22 0 29
17 30 32 9 23 13 18 13 24 14 13 16 5 17 24 11 24 6 25 29 0
0         368      
0         74       
146       276      
111       236      
0         103      
28        148      
135       256      
15        139      
5         126      
196       322      
90        212      
29        148      
106       231      
241       362      
0         81       
22        156      
41        164      
93        206      
0         106      
67        178      
186       304      
