21
0 26 22 26 35 29 29 26 17 16 9 22 18 35 10 19 20 20 8 30 10
26 0 27 16 15 23 8 27 9 39 17 23 28 26 23 9 22 26 18 16 30
22 27 0 38 26 12 35 43 21 37 21 6 4 49 29 19 5 2 21 19 13
26 16 38 0 31 37 8 12 18 32 19 34 37 11 18 20 34 36 20 31 34
35 15 26 31 0 15 23 42 18 49 27 20 28 41 35 16 21 25 28 7 34
29 23 12 37 15 0 31 46 20 45 26 7 15 48 35 17 9 12 26 8 23
29 8 35 8 23 31 0 20 14 38 20 30 34 18 22 16 30 33 21 24 34
26 27 43 12 42 46 20 0 26 26 22 42 41 11 16 29 40 41 23 42 36
17 9 21 18 18 20 14 26 0 31 9 17 20 29 17 3 16 19 10 16 21
16 39 37 32 49 45 38 26 31 0 22 38 33 37 16 33 36 35 22 46 24
9 17 21 19 27 26 20 22 9 22 0 20 19 29 9 11 18 19 1 24 15
22 23 6 34 20 7 30 42 17 38 20 0 8 45 29 14 2 5 20 13 16
18 28 4 37 28 15 34 41 20 33 19 8 0 47 26 19 7 3 18 21 9
35 26 49 11 41 48 18 11 29 37 29 45 47 0 25 31 45 47 29 42 43
10 23 29 18 35 35 22 16 17 16 9 29 26 25 0 19 27 27 9 32 20
19 9 19 20 16 17 16 29 3 33 11 14 19 31 19 0 14 17 12 13 21
20 22 5 34 21 9 30 40 16 36 18 2 7 45 27 14 0 4 18 14 14
20 26 2 36 25 12 33 41 19 35 19 5 3 47 27 17 4 0 19 18 12
8 18 21 20 28 26 21 23 10 22 1 20 18 29 9 12 18 19 0 24 14
30 16 19 31 7 8 24 42 16 46 24 13 21 42 32 13 14 18 24 0 28
10 30 13 34 34 23 34 36 21 24 15 16 9 43 20 21 14 12 14 28 0
0         396      
0         112      
36        256      
94        310      
0         252      
3         159      
197       367      
61        296      
0         163      
134       352      
0         112      
0         222      
0         210      
79        291      
36        221      
0         135      
0         145      
18        188      
176       329      
0         198      
172       345      
