21
0 38 22 13 22 23 46 18 21 47 10 17 42 33 41 38 39 15 5 25 28
38 0 17 29 20 45 42 21 27 16 36 24 39 14 6 9 27 30 43 14 10
22 17 0 15 6 32 41 4 17 27 22 7 37 16 20 18 29 16 27 6 7
13 29 15 0 18 17 33 14 8 34 7 15 29 20 30 26 26 2 18 15 19
22 20 6 18 0 35 47 4 22 32 24 5 43 22 24 23 35 20 26 12 12
23 45 32 17 35 0 27 31 18 44 14 32 24 32 44 38 30 16 25 31 35
46 42 41 33 47 27 0 43 25 32 36 45 4 29 37 32 14 31 49 36 38
18 21 4 14 4 31 43 0 18 31 20 3 39 20 24 22 33 16 23 10 11
21 27 17 8 22 18 25 18 0 28 13 20 21 14 26 20 18 6 25 13 17
47 16 27 34 32 44 32 31 28 0 41 34 30 14 10 9 18 34 52 22 20
10 36 22 7 24 14 36 20 13 41 0 20 32 27 37 32 31 7 13 22 26
17 24 7 15 5 32 45 3 20 34 20 0 41 23 27 25 36 17 21 13 14
42 39 37 29 43 24 4 39 21 30 32 41 0 25 35 30 12 27 45 32 34
33 14 16 20 22 32 29 20 14 14 27 23 25 0 12 6 15 20 38 10 10
41 6 20 30 24 44 37 24 26 10 37 27 35 12 0 6 23 31 46 16 13
38 9 18 26 23 38 32 22 20 9 32 25 30 6 6 0 18 25 43 13 11
39 27 29 26 35 30 14 33 18 18 31 36 12 15 23 18 0 24 43 24 25
15 30 16 2 20 16 31 16 6 34 7 17 27 20 31 25 24 0 19 16 20
5 43 27 18 26 25 49 23 25 52 13 21 45 38 46 43 43 19 0 30 33
25 14 6 15 12 31 36 10 13 22 22 13 32 10 16 13 24 16 30 0 4
28 10 7 19 12 35 38 11 17 20 26 14 34 10 13 11 25 20 33 4 0
0         483      
67        265      
0         170      
2         170      
52        191      
150       291      
125       283      
0         146      
0         140      
99        285      
0         76       
0         170      
225       441      
79        218      
50        256      
199       356      
136       286      
0         105      
0         170      
0         123      
200       338      
