21
0 31 16 5 18 31 28 16 32 28 14 5 5 21 14 22 24 29 27 17 9
31 0 21 32 41 4 18 23 8 32 20 35 36 25 28 37 49 52 44 14 37
16 21 0 14 33 24 28 2 18 16 18 21 18 27 24 16 28 31 23 12 19
5 32 14 0 22 33 32 13 32 24 18 9 4 26 19 17 20 25 22 19 5
18 41 33 22 0 40 30 34 45 46 20 13 21 19 12 39 39 45 44 28 25
31 4 24 33 40 0 14 26 12 36 20 35 36 23 28 40 52 55 47 14 38
28 18 28 32 30 14 0 30 25 44 14 29 33 11 18 44 52 57 51 16 37
16 23 2 13 34 26 30 0 20 14 20 21 17 29 26 14 26 29 21 14 18
32 8 18 32 45 12 25 20 0 26 24 36 36 31 32 33 46 48 40 16 37
28 32 16 24 46 36 44 14 26 0 34 33 28 43 40 11 27 26 17 28 26
14 20 18 18 20 20 14 20 24 34 0 16 19 9 8 32 38 43 38 8 23
5 35 21 9 13 35 29 21 36 33 16 0 8 20 12 26 26 32 31 21 12
5 36 18 4 21 36 33 17 36 28 19 8 0 26 19 20 19 24 23 22 4
21 25 27 26 19 23 11 29 31 43 9 20 26 0 8 41 45 50 47 16 30
14 28 24 19 12 28 18 26 32 40 8 12 19 8 0 36 38 43 41 16 23
22 37 16 17 39 40 44 14 33 11 32 26 20 41 36 0 16 16 7 28 17
24 49 28 20 39 52 52 26 46 27 38 26 19 45 38 16 0 6 11 38 15
29 52 31 25 45 55 57 29 48 26 43 32 24 50 43 16 6 0 9 41 20
27 44 23 22 44 47 51 21 40 17 38 31 23 47 41 7 11 9 0 35 19
17 14 12 19 28 14 16 14 16 28 8 21 22 16 16 28 38 41 35 0 24
9 37 19 5 25 38 37 18 37 26 23 12 4 30 23 17 15 20 19 24 0
0         458      
319       427      
0         91       
0         73       
116       233      
65        176      
67        192      
0         118      
41        165      
17        142      
84        201      
0         69       
129       253      
214       325      
100       226      
5         134      
162       290      
268       374      
150       283      
0         98       
248       352      
