21
0 25 25 4 32 24 32 7 34 26 35 12 18 38 26 36 42 22 36 5 22
25 0 27 25 34 1 22 18 26 7 20 15 11 15 8 12 37 7 14 22 7
25 27 0 21 7 26 14 24 13 22 20 30 32 42 21 38 17 32 29 20 20
4 25 21 0 28 24 29 8 31 25 33 14 20 39 25 37 38 24 35 3 21
32 34 7 28 0 32 17 31 14 28 23 37 39 48 27 44 13 39 33 27 26
24 1 26 24 32 0 21 17 25 6 19 15 11 16 7 13 36 8 14 21 6
32 22 14 29 17 21 0 28 4 15 6 31 30 33 14 30 15 29 16 27 15
7 18 24 8 31 17 28 0 30 19 30 7 12 32 20 29 40 16 29 5 16
34 26 13 31 14 25 4 30 0 19 9 34 34 37 18 34 11 33 20 29 19
26 7 22 25 28 6 15 19 19 0 13 19 17 20 1 17 30 14 10 22 4
35 20 20 33 23 19 6 30 9 13 0 32 29 29 12 26 19 27 11 31 15
12 15 30 14 37 15 31 7 34 19 32 0 6 27 20 25 44 11 29 12 17
18 11 32 20 39 11 30 12 34 17 29 6 0 21 17 19 45 5 25 17 15
38 15 42 39 48 16 33 32 37 20 29 27 21 0 20 3 48 16 19 37 22
26 8 21 25 27 7 14 20 18 1 12 20 17 20 0 17 29 15 10 22 4
36 12 38 37 44 13 30 29 34 17 26 25 19 3 17 0 45 14 16 34 19
42 37 17 38 13 36 15 40 11 30 19 44 45 48 29 45 0 44 30 37 30
22 7 32 24 39 8 29 16 33 14 27 11 5 16 15 14 44 0 21 21 14
36 14 29 35 33 14 16 29 20 10 11 29 25 19 10 16 30 21 0 32 14
5 22 20 3 27 21 27 5 29 22 31 12 17 37 22 34 37 21 32 0 18
22 7 20 21 26 6 15 16 19 4 15 17 15 22 4 19 30 14 14 18 0
0         426      
0         168      
139       280      
0         91       
255       394      
0         145      
37        232      
0         107      
30        215      
0         136      
22        219      
0         112      
0         106      
79        263      
13        190      
191       353      
53        228      
0         142      
56        246      
0         70       
228       367      
