21
0 34 16 38 21 8 11 26 14 28 36 12 23 12 29 30 33 13 32 23 24
34 0 33 25 22 30 24 31 20 34 26 22 16 34 8 36 30 30 36 13 18
16 33 0 25 31 8 13 39 20 12 23 15 30 5 26 14 19 4 16 20 16
38 25 25 0 39 30 27 49 30 15 2 27 34 30 18 16 7 26 13 19 15
21 22 31 39 0 24 18 10 11 38 39 16 6 29 22 40 39 27 42 20 25
8 30 8 30 24 0 6 31 13 20 28 8 23 5 24 22 25 5 24 18 16
11 24 13 27 18 6 0 27 7 22 26 2 17 11 19 24 24 9 26 13 13
26 31 39 49 10 31 27 0 21 48 49 26 16 36 32 50 49 35 52 30 35
14 20 20 30 11 13 7 21 0 27 29 5 10 18 17 29 29 16 31 12 15
28 34 12 15 38 20 22 48 27 0 13 23 36 17 26 2 8 15 4 22 16
36 26 23 2 39 28 26 49 29 13 0 26 34 28 19 13 5 24 11 19 14
12 22 15 27 16 8 2 26 5 23 26 0 15 13 17 25 25 11 27 11 12
23 16 30 34 6 23 17 16 10 36 34 15 0 28 17 38 35 26 39 15 21
12 34 5 30 29 5 11 36 18 17 28 13 28 0 27 19 24 4 21 21 18
29 8 26 18 22 24 19 32 17 26 19 17 17 27 0 28 22 23 28 6 10
30 36 14 16 40 22 24 50 29 2 13 25 38 19 28 0 8 17 3 24 18
33 30 19 7 39 25 24 49 29 8 5 25 35 24 22 8 0 20 6 20 14
13 30 4 26 27 5 9 35 16 15 24 11 26 4 23 17 20 0 19 17 14
32 36 16 13 42 24 26 52 31 4 11 27 39 21 28 3 6 19 0 24 18
23 13 20 19 20 18 13 30 12 22 19 11 15 21 6 24 20 17 24 0 6
24 18 16 15 25 16 13 35 15 16 14 12 21 18 10 18 14 14 18 6 0
0         345      
41        183      
88        247      
132       275      
24        137      
0         101      
0         76       
3         155      
0         140      
112       255      
194       308      
0         93       
69        202      
0         106      
146       289      
105       263      
117       264      
0         104      
130       233      
0         122      
174       308      
