41
0 51 49 49 45 38 41 40 37 33 21 4 44 38 19 20 25 25 14 8 39 23 31 49 21 33 39 43 57 44 31 4 24 47 9 39 56 37 22 6 41
51 0 2 13 8 29 31 15 32 40 31 53 11 13 34 35 34 38 41 54 12 30 28 26 34 18 12 31 10 18 41 48 27 8 42 30 17 19 34 55 12
49 2 0 12 6 29 31 13 32 38 29 51 9 11 32 33 32 36 39 52 11 28 27 25 32 17 11 31 10 18 39 47 25 8 40 30 17 17 33 53 10
49 13 12 0 9 38 40 10 41 30 34 51 7 14 30 38 28 31 44 51 18 26 35 13 30 23 18 41 10 29 32 49 27 19 40 39 7 12 39 52 10
45 8 6 9 0 29 31 7 32 32 26 47 3 6 26 30 26 30 36 47 9 23 26 20 27 14 9 32 12 20 33 43 20 11 35 30 16 11 30 48 4
38 29 29 38 29 0 3 30 3 47 18 42 31 25 30 18 37 41 24 45 20 30 7 47 33 17 20 5 39 12 46 34 23 21 31 1 45 33 16 44 28
41 31 31 40 31 3 0 33 4 50 21 45 34 28 33 21 40 44 27 48 23 33 10 50 36 20 23 2 41 13 49 37 26 23 34 2 47 36 19 47 31
40 15 13 10 7 30 33 0 32 25 24 42 4 5 21 28 19 23 34 42 10 17 26 17 21 14 10 34 17 23 26 39 17 16 31 31 17 4 29 43 3
37 32 32 41 32 3 4 32 0 48 19 41 34 27 31 17 38 42 23 44 23 31 8 49 34 19 23 6 42 14 47 33 24 24 30 2 48 35 15 43 31
33 40 38 30 32 47 50 25 48 0 30 32 29 29 18 34 10 8 36 29 33 16 40 22 15 31 33 52 40 45 2 35 23 41 27 48 34 21 36 31 28
21 31 29 34 26 18 21 24 19 30 0 24 27 20 12 5 20 23 10 27 18 14 11 39 15 12 18 23 38 23 29 18 8 26 13 19 41 24 6 26 24
4 53 51 51 47 42 45 42 41 32 24 0 46 40 21 24 25 25 18 5 41 25 35 50 22 36 41 47 59 47 30 8 26 50 12 43 58 39 26 2 43
44 11 9 7 3 31 34 4 34 29 27 46 0 7 25 31 23 27 37 46 11 21 28 17 25 16 11 35 13 23 30 42 20 14 35 32 14 8 32 47 3
38 13 11 14 6 25 28 5 27 29 20 40 7 0 21 25 22 26 30 41 5 17 21 22 21 9 5 29 18 18 29 36 14 12 29 26 21 9 25 42 4
19 34 32 30 26 30 33 21 31 18 12 21 25 21 0 16 8 10 18 21 22 4 23 30 3 18 22 35 38 32 16 18 8 31 10 31 37 18 18 22 23
20 35 33 38 30 18 21 28 17 34 5 24 31 25 16 0 24 26 7 27 22 19 11 44 19 16 22 23 42 25 32 16 13 29 13 19 45 29 2 26 28
25 34 32 28 26 37 40 19 38 10 20 25 23 22 8 24 0 4 26 24 25 6 30 25 5 22 25 42 36 36 9 26 13 34 18 38 34 16 26 26 22
25 38 36 31 30 41 44 23 42 8 23 25 27 26 10 26 4 0 28 22 29 10 33 26 7 26 29 45 40 40 6 27 17 38 19 41 36 19 28 25 26
14 41 39 44 36 24 27 34 23 36 10 18 37 30 18 7 26 28 0 22 28 22 17 48 21 22 28 29 48 31 34 10 17 36 10 25 51 33 8 20 34
8 54 52 51 47 45 48 42 44 29 27 5 46 41 21 27 24 22 22 0 42 25 38 48 21 37 42 50 59 50 27 12 27 51 14 46 57 39 29 3 44
39 12 11 18 9 20 23 10 23 33 18 41 11 5 22 22 25 29 28 42 0 20 17 27 24 6 0 24 21 13 33 36 15 9 30 21 25 14 22 43 8
23 30 28 26 23 30 33 17 31 16 14 25 21 17 4 19 6 10 22 25 20 0 23 26 4 16 20 35 34 30 15 22 7 29 14 31 32 14 20 26 19
31 28 27 35 26 7 10 26 8 40 11 35 28 21 23 11 30 33 17 38 17 23 0 43 26 12 17 12 37 14 38 27 16 21 24 8 42 28 9 37 25
49 26 25 13 20 47 50 17 49 22 39 50 17 22 30 44 25 26 48 48 27 26 43 0 29 31 27 51 22 40 24 48 31 31 40 48 14 15 45 51 19
21 34 32 30 27 33 36 21 34 15 15 22 25 21 3 19 5 7 21 21 24 4 26 29 0 20 24 38 38 34 13 21 10 33 13 34 36 18 21 22 23
33 18 17 23 14 17 20 14 19 31 12 36 16 9 18 16 22 26 22 37 6 16 12 31 20 0 6 22 26 14 31 30 10 14 24 18 30 16 16 37 13
39 12 11 18 9 20 23 10 23 33 18 41 11 5 22 22 25 29 28 42 0 20 17 27 24 6 0 24 21 13 33 36 15 9 30 21 25 14 22 43 8
43 31 31 41 32 5 2 34 6 52 23 47 35 29 35 23 42 45 29 50 24 35 12 51 38 22 24 0 41 13 50 39 28 23 36 4 47 37 21 49 32
57 10 10 10 12 39 41 17 42 40 38 59 13 18 38 42 36 40 48 59 21 34 37 22 38 26 21 41 0 28 41 54 32 18 47 40 10 21 42 60 16
44 18 18 29 20 12 13 23 14 45 23 47 23 18 32 25 36 40 31 50 13 30 14 40 34 14 13 13 28 0 45 41 24 10 36 12 35 27 23 49 21
31 41 39 32 33 46 49 26 47 2 29 30 30 29 16 32 9 6 34 27 33 15 38 24 13 31 33 50 41 45 0 33 22 41 25 46 36 22 34 29 29
4 48 47 49 43 34 37 39 33 35 18 8 42 36 18 16 26 27 10 12 36 22 27 48 21 30 36 39 54 41 33 0 22 44 8 35 54 36 18 10 39
24 27 25 27 20 23 26 17 24 23 8 26 20 14 8 13 13 17 17 27 15 7 16 31 10 10 15 28 32 24 22 22 0 24 15 24 34 16 14 28 17
47 8 8 19 11 21 23 16 24 41 26 50 14 12 31 29 34 38 36 51 9 29 21 31 33 14 9 23 18 10 41 44 24 0 38 22 25 20 29 51 13
9 42 40 40 35 31 34 31 30 27 13 12 35 29 10 13 18 19 10 14 30 14 24 40 13 24 30 36 47 36 25 8 15 38 0 32 46 28 15 13 32
39 30 30 39 30 1 2 31 2 48 19 43 32 26 31 19 38 41 25 46 21 31 8 48 34 18 21 4 40 12 46 35 24 22 32 0 46 34 17 45 29
56 17 17 7 16 45 47 17 48 34 41 58 14 21 37 45 34 36 51 57 25 32 42 14 36 30 25 47 10 35 36 54 34 25 46 46 0 18 46 58 17
37 19 17 12 11 33 36 4 35 21 24 39 8 9 18 29 16 19 33 39 14 14 28 15 18 16 14 37 21 27 22 36 16 20 28 34 18 0 30 40 7
22 34 33 39 30 16 19 29 15 36 6 26 32 25 18 2 26 28 8 29 22 20 9 45 21 16 22 21 42 23 34 18 14 29 15 17 46 30 0 28 29
6 55 53 52 48 44 47 43 43 31 26 2 47 42 22 26 26 25 20 3 43 26 37 51 22 37 43 49 60 49 29 10 28 51 13 45 58 40 28 0 45
41 12 10 10 4 28 31 3 31 28 24 43 3 4 23 28 22 26 34 44 8 19 25 19 23 13 8 32 16 21 29 39 17 13 32 29 17 7 29 45 0
0         623      
174       327      
89        316      
214       382      
130       248      
56        170      
47        242      
115       251      
32        169      
268       432      
0         116      
297       467      
153       334      
99        277      
0         168      
23        202      
0         133      
280       447      
0         97       
306       440      
88        274      
0         156      
14        192      
220       390      
0         151      
96        286      
43        229      
69        209      
180       336      
142       300      
289       503      
0         56       
0         163      
116       276      
0         76       
7         194      
328       533      
49        279      
0         150      
382       617      
330       499      
