41
0 8 10 23 26 36 22 12 32 38 25 15 17 16 11 15 12 34 28 29 20 18 8 25 24 26 8 14 13 11 24 19 19 15 3 31 25 28 28 9 25
8 0 18 26 23 38 18 19 39 42 29 21 15 23 11 21 20 41 31 37 16 24 14 25 20 20 1 21 9 7 26 27 21 22 8 37 31 23 23 16 27
10 18 0 28 36 40 32 12 29 40 28 15 25 6 15 7 3 31 31 22 30 8 7 31 34 36 18 4 18 21 29 12 24 5 10 31 25 38 38 11 30
23 26 28 0 18 13 19 16 24 16 3 13 12 32 34 35 27 24 5 28 17 36 31 5 19 27 25 31 35 20 2 26 5 32 26 13 11 21 23 17 2
26 23 36 18 0 24 5 27 42 31 21 27 11 42 34 41 37 42 21 44 6 44 34 13 3 11 21 40 31 15 16 39 16 41 28 31 29 3 5 26 17
36 38 40 13 24 0 28 27 28 7 11 24 23 44 47 46 38 27 8 35 27 47 44 13 27 35 37 42 47 31 12 36 17 43 39 16 18 27 29 28 11
22 18 32 19 5 28 0 24 41 33 22 24 8 38 29 37 33 41 23 42 2 40 30 15 2 8 17 36 27 11 18 36 15 37 24 32 28 6 6 22 19
12 19 12 16 27 27 24 0 21 28 16 3 16 16 23 19 11 22 19 19 22 20 17 19 25 31 18 15 25 16 17 12 13 16 15 19 13 29 29 3 18
32 39 29 24 42 28 41 21 0 23 21 18 33 29 43 34 26 2 23 9 39 33 36 28 42 49 39 29 45 36 25 17 26 29 35 12 13 45 46 24 25
38 42 40 16 31 7 33 28 23 0 13 25 28 44 49 47 39 22 11 31 32 48 45 18 33 41 41 43 50 36 16 34 21 44 41 12 16 34 36 30 15
25 29 28 3 21 11 22 16 21 13 0 13 15 32 36 35 27 21 3 26 20 36 32 8 22 30 28 31 37 23 5 25 8 32 28 10 8 24 26 17 4
15 21 15 13 27 24 24 3 18 25 13 0 16 19 26 22 14 20 16 18 22 23 20 18 25 32 21 18 28 18 15 13 12 19 18 16 10 29 29 6 15
17 15 25 12 11 23 8 16 33 28 15 16 0 31 26 31 26 33 17 34 6 33 25 10 9 16 14 29 24 8 12 28 7 30 20 24 20 13 13 15 13
16 23 6 32 42 44 38 16 29 44 32 19 31 0 18 5 5 31 35 22 36 4 10 35 40 42 24 2 22 27 33 12 29 1 15 34 28 44 44 16 34
11 11 15 34 34 47 29 23 43 49 36 26 26 18 0 14 18 45 39 37 27 17 8 36 31 30 12 17 4 18 35 27 30 17 8 42 36 34 34 20 36
15 21 7 35 41 46 37 19 34 47 35 22 31 5 14 0 8 36 38 27 35 3 7 37 39 41 22 5 18 26 36 17 31 5 13 37 31 43 43 18 37
12 20 3 27 37 38 33 11 26 39 27 14 26 5 18 8 0 28 30 19 31 9 10 30 35 37 20 4 21 22 28 9 24 5 12 29 23 39 39 11 29
34 41 31 24 42 27 41 22 2 22 21 20 33 31 45 36 28 0 22 11 39 35 38 29 42 49 40 31 47 38 26 19 26 31 37 11 13 45 46 25 25
28 31 31 5 21 8 23 19 23 11 3 16 17 35 39 38 30 22 0 29 21 39 35 8 23 31 30 34 40 25 5 28 10 35 31 11 11 24 26 20 4
29 37 22 28 44 35 42 19 9 31 26 18 34 22 37 27 19 11 29 0 40 26 29 33 43 50 36 22 40 35 30 10 28 22 30 19 18 47 47 21 30
20 16 30 17 6 27 2 22 39 32 20 22 6 36 27 35 31 39 21 40 0 38 28 14 4 10 15 34 25 9 16 34 13 35 22 30 26 8 8 20 17
18 24 8 36 44 47 40 20 33 48 36 23 33 4 17 3 9 35 39 26 38 0 10 39 42 44 25 5 21 29 37 16 32 5 16 38 32 46 46 19 38
8 14 7 31 34 44 30 17 36 45 32 20 25 10 8 7 10 38 35 29 28 10 0 33 32 34 15 9 12 19 32 19 27 9 6 36 30 36 36 15 33
25 25 31 5 13 13 15 19 28 18 8 18 10 35 36 37 30 29 8 33 14 39 33 0 15 23 24 34 34 18 3 31 6 35 28 18 16 16 18 19 4
24 20 34 19 3 27 2 25 42 33 22 25 9 40 31 39 35 42 23 43 4 42 32 15 0 8 19 38 29 13 18 37 16 39 26 32 29 4 4 24 19
26 20 36 27 11 35 8 31 49 41 30 32 16 42 30 41 37 49 31 50 10 44 34 23 8 0 19 40 27 15 26 43 23 41 28 40 36 8 6 29 27
8 1 18 25 21 37 17 18 39 41 28 21 14 24 12 22 20 40 30 36 15 25 15 24 19 19 0 22 10 6 25 27 20 23 9 36 30 22 22 15 26
14 21 4 31 40 42 36 15 29 43 31 18 29 2 17 5 4 31 34 22 34 5 9 34 38 40 22 0 21 25 32 12 28 1 13 33 27 42 42 15 33
13 9 18 35 31 47 27 25 45 50 37 28 24 22 4 18 21 47 40 40 25 21 12 34 29 27 10 21 0 16 35 30 30 21 10 44 38 32 31 22 36
11 7 21 20 15 31 11 16 36 36 23 18 8 27 18 26 22 38 25 35 9 29 19 18 13 15 6 25 16 0 20 28 15 26 13 31 26 17 17 14 21
24 26 29 2 16 12 18 17 25 16 5 15 12 33 35 36 28 26 5 30 16 37 32 3 18 26 25 32 35 20 0 28 5 33 27 15 13 19 21 18 1
19 27 12 26 39 36 36 12 17 34 25 13 28 12 27 17 9 19 28 10 34 16 19 31 37 43 27 12 30 28 28 0 25 12 21 23 18 41 41 14 28
19 21 24 5 16 17 15 13 26 21 8 12 7 29 30 31 24 26 10 28 13 32 27 6 16 23 20 28 30 15 5 25 0 29 22 17 13 19 20 13 6
15 22 5 32 41 43 37 16 29 44 32 19 30 1 17 5 5 31 35 22 35 5 9 35 39 41 23 1 21 26 33 12 29 0 14 33 28 43 43 16 34
3 8 10 26 28 39 24 15 35 41 28 18 20 15 8 13 12 37 31 30 22 16 6 28 26 28 9 13 10 13 27 21 22 14 0 34 28 30 30 12 28
31 37 31 13 31 16 32 19 12 12 10 16 24 34 42 37 29 11 11 19 30 38 36 18 32 40 36 33 44 31 15 23 17 33 34 0 6 34 36 22 14
25 31 25 11 29 18 28 13 13 16 8 10 20 28 36 31 23 13 11 18 26 32 30 16 29 36 30 27 38 26 13 18 13 28 28 6 0 32 33 16 12
28 23 38 21 3 27 6 29 45 34 24 29 13 44 34 43 39 45 24 47 8 46 36 16 4 8 22 42 32 17 19 41 19 43 30 34 32 0 2 28 20
28 23 38 23 5 29 6 29 46 36 26 29 13 44 34 43 39 46 26 47 8 46 36 18 4 6 22 42 31 17 21 41 20 43 30 36 33 2 0 28 22
9 16 11 17 26 28 22 3 24 30 17 6 15 16 20 18 11 25 20 21 20 19 15 19 24 29 15 15 22 14 18 14 13 16 12 22 16 28 28 0 19
25 27 30 2 17 11 19 18 25 15 4 15 13 34 36 37 29 25 4 30 17 38 33 4 19 27 26 33 36 21 1 28 6 34 28 14 12 20 22 19 0
0         586      
0         69       
38        249      
140       322      
0         134      
108       361      
0         165      
87        232      
153       350      
333       547      
157       305      
243       423      
0         145      
38        199      
0         224      
42        203      
69        216      
298       446      
75        278      
201       430      
0         183      
37        228      
179       455      
100       306      
0         159      
0         148      
30        190      
22        276      
10        156      
0         125      
63        323      
55        295      
98        309      
33        200      
32        210      
129       363      
91        310      
0         176      
347       484      
114       251      
358       531      
