41
0 33 44 50 26 5 27 26 17 18 44 45 22 46 39 41 25 22 28 28 14 12 8 19 18 7 30 42 5 33 35 34 38 24 34 49 26 15 5 40 27
33 0 32 48 51 34 51 15 41 25 32 44 23 36 44 22 51 36 47 55 43 27 33 29 18 34 16 32 28 39 12 40 22 49 16 46 44 43 29 14 46
44 32 0 18 42 49 40 22 38 48 1 15 23 5 19 9 45 27 33 48 44 32 50 52 29 39 19 3 41 19 19 18 10 43 16 16 32 43 42 19 33
50 48 18 0 39 55 37 36 38 59 17 5 32 13 12 27 42 28 29 45 44 39 57 63 40 43 33 16 48 17 36 16 26 41 32 2 29 43 49 37 30
26 51 42 39 0 31 2 37 10 44 42 35 29 40 27 44 3 17 10 6 12 24 34 45 33 20 38 39 29 23 45 24 41 2 41 39 10 11 30 49 9
5 34 49 55 31 0 32 29 22 14 49 50 26 50 44 44 30 27 33 33 19 17 3 14 21 12 33 47 8 38 38 39 41 29 37 54 31 20 7 43 32
27 51 40 37 2 32 0 36 11 45 40 33 28 39 25 42 5 16 8 8 14 24 35 46 33 21 38 37 30 21 45 22 39 4 40 37 8 13 31 48 7
26 15 22 36 37 29 36 0 28 26 23 31 8 25 29 15 37 21 32 41 31 15 29 30 8 22 4 21 21 24 9 25 13 36 8 34 29 31 22 14 31
17 41 38 38 10 22 11 28 0 34 38 33 20 38 26 37 9 11 12 13 6 14 25 35 23 10 30 35 19 21 37 22 34 8 33 37 10 5 20 41 11
18 25 48 59 44 14 45 26 34 0 49 54 27 51 50 41 43 35 44 46 32 22 12 4 19 24 30 47 15 44 32 45 39 42 33 58 42 33 14 37 43
44 32 1 17 42 49 40 23 38 49 0 14 23 4 19 10 44 27 32 48 44 32 50 53 30 39 19 3 41 19 20 18 10 43 16 15 32 43 42 20 33
45 44 15 5 35 50 33 31 33 54 14 0 27 11 8 24 38 23 25 41 39 34 52 58 35 38 29 13 43 12 33 11 23 37 28 4 25 38 44 34 26
22 23 23 32 29 26 28 8 20 27 23 27 0 25 23 19 29 13 24 33 24 10 27 31 8 17 10 21 18 17 17 18 16 28 13 31 21 24 19 21 23
46 36 5 13 40 50 39 25 38 51 4 11 25 0 16 14 43 27 31 46 44 34 51 55 32 40 22 4 42 17 24 17 14 42 20 11 30 43 43 24 31
39 44 19 12 27 44 25 29 26 50 19 8 23 16 0 26 30 17 17 33 32 28 46 53 31 32 28 16 37 6 33 5 24 29 28 12 17 31 38 35 18
41 22 9 27 44 44 42 15 37 41 10 24 19 14 26 0 45 27 36 49 42 29 44 45 23 36 11 11 36 23 10 23 3 44 8 25 34 42 37 10 36
25 51 45 42 3 30 5 37 9 43 44 38 29 43 30 45 0 18 13 4 11 23 33 44 32 19 39 41 28 26 46 27 42 1 42 42 13 10 29 50 12
22 36 27 28 17 27 16 21 11 35 27 23 13 27 17 27 18 0 11 22 17 13 30 37 19 15 22 24 21 11 29 12 24 17 24 27 8 16 22 32 10
28 47 33 29 10 33 8 32 12 44 32 25 24 31 17 36 13 11 0 16 18 23 36 46 30 21 33 29 30 14 39 14 33 12 35 29 3 16 31 43 1
28 55 48 45 6 33 8 41 13 46 48 41 33 46 33 49 4 22 16 0 14 27 36 47 36 22 43 45 31 29 50 30 46 5 46 45 16 13 32 54 15
14 43 44 44 12 19 14 31 6 32 44 39 24 44 32 42 11 17 18 14 0 16 22 33 25 9 34 41 17 27 40 28 39 10 37 43 16 1 18 45 16
12 27 32 39 24 17 24 15 14 22 32 34 10 34 28 29 23 13 23 27 16 0 18 25 9 7 18 30 9 22 24 23 26 22 22 38 20 16 10 29 22
8 33 50 57 34 3 35 29 25 12 50 52 27 51 46 44 33 30 36 36 22 18 0 11 21 15 33 48 9 40 38 41 41 32 37 56 34 23 8 43 35
19 29 52 63 45 14 46 30 35 4 53 58 31 55 53 45 44 37 46 47 33 25 11 0 23 25 34 51 16 47 36 48 43 43 37 62 43 34 15 41 45
18 18 29 40 33 21 33 8 23 19 30 35 8 32 31 23 32 19 30 36 25 9 21 23 0 16 12 28 13 25 17 26 20 31 16 39 27 25 14 22 29
7 34 39 43 20 12 21 22 10 24 39 38 17 40 32 36 19 15 21 22 9 7 15 25 16 0 25 36 9 26 31 27 33 18 29 42 19 9 10 36 20
30 16 19 33 38 33 38 4 30 30 19 29 10 22 28 11 39 22 33 43 34 18 33 34 12 25 0 18 25 23 7 24 9 38 4 31 30 34 26 11 32
42 32 3 16 39 47 37 21 35 47 3 13 21 4 16 11 41 24 29 45 41 30 48 51 28 36 18 0 39 16 20 15 10 40 16 14 29 40 40 21 30
5 28 41 48 29 8 30 21 19 15 41 43 18 42 37 36 28 21 30 31 17 9 9 16 13 9 25 39 0 31 30 32 33 27 29 47 27 18 1 35 29
33 39 19 17 23 38 21 24 21 44 19 12 17 17 6 23 26 11 14 29 27 22 40 47 25 26 23 16 31 0 29 1 21 25 24 16 13 26 32 31 14
35 12 19 36 45 38 45 9 37 32 20 33 17 24 33 10 46 29 39 50 40 24 38 36 17 31 7 20 30 29 0 29 10 45 5 34 37 40 31 5 39
34 40 18 16 24 39 22 25 22 45 18 11 18 17 5 23 27 12 14 30 28 23 41 48 26 27 24 15 32 1 29 0 21 26 24 15 14 27 33 32 15
38 22 10 26 41 41 39 13 34 39 10 23 16 14 24 3 42 24 33 46 39 26 41 43 20 33 9 10 33 21 10 21 0 41 6 24 31 39 34 11 33
24 49 43 41 2 29 4 36 8 42 43 37 28 42 29 44 1 17 12 5 10 22 32 43 31 18 38 40 27 25 45 26 41 0 41 41 12 9 28 49 11
34 16 16 32 41 37 40 8 33 33 16 28 13 20 28 8 42 24 35 46 37 22 37 37 16 29 4 16 29 24 5 24 6 41 0 30 32 37 30 8 34
49 46 16 2 39 54 37 34 37 58 15 4 31 11 12 25 42 27 29 45 43 38 56 62 39 42 31 14 47 16 34 15 24 41 30 0 29 42 48 35 30
26 44 32 29 10 31 8 29 10 42 32 25 21 30 17 34 13 8 3 16 16 20 34 43 27 19 30 29 27 13 37 14 31 12 32 29 0 15 28 40 2
15 43 43 43 11 20 13 31 5 33 43 38 24 43 31 42 10 16 16 13 1 16 23 34 25 9 34 40 18 26 40 27 39 9 37 42 15 0 19 45 15
5 29 42 49 30 7 31 22 20 14 42 44 19 43 38 37 29 22 31 32 18 10 8 15 14 10 26 40 1 32 31 33 34 28 30 48 28 19 0 36 30
40 14 19 37 49 43 48 14 41 37 20 34 21 24 35 10 50 32 43 54 45 29 43 41 22 36 11 21 35 31 5 32 11 49 8 35 40 45 36 0 42
27 46 33 30 9 32 7 31 11 43 33 26 23 31 18 36 12 10 1 15 16 22 35 45 29 20 32 30 29 14 39 15 33 11 34 30 2 15 30 42 0
0         589      
290       397      
26        146      
50        160      
94        220      
0         81       
97        216      
277       396      
118       239      
190       322      
406       520      
45        165      
0         98       
36        153      
62        165      
310       441      
89        224      
63        192      
79        192      
97        216      
162       276      
0         81       
173       306      
235       365      
0         108      
217       329      
0         125      
12        143      
0         65       
64        186      
321       445      
344       477      
7         129      
129       254      
10        122      
411       539      
151       270      
119       229      
0         81       
299       429      
362       488      
