41
0 15 28 26 27 18 23 24 41 35 31 6 24 39 43 26 29 40 22 4 8 19 38 35 9 31 17 25 32 13 45 40 29 31 29 14 30 18 34 34 26
15 0 39 39 36 18 28 31 37 33 26 21 9 45 42 39 27 35 20 15 12 27 27 44 24 16 25 11 30 27 41 32 34 40 26 15 37 22 34 24 12
28 39 0 2 6 27 16 12 39 32 35 23 45 14 35 3 31 42 30 25 27 12 48 8 29 53 14 42 33 15 45 46 15 5 34 26 10 21 31 45 43
26 39 2 0 8 28 18 14 41 34 37 21 46 16 37 1 33 44 31 25 27 13 50 10 27 54 15 43 35 13 47 48 17 7 36 27 12 22 33 46 44
27 36 6 8 0 22 10 6 33 26 29 23 41 12 29 9 25 36 24 23 23 8 42 8 29 49 10 38 27 15 39 40 9 5 28 22 5 15 25 39 39
18 18 27 28 22 0 12 15 23 17 12 21 19 29 25 28 11 21 4 14 10 15 23 28 26 27 13 16 14 21 27 22 18 26 11 4 21 6 17 19 17
23 28 16 18 10 12 0 4 23 16 19 21 31 17 22 19 15 26 14 19 18 7 32 16 28 39 7 28 17 16 29 30 6 15 18 13 9 6 16 29 29
24 31 12 14 6 15 4 0 27 20 23 20 34 15 25 15 19 30 18 20 19 5 36 13 27 42 7 31 21 14 33 34 5 11 22 16 6 9 19 33 32
41 37 39 41 33 23 23 27 0 7 11 43 35 31 7 42 11 5 18 37 32 30 19 35 49 40 30 30 8 39 6 12 24 36 12 26 29 24 8 19 31
35 33 32 34 26 17 16 20 7 0 8 36 32 25 9 35 6 10 13 31 27 23 21 28 43 37 23 27 3 32 13 16 17 29 8 21 22 17 1 19 28
31 26 35 37 29 12 19 23 11 8 0 33 24 31 17 38 4 9 8 26 22 25 14 33 38 29 24 19 5 32 15 11 21 33 1 16 26 16 9 11 20
6 21 23 21 23 21 21 20 43 36 33 0 30 35 43 21 31 42 25 7 12 15 42 31 7 37 14 30 34 8 47 43 25 27 32 17 26 19 35 38 31
24 9 45 46 41 19 31 34 35 32 24 30 0 48 41 46 26 30 19 23 19 33 20 47 33 8 31 5 29 34 36 26 37 45 24 19 40 25 33 17 4
39 45 14 16 12 29 17 15 31 25 31 35 48 0 25 17 27 35 30 35 34 20 45 6 41 56 22 45 27 27 36 40 11 10 30 30 9 23 24 42 46
43 42 35 37 29 25 22 25 7 9 17 43 41 25 0 38 15 12 22 39 35 29 26 30 50 46 29 36 12 38 12 19 20 31 17 29 25 24 8 26 37
26 39 3 1 9 28 19 15 42 35 38 21 46 17 38 0 34 45 31 25 27 13 50 11 26 54 15 43 36 13 48 49 18 8 37 27 13 22 34 46 44
29 27 31 33 25 11 15 19 11 6 4 31 26 27 15 34 0 11 7 25 21 21 18 29 37 32 20 21 3 29 16 15 17 29 3 15 22 13 7 15 22
40 35 42 44 36 21 26 30 5 10 9 42 30 35 12 45 11 0 17 35 31 32 14 38 47 35 31 25 9 40 6 7 27 39 10 25 32 24 11 14 26
22 20 30 31 24 4 14 18 18 13 8 25 19 30 22 31 7 17 0 18 14 18 19 30 30 26 17 15 10 25 23 18 19 29 7 8 23 9 14 15 16
4 15 25 25 23 14 19 20 37 31 26 7 23 35 39 25 25 35 18 0 5 15 35 31 12 31 13 23 28 12 41 36 25 28 25 10 26 14 30 31 24
8 12 27 27 23 10 18 19 32 27 22 12 19 34 35 27 21 31 14 5 0 15 30 31 17 27 13 18 24 15 37 32 24 28 21 6 25 12 27 26 19
19 27 12 13 8 15 7 5 30 23 25 15 33 20 29 13 21 32 18 15 15 0 37 16 22 41 2 30 23 9 36 36 10 13 24 14 11 9 23 33 31
38 27 48 50 42 23 32 36 19 21 14 42 20 45 26 50 18 14 19 35 30 37 0 47 47 21 36 16 19 44 20 8 35 47 15 26 40 28 22 4 16
35 44 8 10 8 28 16 13 35 28 33 31 47 6 30 11 29 38 30 31 31 16 47 0 37 55 18 44 30 23 41 43 12 4 32 29 7 22 27 44 45
9 24 29 27 29 26 28 27 49 43 38 7 33 41 50 26 37 47 30 12 17 22 47 37 0 40 21 34 40 14 53 48 32 33 37 22 33 26 42 43 35
31 16 53 54 49 27 39 42 40 37 29 37 8 56 46 54 32 35 26 31 27 41 21 55 40 0 39 11 34 42 41 29 45 53 29 27 48 33 38 21 10
17 25 14 15 10 13 7 7 30 23 24 14 31 22 29 15 20 31 17 13 13 2 36 18 21 39 0 28 23 9 36 35 12 15 23 12 13 8 23 32 29
25 11 42 43 38 16 28 31 30 27 19 30 5 45 36 43 21 25 15 23 18 30 16 44 34 11 28 0 24 33 31 21 34 42 19 16 37 22 28 13 1
32 30 33 35 27 14 17 21 8 3 5 34 29 27 12 36 3 9 10 28 24 23 19 30 40 34 23 24 0 32 13 13 18 30 5 18 23 16 4 16 25
13 27 15 13 15 21 16 14 39 32 32 8 34 27 38 13 29 40 25 12 15 9 44 23 14 42 9 33 32 0 45 43 19 19 31 18 19 16 32 40 34
45 41 45 47 39 27 29 33 6 13 15 47 36 36 12 48 16 6 23 41 37 36 20 41 53 41 36 31 13 45 0 12 30 42 16 31 35 29 14 20 32
40 32 46 48 40 22 30 34 12 16 11 43 26 40 19 49 15 7 18 36 32 36 8 43 48 29 35 21 13 43 12 0 31 43 12 26 36 27 17 8 21
29 34 15 17 9 18 6 5 24 17 21 25 37 11 20 18 17 27 19 25 24 10 35 12 32 45 12 34 18 19 30 31 0 12 20 19 5 12 16 32 35
31 40 5 7 5 26 15 11 36 29 33 27 45 10 31 8 29 39 29 28 28 13 47 4 33 53 15 42 30 19 42 43 12 0 32 27 7 20 28 44 43
29 26 34 36 28 11 18 22 12 8 1 32 24 30 17 37 3 10 7 25 21 24 15 32 37 29 23 19 5 31 16 12 20 32 0 15 25 15 9 12 20
14 15 26 27 22 4 13 16 26 21 16 17 19 30 29 27 15 25 8 10 6 14 26 29 22 27 12 16 18 18 31 26 19 27 15 0 22 7 21 22 17
30 37 10 12 5 21 9 6 29 22 26 26 40 9 25 13 22 32 23 26 25 11 40 7 33 48 13 37 23 19 35 36 5 7 25 22 0 15 21 37 38
18 22 21 22 15 6 6 9 24 17 16 19 25 23 24 22 13 24 9 14 12 9 28 22 26 33 8 22 16 16 29 27 12 20 15 7 15 0 16 24 23
34 34 31 33 25 17 16 19 8 1 9 35 33 24 8 34 7 11 14 30 27 23 22 27 42 38 23 28 4 32 14 17 16 28 9 21 21 16 0 20 29
34 24 45 46 39 19 29 33 19 19 11 38 17 42 26 46 15 14 15 31 26 33 4 44 43 21 32 13 16 40 20 8 32 44 12 22 37 24 20 0 13
26 12 43 44 39 17 29 32 31 28 20 31 4 46 37 44 22 26 16 24 19 31 16 45 35 10 29 1 25 34 32 21 35 43 20 17 38 23 29 13 0
0         570      
204       362      
54        185      
232       380      
6         145      
77        217      
0         112      
0         127      
130       275      
382       503      
164       289      
0         73       
402       546      
36        171      
279       437      
41        180      
87        251      
144       274      
163       312      
223       380      
68        215      
0         97       
338       478      
19        151      
0         93       
211       339      
0         126      
188       316      
126       267      
0         102      
288       460      
131       286      
0         118      
32        209      
100       257      
89        214      
0         164      
90        213      
131       267      
148       295      
333       481      
