41
0 46 26 48 40 14 10 46 36 31 26 26 15 34 44 15 33 29 7 27 23 32 20 28 42 13 27 41 43 11 39 42 22 37 53 20 7 35 32 39 8
46 0 38 14 25 31 48 20 14 24 34 25 31 11 10 44 37 42 44 23 36 29 25 38 29 37 32 28 15 40 26 20 38 8 14 26 49 26 13 21 43
26 38 0 32 18 21 20 25 24 40 4 34 23 27 42 14 48 47 31 34 3 43 21 44 19 13 6 18 46 31 17 48 4 30 50 17 24 45 28 20 31
48 14 32 0 14 35 48 7 12 35 28 32 35 15 24 43 48 51 49 31 32 40 29 47 16 37 26 16 29 45 15 34 34 15 27 28 50 38 18 12 48
40 25 18 14 0 28 37 7 12 37 15 33 29 17 33 31 50 52 42 32 19 42 24 48 4 27 13 3 37 39 1 40 21 20 39 21 41 41 20 4 41
14 31 21 35 28 0 18 33 23 20 20 14 2 20 31 18 27 26 14 15 18 23 6 23 32 11 20 30 31 11 28 30 18 23 40 7 19 25 18 26 13
10 48 20 48 37 18 0 44 36 38 22 32 20 36 49 6 43 39 17 33 18 40 23 38 39 11 24 38 49 21 36 48 16 39 58 21 5 43 35 37 18
46 20 25 7 7 33 44 0 12 37 22 34 33 17 30 38 50 53 47 33 26 42 27 49 9 33 20 9 35 43 8 39 28 18 34 26 47 41 20 7 46
36 14 24 12 12 23 36 12 0 25 20 22 23 5 21 33 38 41 37 21 23 30 17 37 16 25 18 15 25 33 13 28 25 8 27 16 39 29 8 8 36
31 24 40 35 37 20 38 37 25 0 36 6 18 19 17 38 13 18 26 6 37 5 19 14 41 31 36 40 14 21 37 11 38 20 25 23 38 5 16 33 25
26 34 4 28 15 20 22 22 20 36 0 30 21 23 38 16 46 45 31 30 4 39 17 42 17 13 2 16 42 30 14 44 6 26 46 13 26 41 24 16 30
26 25 34 32 33 14 32 34 22 6 30 0 12 17 19 32 17 19 21 2 31 9 13 15 37 25 30 36 18 16 34 16 32 18 28 17 32 11 14 30 20
15 31 23 35 29 2 20 33 23 18 21 12 0 20 29 20 25 24 14 13 20 21 6 21 33 13 21 31 29 10 29 28 20 23 38 8 20 23 18 27 13
34 11 27 15 17 20 36 17 5 19 23 17 20 0 16 33 32 36 34 15 25 24 14 32 21 25 21 20 20 30 18 23 27 3 23 15 38 23 3 13 33
44 10 42 24 33 31 49 30 21 17 38 19 29 16 0 47 29 35 40 17 40 21 26 31 37 39 37 36 5 35 34 10 42 13 9 28 49 17 14 29 39
15 44 14 43 31 18 6 38 33 38 16 32 20 33 47 0 45 41 21 33 12 41 21 40 33 8 18 32 48 23 30 48 10 36 56 18 11 43 32 31 21
33 37 48 48 50 27 43 50 38 13 46 17 25 32 29 45 0 7 26 18 45 8 29 5 53 38 46 52 25 22 50 20 45 33 36 33 40 12 29 45 25
29 42 47 51 52 26 39 53 41 18 45 19 24 36 35 41 7 0 22 21 44 14 29 4 56 36 45 54 31 18 52 26 44 37 42 32 36 18 33 49 21
7 44 31 49 42 14 17 47 37 26 31 21 14 34 40 21 26 22 0 23 28 26 20 21 45 18 32 44 39 5 42 37 27 36 49 21 14 30 31 40 1
27 23 34 31 32 15 33 33 21 6 30 2 13 15 17 33 18 21 23 0 31 10 13 17 36 25 30 34 16 18 32 15 32 16 26 17 33 11 12 28 22
23 36 3 32 19 18 18 26 23 37 4 31 20 25 40 12 45 44 28 31 0 40 18 41 21 10 6 20 44 28 18 45 2 28 48 14 22 42 26 20 28
32 29 43 40 42 23 40 42 30 5 39 9 21 24 21 41 8 14 26 10 40 0 22 10 45 34 39 44 17 21 42 12 41 25 28 26 39 4 21 37 25
20 25 21 29 24 6 23 27 17 19 17 13 6 14 26 21 29 29 20 13 18 22 0 25 27 13 17 25 27 16 23 27 19 17 35 4 24 24 13 21 19
28 38 44 47 48 23 38 49 37 14 42 15 21 32 31 40 5 4 21 17 41 10 25 0 52 34 42 50 27 17 48 22 41 33 38 29 35 14 29 45 20
42 29 19 16 4 32 39 9 16 41 17 37 33 21 37 33 53 56 45 36 21 45 27 52 0 29 15 1 41 43 3 44 23 24 43 24 43 44 24 8 44
13 37 13 37 27 11 11 33 25 31 13 25 13 25 39 8 38 36 18 25 10 34 13 34 29 0 14 28 40 18 26 40 9 28 48 10 14 36 24 26 18
27 32 6 26 13 20 24 20 18 36 2 30 21 21 37 18 46 45 32 30 6 39 17 42 15 14 0 14 41 31 12 43 8 24 44 13 28 41 23 14 31
41 28 18 16 3 30 38 9 15 40 16 36 31 20 36 32 52 54 44 34 20 44 25 50 1 28 14 0 40 41 2 43 22 23 42 23 42 43 23 7 43
43 15 46 29 37 31 49 35 25 14 42 18 29 20 5 48 25 31 39 16 44 17 27 27 41 40 41 40 0 34 38 5 45 17 11 31 49 13 18 33 38
11 40 31 45 39 11 21 43 33 21 30 16 10 30 35 23 22 18 5 18 28 21 16 17 43 18 31 41 34 0 39 32 27 32 44 18 18 25 27 37 4
39 26 17 15 1 28 36 8 13 37 14 34 29 18 34 30 50 52 42 32 18 42 23 48 3 26 12 2 38 39 0 41 20 21 40 21 40 41 21 5 41
42 20 48 34 40 30 48 39 28 11 44 16 28 23 10 48 20 26 37 15 45 12 27 22 44 40 43 43 5 32 41 0 46 21 16 31 48 8 20 36 36
22 38 4 34 21 18 16 28 25 38 6 32 20 27 42 10 45 44 27 32 2 41 19 41 23 9 8 22 45 27 20 46 0 30 50 15 20 43 28 22 27
37 8 30 15 20 23 39 18 8 20 26 18 23 3 13 36 33 37 36 16 28 25 17 33 24 28 24 23 17 32 21 21 30 0 20 18 41 23 5 16 35
53 14 50 27 39 40 58 34 27 25 46 28 38 23 9 56 36 42 49 26 48 28 35 38 43 48 44 42 11 44 40 16 50 20 0 37 58 24 23 35 48
20 26 17 28 21 7 21 26 16 23 13 17 8 15 28 18 33 32 21 17 14 26 4 29 24 10 13 23 31 18 21 31 15 18 37 0 23 28 14 19 20
7 49 24 50 41 19 5 47 39 38 26 32 20 38 49 11 40 36 14 33 22 39 24 35 43 14 28 42 49 18 40 48 20 41 58 23 0 42 37 40 15
35 26 45 38 41 25 43 41 29 5 41 11 23 23 17 43 12 18 30 11 42 4 24 14 44 36 41 43 13 25 41 8 43 23 24 28 42 0 20 36 29
32 13 28 18 20 18 35 20 8 16 24 14 18 3 14 32 29 33 31 12 26 21 13 29 24 24 23 23 18 27 21 20 28 5 23 14 37 20 0 16 30
39 21 20 12 4 26 37 7 8 33 16 30 27 13 29 31 45 49 40 28 20 37 21 45 8 26 14 7 33 37 5 36 22 16 35 19 40 36 16 0 39
8 43 31 48 41 13 18 46 36 25 30 20 13 33 39 21 25 21 1 22 28 25 19 20 44 18 31 43 38 4 41 36 27 35 48 20 15 29 30 39 0
0         599      
63        297      
0         143      
45        206      
0         148      
161       370      
316       465      
254       425      
0         205      
44        233      
0         111      
147       284      
164       293      
220       410      
88        270      
0         108      
212       362      
380       570      
359       514      
56        233      
0         162      
231       372      
157       310      
215       373      
0         142      
0         115      
0         150      
0         163      
120       255      
209       340      
0         163      
97        253      
294       475      
42        234      
120       249      
322       528      
0         98       
47        223      
55        235      
0         133      
360       497      
