41
0 17 8 20 27 13 14 26 13 24 15 25 20 14 18 23 28 5 27 34 20 32 25 7 21 17 21 19 9 20 18 23 23 21 10 13 32 26 6 16 22
17 0 18 33 43 14 27 10 26 20 2 39 29 9 31 9 33 14 33 37 34 38 11 19 13 27 8 3 23 32 35 11 7 11 17 5 16 25 18 31 28
8 18 0 28 27 7 22 25 21 18 17 21 13 11 25 26 20 5 35 26 26 24 23 2 27 10 25 21 17 14 24 28 23 17 18 13 33 18 14 22 30
20 33 28 0 27 33 6 43 7 44 31 34 38 34 3 35 46 25 15 53 7 50 44 26 28 33 31 34 11 33 12 32 40 41 16 32 46 46 16 7 12
27 43 27 27 0 34 25 51 25 43 42 13 28 37 24 50 35 29 42 42 20 36 49 25 46 23 47 46 26 19 15 49 49 44 33 38 58 41 29 20 38
13 14 7 33 34 0 27 18 26 11 14 27 15 5 31 23 19 8 39 24 33 24 17 9 25 14 22 17 22 19 31 25 17 10 21 9 27 14 18 29 34
14 27 22 6 25 27 0 37 1 38 25 30 33 28 4 30 41 19 17 47 7 45 38 20 24 28 26 29 5 28 10 27 34 35 11 26 41 40 10 5 13
26 10 25 43 51 18 37 0 36 19 12 45 33 14 41 12 35 22 42 37 44 40 3 26 20 32 15 9 33 37 44 17 3 10 27 13 10 25 28 41 38
13 26 21 7 25 26 1 36 0 37 25 30 32 27 5 29 40 18 18 46 8 44 37 19 23 27 25 28 4 28 10 26 33 34 10 25 40 39 9 5 13
24 20 18 44 43 11 38 19 37 0 21 33 17 12 42 27 17 19 50 18 44 21 16 20 33 20 28 22 33 25 42 31 19 9 31 16 29 6 29 40 44
15 2 17 31 42 14 25 12 25 21 0 38 29 9 29 9 33 13 31 37 32 38 13 18 12 27 8 4 21 31 33 11 9 12 15 5 17 26 16 29 26
25 39 21 34 13 27 30 45 30 33 38 0 16 32 30 47 22 25 47 29 28 23 44 20 46 12 45 42 29 7 23 48 44 36 35 34 54 30 30 26 43
20 29 13 38 28 15 33 33 32 17 29 16 0 20 35 38 8 18 47 15 35 12 30 13 39 5 37 32 29 9 31 40 32 23 30 24 42 14 26 31 42
14 9 11 34 37 5 28 14 27 12 9 32 20 0 32 18 24 9 37 28 34 29 12 12 21 19 17 12 23 24 32 20 12 7 19 4 22 17 18 30 32
18 31 25 3 24 31 4 41 5 42 29 30 35 32 0 34 43 23 18 50 4 47 42 23 28 30 30 33 9 30 9 31 38 39 15 30 45 43 14 4 14
23 9 26 35 50 23 30 12 29 27 9 47 38 18 34 0 42 22 32 45 37 47 14 27 9 36 4 6 26 40 39 5 9 18 19 14 11 33 22 34 28
28 33 20 46 35 19 41 35 40 17 33 22 8 24 43 42 0 24 55 7 43 5 32 21 44 13 41 36 37 16 39 44 35 25 38 28 45 11 34 39 50
5 14 5 25 29 8 19 22 18 19 13 25 18 9 23 22 24 0 31 30 25 29 21 5 22 15 20 17 14 19 23 23 19 16 14 9 29 21 10 21 26
27 33 35 15 42 39 17 42 18 50 31 47 47 37 18 32 55 31 0 61 22 59 43 34 23 44 28 33 19 45 27 27 39 43 18 34 43 52 21 22 5
34 37 26 53 42 24 47 37 46 18 37 29 15 28 50 45 7 30 61 0 50 6 34 27 49 20 45 39 43 23 46 48 37 27 44 32 47 12 40 46 56
20 34 26 7 20 33 7 44 8 44 32 28 35 34 4 37 43 25 22 50 0 46 44 24 31 30 33 36 12 29 5 34 41 41 18 32 48 44 17 4 18
32 38 24 50 36 24 45 40 44 21 38 23 12 29 47 47 5 29 59 6 46 0 37 25 49 17 46 41 41 18 42 49 40 30 42 33 50 15 38 43 54
25 11 23 44 49 17 38 3 37 16 13 44 30 12 42 14 32 21 43 34 44 37 0 24 22 31 17 10 33 36 43 19 5 7 28 12 13 22 28 40 39
7 19 2 26 25 9 20 26 19 20 18 20 13 12 23 27 21 5 34 27 24 25 24 0 27 10 25 22 16 14 22 28 24 19 17 14 34 20 13 20 29
21 13 27 28 46 25 24 20 23 33 12 46 39 21 28 9 44 22 23 49 31 49 22 27 0 37 5 12 20 41 33 4 17 24 13 17 20 38 17 28 19
17 27 10 33 23 14 28 32 27 20 27 12 5 19 30 36 13 15 44 20 30 17 31 10 37 0 35 30 25 5 26 38 31 24 27 22 41 18 23 26 39
21 8 25 31 47 22 26 15 25 28 8 45 37 17 30 4 41 20 28 45 33 46 17 25 5 35 0 7 22 39 35 3 12 19 15 13 15 33 19 30 24
19 3 21 34 46 17 29 9 28 22 4 42 32 12 33 6 36 17 33 39 36 41 10 22 12 30 7 0 25 35 37 10 6 13 18 8 13 27 20 33 29
9 23 17 11 26 22 5 33 4 33 21 29 29 23 9 26 37 14 19 43 12 41 33 16 20 25 22 25 0 26 13 23 30 30 7 21 37 35 5 8 14
20 32 14 33 19 19 28 37 28 25 31 7 9 24 30 40 16 19 45 23 29 18 36 14 41 5 39 35 26 0 24 42 36 29 30 27 46 23 25 26 40
18 35 24 12 15 31 10 44 10 42 33 23 31 32 9 39 39 23 27 46 5 42 43 22 33 26 35 37 13 24 0 36 41 39 20 31 50 42 17 5 23
23 11 28 32 49 25 27 17 26 31 11 48 40 20 31 5 44 23 27 48 34 49 19 28 4 38 3 10 23 42 36 0 14 22 16 16 16 36 20 31 23
23 7 23 40 49 17 34 3 33 19 9 44 32 12 38 9 35 19 39 37 41 40 5 24 17 31 12 6 30 36 41 14 0 10 24 10 10 25 25 38 35
21 11 17 41 44 10 35 10 34 9 12 36 23 7 39 18 25 16 43 27 41 30 7 19 24 24 19 13 30 29 39 22 10 0 25 9 20 15 25 37 38
10 17 18 16 33 21 11 27 10 31 15 35 30 19 15 19 38 14 18 44 18 42 28 17 13 27 15 18 7 30 20 16 24 25 0 16 30 35 5 15 13
13 5 13 32 38 9 26 13 25 16 5 34 24 4 30 14 28 9 34 32 32 33 12 14 17 22 13 8 21 27 31 16 10 9 16 0 20 21 16 28 29
32 16 33 46 58 27 41 10 40 29 17 54 42 22 45 11 45 29 43 47 48 50 13 34 20 41 15 13 37 46 50 16 10 20 30 20 0 35 33 45 39
26 25 18 46 41 14 40 25 39 6 26 30 14 17 43 33 11 21 52 12 44 15 22 20 38 18 33 27 35 23 42 36 25 15 35 21 35 0 31 40 47
6 18 14 16 29 18 10 28 9 29 16 30 26 18 14 22 34 10 21 40 17 38 28 13 17 23 19 20 5 25 17 20 25 25 5 16 33 31 0 13 16
16 31 22 7 20 29 5 41 5 40 29 26 31 30 4 34 39 21 22 46 4 43 40 20 28 26 30 33 8 26 5 31 38 37 15 28 45 40 13 0 18
22 28 30 12 38 34 13 38 13 44 26 43 42 32 14 28 50 26 5 56 18 54 39 29 19 39 24 29 14 40 23 23 35 38 13 29 39 47 16 18 0
0         588      
42        183      
99        279      
0         110      
271       391      
84        230      
0         120      
396       562      
0         109      
104       245      
56        216      
218       359      
110       269      
48        220      
0         138      
2         201      
221       378      
119       255      
0         134      
151       319      
0         114      
166       311      
310       481      
191       347      
46        182      
105       288      
34        204      
35        197      
0         83       
130       276      
0         129      
312       485      
285       465      
56        237      
0         94       
72        178      
304       496      
159       321      
0         88       
365       539      
343       504      
