41
0 27 46 51 19 31 29 33 26 45 21 12 29 44 47 57 43 9 38 17 45 23 39 48 40 36 20 19 31 44 32 22 40 14 34 35 41 39 33 19 15
27 0 50 35 8 15 2 6 21 37 7 31 7 52 46 45 34 20 33 36 28 25 19 37 45 20 7 10 32 28 5 39 25 22 38 49 37 36 27 24 14
46 50 0 34 46 38 50 52 28 23 42 34 44 8 9 32 24 40 19 30 34 25 41 29 6 36 45 40 17 33 52 27 32 33 12 18 18 16 24 28 40
51 35 34 0 37 21 34 34 25 11 33 46 28 41 25 10 10 42 17 46 7 28 18 5 35 15 36 33 26 7 36 47 11 37 32 48 16 19 18 33 36
19 8 46 37 0 16 10 14 18 36 4 23 11 47 44 46 33 12 32 28 30 21 22 37 40 21 1 6 29 29 13 33 26 16 34 44 36 35 26 19 7
31 15 38 21 16 0 14 14 11 22 12 31 8 42 32 30 19 23 19 34 13 17 8 22 35 5 15 12 22 13 16 37 10 21 29 42 23 22 14 20 16
29 2 50 34 10 14 0 4 21 36 8 32 6 52 46 44 33 22 33 37 27 26 17 36 46 19 9 11 32 27 3 40 24 23 39 50 36 36 27 25 15
33 6 52 34 14 14 4 0 23 36 12 36 7 54 46 44 33 26 33 41 27 29 16 36 48 19 13 15 34 27 2 44 24 27 41 54 37 36 28 29 19
26 21 28 25 18 11 21 23 0 19 14 21 16 31 26 31 17 17 14 23 20 6 19 22 24 14 17 12 11 19 24 26 15 12 18 31 18 17 8 9 13
45 37 23 11 36 22 36 36 19 0 32 38 30 30 15 12 3 36 7 38 12 21 22 6 24 17 35 31 16 12 38 37 12 30 21 37 5 8 11 26 32
21 7 42 33 4 12 8 12 14 32 0 24 8 44 40 41 29 14 28 28 25 18 19 33 38 17 3 3 25 25 11 32 22 15 31 42 32 31 22 17 7
12 31 34 46 23 31 32 36 21 38 24 0 32 32 37 50 37 11 31 5 41 17 39 42 28 35 24 21 22 40 35 10 36 10 23 23 34 31 27 12 17
29 7 44 28 11 8 6 7 16 30 8 32 0 47 40 38 27 22 27 35 21 22 12 30 40 13 10 11 27 21 8 39 18 22 34 47 31 30 21 23 15
44 52 8 41 47 42 52 54 31 30 44 32 47 0 17 40 31 39 25 27 40 26 46 36 7 41 47 41 20 39 55 23 38 32 13 11 25 23 28 28 40
47 46 9 25 44 32 46 46 26 15 40 37 40 17 0 23 17 40 13 34 27 24 35 20 12 30 43 38 16 26 48 33 26 33 14 25 11 10 19 28 39
57 45 32 10 46 30 44 44 31 12 41 50 38 40 23 0 13 48 19 50 17 33 28 8 34 25 44 41 28 17 46 49 20 42 33 47 17 20 22 37 43
43 34 24 10 33 19 33 33 17 3 29 37 27 31 17 13 0 34 7 37 10 19 18 5 25 14 32 28 16 9 35 37 9 28 22 38 6 9 9 24 30
9 20 40 42 12 23 22 26 17 36 14 11 22 39 40 48 34 0 30 16 36 16 31 39 34 28 13 11 24 35 25 21 31 7 28 34 34 32 25 12 7
38 33 19 17 32 19 33 33 14 7 28 31 27 25 13 19 7 30 0 30 15 15 22 12 18 17 31 26 9 14 35 30 13 24 15 31 4 3 6 20 27
17 36 30 46 28 34 37 41 23 38 28 5 35 27 34 50 37 16 30 0 42 17 42 42 24 37 29 25 21 41 39 5 37 13 20 18 33 30 27 14 22
45 28 34 7 30 13 27 27 20 12 25 41 21 40 27 17 10 36 15 42 0 25 11 9 33 8 28 25 24 1 29 44 5 32 30 46 16 18 15 29 29
23 25 25 28 21 17 26 29 6 21 18 17 22 26 24 33 19 16 15 17 25 0 25 24 19 20 20 15 8 24 29 20 20 9 13 25 18 16 10 5 15
39 19 41 18 22 8 17 16 19 22 19 39 12 46 35 28 18 31 22 42 11 25 0 20 39 5 21 20 26 11 18 45 9 29 33 48 24 25 18 28 24
48 37 29 5 37 22 36 36 22 6 33 42 30 36 20 8 5 39 12 42 9 24 20 0 30 17 36 33 21 9 38 42 12 33 27 43 11 14 14 29 35
40 45 6 35 40 35 46 48 24 24 38 28 40 7 12 34 25 34 18 24 33 19 39 30 0 34 39 34 13 32 48 21 31 27 6 13 19 16 21 22 34
36 20 36 15 21 5 19 19 14 17 17 35 13 41 30 25 14 28 17 37 8 20 5 17 34 0 20 17 21 8 21 40 5 25 28 43 19 20 13 23 21
20 7 45 36 1 15 9 13 17 35 3 24 10 47 43 44 32 13 31 29 28 20 21 36 39 20 0 5 28 28 12 33 25 16 33 44 35 34 25 19 7
19 10 40 33 6 12 11 15 12 31 3 21 11 41 38 41 28 11 26 25 25 15 20 33 34 17 5 0 23 25 14 29 22 12 28 39 30 29 20 14 4
31 32 17 26 29 22 32 34 11 16 25 22 27 20 16 28 16 24 9 21 24 8 26 21 13 21 28 23 0 23 35 21 20 17 7 22 12 9 9 12 23
44 28 33 7 29 13 27 27 19 12 25 40 21 39 26 17 9 35 14 41 1 24 11 9 32 8 28 25 23 0 29 43 4 31 29 45 15 17 14 28 29
32 5 52 36 13 16 3 2 24 38 11 35 8 55 48 46 35 25 35 39 29 29 18 38 48 21 12 14 35 29 0 43 26 26 42 53 39 38 29 28 18
22 39 27 47 33 37 40 44 26 37 32 10 39 23 33 49 37 21 30 5 44 20 45 42 21 40 33 29 21 43 43 0 40 17 19 14 33 30 29 17 26
40 25 32 11 26 10 24 24 15 12 22 36 18 38 26 20 9 31 13 37 5 20 9 12 31 5 25 22 20 4 26 40 0 27 27 42 15 16 11 24 25
14 22 33 37 16 21 23 27 12 30 15 10 22 32 33 42 28 7 24 13 32 9 29 33 27 25 16 12 17 31 26 17 27 0 21 28 27 25 19 5 9
34 38 12 32 34 29 39 41 18 21 31 23 34 13 14 33 22 28 15 20 30 13 33 27 6 28 33 28 7 29 42 19 27 21 0 16 16 13 16 16 28
35 49 18 48 44 42 50 54 31 37 42 23 47 11 25 47 38 34 31 18 46 25 48 43 13 43 44 39 22 45 53 14 42 28 16 0 32 29 31 25 37
41 37 18 16 36 23 36 37 18 5 32 34 31 25 11 17 6 34 4 33 16 18 24 11 19 19 35 30 12 15 39 33 15 27 16 32 0 3 10 23 31
39 36 16 19 35 22 36 36 17 8 31 31 30 23 10 20 9 32 3 30 18 16 25 14 16 20 34 29 9 17 38 30 16 25 13 29 3 0 9 21 30
33 27 24 18 26 14 27 28 8 11 22 27 21 28 19 22 9 25 6 27 15 10 18 14 21 13 25 20 9 14 29 29 11 19 16 31 10 9 0 15 21
19 24 28 33 19 20 25 29 9 26 17 12 23 28 28 37 24 12 20 14 29 5 28 29 22 23 19 14 12 28 28 17 24 5 16 25 23 21 15 0 12
15 14 40 36 7 16 15 19 13 32 7 17 15 40 39 43 30 7 27 22 29 15 24 35 34 21 7 4 23 29 18 26 25 9 28 37 31 30 21 12 0
0         612      
207       439      
152       309      
298       435      
252       400      
165       340      
229       367      
168       357      
0         123      
24        213      
211       387      
0         118      
161       354      
87        198      
12        201      
271       438      
166       319      
0         99       
9         173      
359       594      
185       311      
13        132      
268       461      
124       304      
9         208      
186       380      
258       400      
341       534      
0         185      
385       511      
198       411      
64        306      
145       318      
0         73       
52        217      
97        268      
3         237      
0         207      
0         151      
0         107      
390       522      
