41
0 21 32 16 18 24 10 23 15 9 27 24 13 5 12 7 14 20 12 23 30 18 9 18 21 13 19 19 26 24 20 22 19 30 19 24 12 16 25 25 35
21 0 42 37 23 45 26 22 25 12 17 34 24 26 29 17 29 29 23 18 17 31 15 39 40 12 38 2 46 42 41 2 10 23 40 45 29 32 39 35 22
32 42 0 41 19 47 22 20 18 34 29 8 45 34 20 30 18 13 44 25 32 49 40 42 48 42 46 41 24 17 31 40 32 25 27 37 21 46 11 7 35
16 37 41 0 31 8 21 37 27 25 43 34 17 11 21 23 23 31 18 39 46 14 22 2 7 26 5 35 22 25 12 38 35 45 15 11 20 10 30 34 51
18 23 19 31 0 39 10 6 5 16 14 11 30 21 11 12 10 6 29 9 17 36 22 32 37 24 35 22 26 21 27 21 13 14 24 33 12 34 18 12 22
24 45 47 8 39 0 28 44 34 33 51 40 23 19 28 31 30 38 24 47 54 19 30 6 7 34 7 43 25 30 16 46 43 52 20 11 27 15 36 40 59
10 26 22 21 10 28 0 16 6 14 24 14 23 12 3 9 4 11 22 19 27 27 18 22 27 21 25 24 20 16 18 26 18 24 15 24 3 25 16 15 32
23 22 20 37 6 44 16 0 11 19 10 14 35 27 17 17 16 10 34 5 13 41 26 38 43 27 41 22 32 26 33 20 12 8 30 39 18 39 22 16 17
15 25 18 27 5 34 6 11 0 17 19 10 28 18 6 12 5 5 27 14 22 33 22 28 33 24 31 24 22 17 22 25 17 19 19 28 7 31 14 11 27
9 12 34 25 16 33 14 19 17 0 20 26 16 14 17 5 18 21 15 18 21 23 7 27 29 8 28 10 34 30 29 13 10 25 28 33 17 23 30 27 26
27 17 29 43 14 51 24 10 19 20 0 24 36 32 25 20 24 20 35 5 3 43 27 45 48 27 46 18 40 35 41 15 10 6 38 47 26 43 32 26 8
24 34 8 34 11 40 14 14 10 26 24 0 37 26 13 22 11 5 36 19 27 41 32 35 41 34 39 33 20 14 25 32 24 20 21 31 14 39 8 2 30
13 24 45 17 30 23 23 35 28 16 36 37 0 12 25 18 27 33 1 34 37 7 9 19 16 11 16 21 35 35 27 25 26 41 28 28 24 8 38 38 42
5 26 34 11 21 19 12 27 18 14 32 26 12 0 13 12 15 23 12 28 35 15 13 13 16 17 14 24 23 23 16 27 24 34 16 19 12 13 26 26 40
12 29 20 21 11 28 3 17 6 17 25 13 25 13 0 12 2 10 24 20 28 28 21 22 28 24 26 27 17 13 16 29 21 25 13 22 1 26 13 13 33
7 17 30 23 12 31 9 17 12 5 20 22 18 12 12 0 13 17 17 16 23 24 10 25 28 12 26 15 29 25 25 17 12 23 23 29 12 23 25 23 28
14 29 18 23 10 30 4 16 5 18 24 11 27 15 2 13 0 8 26 19 27 30 22 24 30 25 28 27 17 13 17 29 21 24 14 23 3 28 12 11 32
20 29 13 31 6 38 11 10 5 21 20 5 33 23 10 17 8 0 32 15 23 38 27 32 38 29 36 28 22 16 25 27 19 18 21 31 11 36 12 6 27
12 23 44 18 29 24 22 34 27 15 35 36 1 12 24 17 26 32 0 33 36 8 8 20 17 10 17 20 35 35 27 24 25 40 28 29 24 9 37 37 41
23 18 25 39 9 47 19 5 14 18 5 19 34 28 20 16 19 15 33 0 8 40 25 41 44 25 42 18 35 30 36 16 8 7 33 42 21 39 27 21 13
30 17 32 46 17 54 27 13 22 21 3 27 37 35 28 23 27 23 36 8 0 44 28 48 50 28 49 19 43 38 44 15 11 8 41 50 29 44 35 29 5
18 31 49 14 36 19 27 41 33 23 43 41 7 15 28 24 30 38 8 40 44 0 16 15 12 18 12 28 36 38 26 32 33 47 28 25 27 4 41 41 49
9 15 40 22 22 30 18 26 22 7 27 32 9 13 21 10 22 27 8 25 28 16 0 24 25 4 23 13 35 33 29 17 17 32 28 32 20 17 34 33 33
18 39 42 2 32 6 22 38 28 27 45 35 19 13 22 25 24 32 20 41 48 15 24 0 6 28 5 37 22 25 12 40 37 46 15 10 21 11 31 35 53
21 40 48 7 37 7 27 43 33 29 48 41 16 16 28 28 30 38 17 44 50 12 25 6 0 27 2 37 28 31 18 41 39 50 21 16 27 8 37 41 55
13 12 42 26 24 34 21 27 24 8 27 34 11 17 24 12 25 29 10 25 28 18 4 28 27 0 27 10 39 37 33 14 17 32 32 36 24 19 37 35 33
19 38 46 5 35 7 25 41 31 28 46 39 16 14 26 26 28 36 17 42 49 12 23 5 2 27 0 36 27 30 17 40 38 48 20 15 25 8 35 39 54
19 2 41 35 22 43 24 22 24 10 18 33 21 24 27 15 27 28 20 18 19 28 13 37 37 10 36 0 44 40 39 4 10 24 38 43 27 29 38 34 24
26 46 24 22 26 25 20 32 22 34 40 20 35 23 17 29 17 22 35 35 43 36 35 22 28 39 27 44 0 6 10 46 38 40 7 15 17 31 12 19 48
24 42 17 25 21 30 16 26 17 30 35 14 35 23 13 25 13 16 35 30 38 38 33 25 31 37 30 40 6 0 14 42 34 34 10 20 13 34 6 13 43
20 41 31 12 27 16 18 33 22 29 41 25 27 16 16 25 17 25 27 36 44 26 29 12 18 33 17 39 10 14 0 42 36 41 4 6 15 22 20 25 49
22 2 40 38 21 46 26 20 25 13 15 32 25 27 29 17 29 27 24 16 15 32 17 40 41 14 40 4 46 42 42 0 8 21 40 46 29 33 39 33 20
19 10 32 35 13 43 18 12 17 10 10 24 26 24 21 12 21 19 25 8 11 33 17 37 39 17 38 10 38 34 36 8 0 15 33 41 21 33 31 25 16
30 23 25 45 14 52 24 8 19 25 6 20 41 34 25 23 24 18 40 7 8 47 32 46 50 32 48 24 40 34 41 21 15 0 38 47 26 46 28 22 10
19 40 27 15 24 20 15 30 19 28 38 21 28 16 13 23 14 21 28 33 41 28 28 15 21 32 20 38 7 10 4 40 33 38 0 10 12 24 16 21 46
24 45 37 11 33 11 24 39 28 33 47 31 28 19 22 29 23 31 29 42 50 25 32 10 16 36 15 43 15 20 6 46 41 47 10 0 21 21 26 31 55
12 29 21 20 12 27 3 18 7 17 26 14 24 12 1 12 3 11 24 21 29 27 20 21 27 24 25 27 17 13 15 29 21 26 12 21 0 25 14 14 34
16 32 46 10 34 15 25 39 31 23 43 39 8 13 26 23 28 36 9 39 44 4 17 11 8 19 8 29 31 34 22 33 33 46 24 21 25 0 38 39 49
25 39 11 30 18 36 16 22 14 30 32 8 38 26 13 25 12 12 37 27 35 41 34 31 37 37 35 38 12 6 20 39 31 28 16 26 14 38 0 7 38
25 35 7 34 12 40 15 16 11 27 26 2 38 26 13 23 11 6 37 21 29 41 33 35 41 35 39 34 19 13 25 33 25 22 21 31 14 39 7 0 32
35 22 35 51 22 59 32 17 27 26 8 30 42 40 33 28 32 27 41 13 5 49 33 53 55 33 54 24 48 43 49 20 16 10 46 55 34 49 38 32 0
0         658      
0         193      
243       409      
110       273      
0         102      
157       332      
0         86       
0         113      
0         96       
39        169      
0         162      
396       558      
55        244      
121       299      
178       334      
0         59       
0         113      
0         112      
34        222      
0         143      
281       455      
35        197      
56        203      
139       274      
441       637      
65        197      
163       300      
37        202      
152       362      
215       373      
212       327      
97        250      
0         137      
0         173      
165       344      
170       316      
0         96       
344       493      
244       401      
250       374      
375       556      
