41
0 11 16 26 24 26 21 18 24 12 33 24 8 13 25 22 28 14 25 11 17 14 9 24 16 22 26 21 10 10 26 34 16 16 23 17 5 24 21 31 24
11 0 10 24 34 21 11 11 32 20 24 34 8 9 26 26 22 12 36 21 21 16 13 21 12 27 22 28 14 18 26 40 25 12 25 12 16 17 14 27 18
16 10 0 15 32 11 19 21 28 28 17 32 18 3 19 36 12 6 40 27 31 11 10 12 3 21 12 24 24 26 36 33 32 22 35 2 21 8 5 37 28
26 24 15 0 28 10 34 35 20 38 24 27 30 15 7 48 14 12 43 37 43 12 17 3 12 13 6 17 36 36 50 21 41 36 47 13 30 15 15 51 42
24 34 32 28 0 36 44 42 8 27 48 1 32 29 21 37 40 26 19 26 34 21 22 29 29 15 32 11 32 27 47 20 27 40 42 31 22 38 36 53 48
26 21 11 10 36 0 28 32 28 38 14 35 29 13 17 47 4 12 47 37 42 15 18 7 10 21 4 25 35 36 47 31 42 33 46 9 31 6 8 48 38
21 11 19 34 44 28 0 6 43 26 26 45 14 19 37 28 28 22 44 26 23 27 24 30 21 37 31 39 19 24 21 50 31 9 22 21 25 23 20 21 11
18 11 21 35 42 32 6 0 42 20 31 42 10 20 37 22 32 23 40 21 17 27 23 32 23 37 33 38 13 19 16 50 25 3 16 23 21 27 24 16 7
24 32 28 20 8 28 43 42 0 31 42 8 32 25 13 41 32 22 27 30 38 17 19 21 25 7 24 4 34 31 50 12 32 40 46 27 25 33 32 55 48
12 20 28 38 27 38 26 20 31 0 44 28 12 25 36 10 40 26 20 1 7 26 21 36 28 32 38 30 7 2 20 43 5 17 15 29 8 36 33 26 24
33 24 17 24 48 14 26 31 42 44 0 47 32 20 31 50 10 22 57 44 45 26 27 21 19 35 18 38 38 42 47 45 49 34 47 16 38 9 12 47 37
24 34 32 27 1 35 45 42 8 28 47 0 32 29 20 38 39 26 20 27 35 21 22 28 29 14 31 10 33 28 48 19 28 40 43 31 23 38 36 54 48
8 8 18 30 32 29 14 10 32 12 32 32 0 16 31 18 30 18 30 12 13 20 15 28 19 29 30 29 6 10 20 42 17 8 17 20 11 25 22 23 16
13 9 3 15 29 13 19 20 25 25 20 29 16 0 17 34 15 3 36 24 29 8 7 12 3 18 14 21 22 23 35 31 29 21 33 4 18 11 8 36 27
25 26 19 7 21 17 37 37 13 36 31 20 31 17 0 46 21 14 37 35 42 11 16 10 16 6 13 10 35 34 51 14 39 38 48 17 28 22 21 53 44
22 26 36 48 37 47 28 22 41 10 50 38 18 34 46 0 48 36 26 11 5 36 31 46 37 42 48 40 12 12 15 53 11 19 10 38 18 43 40 21 22
28 22 12 14 40 4 28 32 32 40 10 39 30 15 21 48 0 15 51 39 43 19 21 11 13 25 8 29 36 38 48 35 44 34 47 11 33 5 8 48 38
14 12 6 12 26 12 22 23 22 26 22 26 18 3 14 36 15 0 35 25 31 5 6 10 3 15 12 18 24 24 38 28 30 24 35 5 19 12 10 39 30
25 36 40 43 19 47 44 40 27 20 57 20 30 36 37 26 51 35 0 19 26 32 29 42 38 31 45 28 27 21 39 39 15 37 34 40 20 47 44 45 44
11 21 27 37 26 37 26 21 30 1 44 27 12 24 35 11 39 25 19 0 8 25 20 35 27 31 37 29 8 2 21 42 5 18 16 28 7 35 32 27 25
17 21 31 43 34 42 23 17 38 7 45 35 13 29 42 5 43 31 26 8 0 31 26 41 32 38 43 36 7 8 13 49 11 14 8 33 14 38 35 19 18
14 16 11 12 21 15 27 27 17 26 26 21 20 8 11 36 19 5 32 25 31 0 5 10 8 11 13 13 24 24 40 24 29 27 37 10 18 17 15 43 34
9 13 10 17 22 18 24 23 19 21 27 22 15 7 16 31 21 6 29 20 26 5 0 15 9 14 18 15 19 19 35 27 24 22 32 11 13 18 15 38 30
24 21 12 3 29 7 30 32 21 36 21 28 28 12 10 46 11 10 42 35 41 10 15 0 9 14 3 18 34 34 47 24 39 33 45 10 28 12 12 48 39
16 12 3 12 29 10 21 23 25 28 19 29 19 3 16 37 13 3 38 27 32 8 9 9 0 18 11 21 25 26 38 30 32 24 36 2 21 9 7 39 30
22 27 21 13 15 21 37 37 7 32 35 14 29 18 6 42 25 15 31 31 38 11 14 14 18 0 17 4 32 30 48 13 34 36 45 20 24 26 25 52 44
26 22 12 6 32 4 31 33 24 38 18 31 30 14 13 48 8 12 45 37 43 13 18 3 11 17 0 21 36 36 48 27 42 34 47 10 31 10 11 49 40
21 28 24 17 11 25 39 38 4 30 38 10 29 21 10 40 29 18 28 29 36 13 15 18 21 4 21 0 31 28 47 13 31 37 44 23 22 29 28 52 45
10 14 24 36 32 35 19 13 34 7 38 33 6 22 35 12 36 24 27 8 7 24 19 34 25 32 36 31 0 6 16 44 12 10 13 26 10 31 28 21 17
10 18 26 36 27 36 24 19 31 2 42 28 10 23 34 12 38 24 21 2 8 24 19 34 26 30 36 28 6 0 21 41 7 16 16 27 6 34 31 26 23
26 26 36 50 47 47 21 16 50 20 47 48 20 35 51 15 48 38 39 21 13 40 35 47 38 48 48 47 16 21 0 60 24 14 5 38 26 43 40 6 11
34 40 33 21 20 31 50 50 12 43 45 19 42 31 14 53 35 28 39 42 49 24 27 24 30 13 27 13 44 41 60 0 44 49 57 31 35 36 35 65 57
16 25 32 41 27 42 31 25 32 5 49 28 17 29 39 11 44 30 15 5 11 29 24 39 32 34 42 31 12 7 24 44 0 22 19 33 11 40 37 30 29
16 12 22 36 40 33 9 3 40 17 34 40 8 21 38 19 34 24 37 18 14 27 22 33 24 36 34 37 10 16 14 49 22 0 13 24 18 29 26 16 8
23 25 35 47 42 46 22 16 46 15 47 43 17 33 48 10 47 35 34 16 8 37 32 45 36 45 47 44 13 16 5 57 19 13 0 37 22 42 39 11 13
17 12 2 13 31 9 21 23 27 29 16 31 20 4 17 38 11 5 40 28 33 10 11 10 2 20 10 23 26 27 38 31 33 24 37 0 22 7 5 39 30
5 16 21 30 22 31 25 21 25 8 38 23 11 18 28 18 33 19 20 7 14 18 13 28 21 24 31 22 10 6 26 35 11 18 22 22 0 29 26 31 26
24 17 8 15 38 6 23 27 33 36 9 38 25 11 22 43 5 12 47 35 38 17 18 12 9 26 10 29 31 34 43 36 40 29 42 7 29 0 3 43 33
21 14 5 15 36 8 20 24 32 33 12 36 22 8 21 40 8 10 44 32 35 15 15 12 7 25 11 28 28 31 40 35 37 26 39 5 26 3 0 40 31
31 27 37 51 53 48 21 16 55 26 47 54 23 36 53 21 48 39 45 27 19 43 38 48 39 52 49 52 21 26 6 65 30 16 11 39 31 43 40 0 10
24 18 28 42 48 38 11 7 48 24 37 48 16 27 44 22 38 30 44 25 18 34 30 39 30 44 40 45 17 23 11 57 29 8 13 30 26 33 31 10 0
0         578      
0         93       
0         114      
66        181      
341       456      
43        167      
0         86       
257       385      
116       235      
188       317      
17        144      
126       244      
0         62       
1         108      
57        187      
220       338      
3         131      
86        204      
429       553      
249       354      
227       360      
81        203      
173       297      
66        196      
0         103      
115       219      
45        170      
131       249      
248       376      
187       316      
391       511      
141       264      
196       321      
0         85       
222       345      
2         109      
302       428      
18        125      
0         120      
281       397      
387       511      
