41
0 50 27 41 40 48 2 6 47 36 8 33 12 10 45 5 7 47 53 36 57 24 18 40 45 36 31 20 26 33 27 13 33 57 34 29 29 8 43 25 45
50 0 43 9 30 45 48 54 4 21 43 27 40 52 30 51 45 51 18 24 23 30 33 23 6 40 27 35 23 27 23 39 24 22 23 47 48 41 6 37 5
27 43 0 34 18 21 26 25 39 41 19 42 15 20 23 23 20 20 35 42 38 34 29 22 41 9 40 34 24 42 28 29 19 39 39 4 5 21 38 6 40
41 9 34 0 24 39 39 45 6 19 34 25 31 43 24 42 36 45 18 22 23 25 25 17 7 32 24 28 15 25 15 31 15 23 20 38 39 33 4 28 6
40 30 18 24 0 15 39 41 26 39 32 43 28 37 5 39 33 21 19 41 21 38 35 7 31 11 41 40 25 43 29 39 12 21 39 20 21 33 28 16 30
48 45 21 39 15 0 47 46 41 53 40 57 36 40 16 44 41 7 32 56 32 51 47 22 46 12 55 52 39 57 43 48 26 33 53 19 19 42 43 23 45
2 48 26 39 39 47 0 8 45 34 7 31 11 11 44 6 6 46 51 34 55 22 16 39 43 35 29 18 24 31 25 11 31 56 32 28 28 6 41 24 43
6 54 25 45 41 46 8 0 51 42 10 39 14 6 46 2 8 45 55 42 59 30 24 42 49 34 37 26 29 39 31 19 35 59 40 27 27 12 46 25 48
47 4 39 6 26 41 45 51 0 23 40 29 37 49 26 48 42 47 15 26 19 30 31 19 8 36 29 34 21 29 21 37 20 19 24 43 44 39 6 33 7
36 21 41 19 39 53 34 42 23 0 32 6 31 43 41 40 34 58 37 3 42 12 18 33 15 44 7 17 16 6 12 23 27 42 2 45 46 30 17 34 16
8 43 19 34 32 40 7 10 40 32 0 29 4 11 37 8 2 39 45 32 48 20 14 32 38 28 27 17 19 29 21 11 25 49 30 22 22 2 36 17 38
33 27 42 25 43 57 31 39 29 6 29 0 30 40 45 37 31 60 43 4 48 9 15 37 21 46 2 13 18 0 14 20 31 48 5 46 47 27 23 36 22
12 40 15 31 28 36 11 14 37 31 4 30 0 12 33 11 5 35 41 31 44 21 15 28 36 24 28 19 17 30 20 14 21 45 29 19 19 6 34 13 36
10 52 20 43 37 40 11 6 49 43 11 40 12 0 42 5 9 39 52 43 55 31 25 39 48 29 38 28 29 40 32 21 32 56 41 21 21 13 46 21 48
45 30 23 24 5 16 44 46 26 41 37 45 33 42 0 44 38 23 16 43 16 41 39 8 31 15 44 44 28 45 32 43 15 17 41 24 25 38 28 21 30
5 51 23 42 39 44 6 2 48 40 8 37 11 5 44 0 6 43 52 40 55 28 22 39 46 32 35 24 27 37 29 17 32 56 38 25 25 10 44 23 46
7 45 20 36 33 41 6 8 42 34 2 31 5 9 38 6 0 40 46 34 49 22 16 33 40 29 29 19 21 31 23 13 26 50 32 22 23 4 38 18 40
47 51 20 45 21 7 46 45 47 58 39 60 35 39 23 43 40 0 39 60 39 53 49 28 52 14 58 54 42 60 46 49 31 40 57 18 18 41 49 25 51
53 18 35 18 19 32 51 55 15 37 45 43 41 52 16 52 46 39 0 40 5 41 41 13 23 30 42 45 30 43 32 47 20 5 38 38 39 45 20 31 22
36 24 42 22 41 56 34 42 26 3 32 4 31 43 43 40 34 60 40 0 45 12 18 35 18 45 5 16 17 4 13 23 29 45 2 46 47 30 20 35 19
57 23 38 23 21 32 55 59 19 42 48 48 44 55 16 55 49 39 5 45 0 46 45 16 27 31 47 49 34 48 36 51 24 1 43 40 41 49 25 34 26
24 30 34 25 38 51 22 30 30 12 20 9 21 31 41 28 22 53 41 12 46 0 6 34 25 39 7 5 13 9 10 11 26 46 10 38 39 18 25 29 25
18 33 29 25 35 47 16 24 31 18 14 15 15 25 39 22 16 49 41 18 45 6 0 32 28 35 13 5 11 15 10 6 24 46 16 33 33 12 27 24 28
40 23 22 17 7 22 39 42 19 33 32 37 28 39 8 39 33 28 13 35 16 34 32 0 24 18 36 37 21 37 24 36 8 17 33 25 26 33 21 18 23
45 6 41 7 31 46 43 49 8 15 38 21 36 48 31 46 40 52 23 18 27 25 28 24 0 39 22 30 19 21 18 34 22 27 17 45 46 37 3 35 1
36 40 9 32 11 12 35 34 36 44 28 46 24 29 15 32 29 14 30 45 31 39 35 18 39 0 44 40 28 46 32 36 17 32 43 9 10 30 36 11 38
31 27 40 24 41 55 29 37 29 7 27 2 28 38 44 35 29 58 42 5 47 7 13 36 22 44 0 11 16 2 12 18 29 47 5 44 45 25 23 34 22
20 35 34 28 40 52 18 26 34 17 17 13 19 28 44 24 19 54 45 16 49 5 5 37 30 40 11 0 16 13 13 7 29 50 15 38 38 15 30 29 30
26 23 24 15 25 39 24 29 21 16 19 18 17 29 28 27 21 42 30 17 34 13 11 21 19 28 16 16 0 18 4 17 13 35 15 28 29 18 17 18 19
33 27 42 25 43 57 31 39 29 6 29 0 30 40 45 37 31 60 43 4 48 9 15 37 21 46 2 13 18 0 14 20 31 48 5 46 47 27 23 36 22
27 23 28 15 29 43 25 31 21 12 21 14 20 32 32 29 23 46 32 13 36 10 10 24 18 32 12 13 4 14 0 16 17 37 11 32 33 19 17 22 18
13 39 29 31 39 48 11 19 37 23 11 20 14 21 43 17 13 49 47 23 51 11 6 36 34 36 18 7 17 20 16 0 28 52 21 33 33 9 33 25 34
33 24 19 15 12 26 31 35 20 27 25 31 21 32 15 32 26 31 20 29 24 26 24 8 22 17 29 29 13 31 17 28 0 25 27 23 24 25 19 13 21
57 22 39 23 21 33 56 59 19 42 49 48 45 56 17 56 50 40 5 45 1 46 46 17 27 32 47 50 35 48 37 52 25 0 43 41 42 50 25 35 26
34 23 39 20 39 53 32 40 24 2 30 5 29 41 41 38 32 57 38 2 43 10 16 33 17 43 5 15 15 5 11 21 27 43 0 43 44 28 18 33 18
29 47 4 38 20 19 28 27 43 45 22 46 19 21 24 25 22 18 38 46 40 38 33 25 45 9 44 38 28 46 32 33 23 41 43 0 1 24 42 10 44
29 48 5 39 21 19 28 27 44 46 22 47 19 21 25 25 23 18 39 47 41 39 33 26 46 10 45 38 29 47 33 33 24 42 44 1 0 24 43 11 45
8 41 21 33 33 42 6 12 39 30 2 27 6 13 38 10 4 41 45 30 49 18 12 33 37 30 25 15 18 27 19 9 25 50 28 24 24 0 35 19 37
43 6 38 4 28 43 41 46 6 17 36 23 34 46 28 44 38 49 20 20 25 25 27 21 3 36 23 30 17 23 17 33 19 25 18 42 43 35 0 32 2
25 37 6 28 16 23 24 25 33 34 17 36 13 21 21 23 18 25 31 35 34 29 24 18 35 11 34 29 18 36 22 25 13 35 33 10 11 19 32 0 34
45 5 40 6 30 45 43 48 7 16 38 22 36 48 30 46 40 51 22 19 26 25 28 23 1 38 22 30 19 22 18 34 21 26 18 44 45 37 2 34 0
0         597      
89        197      
12        133      
75        193      
32        158      
144       266      
0         89       
0         66       
78        191      
234       346      
184       304      
224       357      
0         107      
0         81       
138       251      
0         88       
0         80       
370       496      
97        228      
224       359      
330       452      
223       330      
210       327      
50        175      
305       423      
19        144      
237       347      
250       377      
277       413      
240       357      
434       567      
215       327      
48        171      
101       227      
268       389      
10        142      
171       277      
0         89       
78        203      
3         115      
425       552      
