41
0 19 21 15 26 2 31 6 27 30 15 3 21 20 18 3 16 20 12 12 30 21 3 21 26 29 27 17 26 13 15 26 17 30 7 3 3 26 18 27 21
19 0 40 20 41 21 45 24 45 48 24 18 10 31 8 22 35 32 8 13 45 35 18 39 44 18 19 25 38 31 34 45 10 18 18 22 16 44 30 12 36
21 40 0 31 29 20 34 16 24 20 29 23 42 22 37 18 5 19 32 32 32 28 22 1 6 49 47 26 33 11 6 14 37 50 25 20 24 5 20 47 13
15 20 31 0 21 14 25 21 25 31 4 12 15 35 24 15 27 35 18 7 25 15 17 32 37 20 16 31 18 28 25 30 12 21 8 13 13 36 33 21 36
26 41 29 21 0 24 5 29 8 15 17 26 36 44 42 25 26 43 36 28 4 6 29 30 35 38 34 43 5 33 25 19 33 40 24 23 28 34 42 42 40
2 21 20 14 24 0 29 7 25 28 13 3 22 21 20 1 15 21 14 12 28 19 5 20 25 29 27 19 24 14 13 24 17 30 6 1 5 25 19 27 22
31 45 34 25 5 29 0 34 11 18 21 31 40 49 47 30 31 48 41 32 2 11 34 35 40 41 36 48 7 38 30 23 37 43 29 28 33 38 47 46 45
6 24 16 21 29 7 34 0 28 28 20 9 27 15 21 6 11 14 16 18 33 25 6 15 20 35 33 15 30 7 11 24 23 36 13 8 9 20 13 33 15
27 45 24 25 8 25 11 28 0 7 21 28 40 42 45 25 22 40 39 32 9 11 30 25 29 44 40 43 13 30 21 12 37 46 27 24 30 28 40 46 36
30 48 20 31 15 28 18 28 7 0 27 31 46 40 48 27 20 38 42 36 16 18 33 21 24 50 46 43 20 28 19 6 41 52 30 27 33 22 38 51 33
15 24 29 4 17 13 21 20 21 27 0 13 19 34 27 14 25 34 21 11 21 11 18 30 35 23 19 32 14 27 23 26 16 25 9 12 14 34 32 25 35
3 18 23 12 26 3 31 9 28 31 13 0 19 23 17 4 18 23 11 9 30 21 5 23 28 26 24 19 26 16 16 27 14 27 4 4 2 28 21 24 24
21 10 42 15 36 22 40 27 40 46 19 19 0 38 17 23 37 39 15 9 40 30 22 42 47 9 9 33 33 34 35 43 4 9 16 21 18 47 37 6 42
20 31 22 35 44 21 49 15 42 40 34 23 38 0 23 21 20 3 23 32 48 40 18 21 23 47 47 6 45 12 21 34 35 47 27 22 22 25 2 42 10
18 8 37 24 42 20 47 21 45 48 27 17 17 23 0 21 32 25 6 17 46 36 15 36 39 26 26 17 41 26 32 44 16 26 18 21 15 41 23 20 31
3 22 18 15 25 1 30 6 25 27 14 4 23 21 21 0 14 20 15 13 29 19 6 19 24 30 28 19 24 13 12 23 18 31 7 2 6 23 19 28 21
16 35 5 27 26 15 31 11 22 20 25 18 37 20 32 14 0 18 27 27 30 24 17 5 10 44 42 23 29 8 2 14 32 45 20 15 19 10 18 42 14
20 32 19 35 43 21 48 14 40 38 34 23 39 3 25 20 18 0 24 32 47 39 18 18 20 47 47 8 44 10 19 32 35 48 27 22 22 22 2 43 7
12 8 32 18 36 14 41 16 39 42 21 11 15 23 6 15 27 24 0 11 40 30 10 31 36 24 24 18 35 23 27 38 12 24 12 15 9 36 22 19 28
12 13 32 7 28 12 32 18 32 36 11 9 9 32 17 13 27 32 11 0 32 22 14 32 37 17 15 27 25 25 25 34 5 18 7 12 10 36 30 15 33
30 45 32 25 4 28 2 33 9 16 21 30 40 48 46 29 30 47 40 32 0 10 33 33 38 41 37 47 7 37 28 21 37 43 28 27 32 36 46 46 43
21 35 28 15 6 19 11 25 11 18 11 21 30 40 36 19 24 39 30 22 10 0 24 29 34 33 29 38 5 29 22 20 27 35 18 18 23 33 38 36 37
3 18 22 17 29 5 34 6 30 33 18 5 22 18 15 6 17 18 10 14 33 24 0 21 26 30 29 14 29 13 17 29 18 31 9 6 4 26 16 28 20
21 39 1 32 30 20 35 15 25 21 30 23 42 21 36 19 5 18 31 32 33 29 21 0 5 49 47 25 34 10 7 15 37 50 25 20 24 5 19 47 12
26 44 6 37 35 25 40 20 29 24 35 28 47 23 39 24 10 20 36 37 38 34 26 5 0 54 52 27 39 13 12 18 42 55 30 25 29 2 21 52 13
29 18 49 20 38 29 41 35 44 50 23 26 9 47 26 30 44 47 24 17 41 33 30 49 54 0 5 42 34 42 42 49 12 2 24 29 26 53 45 7 50
27 19 47 16 34 27 36 33 40 46 19 24 9 47 26 28 42 47 24 15 37 29 29 47 52 5 0 42 30 40 40 45 12 7 21 26 25 51 45 11 48
17 25 26 31 43 19 48 15 43 43 32 19 33 6 17 19 23 8 18 27 47 38 14 25 27 42 42 0 43 15 24 37 30 42 23 20 18 29 6 37 14
26 38 33 18 5 24 7 30 13 20 14 26 33 45 41 24 29 44 35 25 7 5 29 34 39 34 30 43 0 34 27 23 30 36 23 23 28 38 43 39 42
13 31 11 28 33 14 38 7 30 28 27 16 34 12 26 13 8 10 23 25 37 29 13 10 13 42 40 15 34 0 9 22 30 43 20 15 16 15 10 40 8
15 34 6 25 25 13 30 11 21 19 23 16 35 21 32 12 2 19 27 25 28 22 17 7 12 42 40 24 27 9 0 13 30 43 19 14 18 11 19 40 15
26 45 14 30 19 24 23 24 12 6 26 27 43 34 44 23 14 32 38 34 21 20 29 15 18 49 45 37 23 22 13 0 39 51 28 23 29 16 32 49 27
17 10 37 12 33 17 37 23 37 41 16 14 4 35 16 18 32 35 12 5 37 27 18 37 42 12 12 30 30 30 30 39 0 13 12 17 14 41 33 10 38
30 18 50 21 40 30 43 36 46 52 25 27 9 47 26 31 45 48 24 18 43 35 31 50 55 2 7 42 36 43 43 51 13 0 25 30 27 54 46 6 51
7 18 25 8 24 6 29 13 27 30 9 4 16 27 18 7 20 27 12 7 28 18 9 25 30 24 21 23 23 20 19 28 12 25 0 5 5 30 25 22 28
3 22 20 13 23 1 28 8 24 27 12 4 21 22 21 2 15 22 15 12 27 18 6 20 25 29 26 20 23 15 14 23 17 30 5 0 6 25 20 27 23
3 16 24 13 28 5 33 9 30 33 14 2 18 22 15 6 19 22 9 10 32 23 4 24 29 26 25 18 28 16 18 29 14 27 5 6 0 29 20 24 24
26 44 5 36 34 25 38 20 28 22 34 28 47 25 41 23 10 22 36 36 36 33 26 5 2 53 51 29 38 15 11 16 41 54 30 25 29 0 23 51 15
18 30 20 33 42 19 47 13 40 38 32 21 37 2 23 19 18 2 22 30 46 38 16 19 21 45 45 6 43 10 19 32 33 46 25 20 20 23 0 41 8
27 12 47 21 42 27 46 33 46 51 25 24 6 42 20 28 42 43 19 15 46 36 28 47 52 7 11 37 39 40 40 49 10 6 22 27 24 51 41 0 47
21 36 13 36 40 22 45 15 36 33 35 24 42 10 31 21 14 7 28 33 43 37 20 12 13 50 48 14 42 8 15 27 38 51 28 23 24 15 8 47 0
0         600      
7         160      
143       297      
0         133      
195       325      
0         60       
228       343      
0         96       
204       353      
351       474      
249       358      
0         90       
30        178      
122       262      
99        225      
0         109      
149       307      
110       257      
40        158      
0         119      
429       569      
226       358      
0         87       
173       318      
159       314      
44        189      
60        174      
108       239      
208       346      
126       279      
141       278      
191       338      
10        134      
254       391      
0         98       
0         68       
0         125      
374       528      
292       462      
55        189      
366       523      
