41
0 18 9 8 29 19 23 12 7 14 24 23 22 26 17 24 23 27 15 25 22 16 15 17 24 21 24 19 19 22 23 35 20 9 24 27 19 25 22 15 15
18 0 24 19 28 34 8 29 22 11 8 16 20 41 31 11 23 13 19 13 10 33 26 35 15 21 10 13 12 9 31 34 37 27 41 25 19 28 40 3 13
9 24 0 5 38 10 31 6 2 23 32 23 31 29 22 26 18 29 11 33 30 9 8 15 24 30 32 28 19 23 31 44 22 9 26 36 28 19 21 22 14
8 19 5 0 36 15 26 11 4 19 27 17 29 32 25 20 15 23 7 28 25 14 8 20 18 28 27 24 14 18 31 42 26 13 30 34 26 17 26 17 9
29 28 38 36 0 48 23 39 36 18 25 43 8 33 25 39 48 41 42 18 20 43 44 40 43 8 21 15 38 37 15 6 35 35 36 4 10 52 40 26 37
19 34 10 15 48 0 41 10 12 33 42 28 41 33 29 33 20 36 15 43 40 9 8 18 29 40 42 38 26 31 39 54 26 15 30 46 38 17 24 32 22
23 8 31 26 23 41 0 35 29 10 2 24 15 42 31 17 31 18 27 5 3 39 34 40 23 16 2 8 20 17 29 28 40 32 42 19 14 36 43 9 21
12 29 6 11 39 10 35 0 7 26 36 28 33 24 19 31 24 34 17 37 34 4 13 9 29 32 36 31 25 29 29 45 17 5 21 38 30 24 15 26 20
7 22 2 4 36 12 29 7 0 21 30 21 29 29 22 24 18 27 10 31 28 11 8 16 22 28 30 26 18 22 30 42 22 9 26 34 26 19 22 20 13
14 11 23 19 18 33 10 26 21 0 12 25 10 31 21 22 29 24 24 11 8 30 27 30 25 10 10 5 20 20 20 24 30 23 32 16 8 34 33 8 19
24 8 32 27 25 42 2 36 30 12 0 23 17 43 33 16 31 17 27 7 5 40 34 41 22 18 4 10 20 16 31 30 42 33 44 21 16 36 45 10 21
23 16 23 17 43 28 24 28 21 25 23 0 35 49 40 7 11 10 13 29 26 31 20 37 1 35 26 29 5 7 45 49 43 30 47 41 33 17 43 18 8
22 20 31 29 8 41 15 33 29 10 17 35 0 32 22 31 39 33 34 11 12 37 37 36 35 1 13 7 30 29 15 14 32 29 33 6 3 44 37 18 29
26 41 29 32 33 33 42 24 29 31 43 49 32 0 10 49 47 52 39 41 39 24 37 15 50 31 41 34 45 47 18 37 7 20 4 36 30 48 11 38 41
17 31 22 25 25 29 31 19 22 21 33 40 22 10 0 40 40 43 32 30 29 22 30 16 41 21 31 24 36 38 11 29 10 14 11 27 20 41 15 28 32
24 11 26 20 39 33 17 31 24 22 16 7 31 49 40 0 18 3 18 22 20 34 25 40 6 32 19 24 7 2 42 45 44 33 48 36 30 24 46 14 11
23 23 18 15 48 20 31 24 18 29 31 11 39 47 40 18 0 21 8 36 32 26 12 33 12 39 33 34 12 16 46 53 40 27 44 45 37 6 39 23 10
27 13 29 23 41 36 18 34 27 24 17 10 33 52 43 3 21 0 21 23 21 37 28 43 9 34 20 26 10 5 44 46 47 36 51 37 32 27 49 16 14
15 19 11 7 42 15 27 17 10 24 27 13 34 39 32 18 8 21 0 31 28 19 7 26 14 34 29 29 11 16 38 48 32 19 36 40 32 10 32 19 7
25 13 33 28 18 43 5 37 31 11 7 29 11 41 30 22 36 23 31 0 3 41 36 41 28 12 3 6 25 22 26 23 39 34 41 14 12 41 43 12 25
22 10 30 25 20 40 3 34 28 8 5 26 12 39 29 20 32 21 28 3 0 38 33 38 25 13 2 5 22 19 26 25 38 31 40 16 11 37 41 9 22
16 33 9 14 43 9 39 4 11 30 40 31 37 24 22 34 26 37 19 41 38 0 14 9 32 36 40 35 28 32 32 49 17 8 21 42 34 25 15 30 23
15 26 8 8 44 8 34 13 8 27 34 20 37 37 30 25 12 28 7 36 33 14 0 22 21 36 35 32 18 23 38 50 30 17 34 42 34 11 28 25 14
17 35 15 20 40 18 40 9 16 30 41 37 36 15 16 40 33 43 26 41 38 9 22 0 38 35 40 35 34 38 27 45 8 8 12 41 33 33 6 32 29
24 15 24 18 43 29 23 29 22 25 22 1 35 50 41 6 12 9 14 28 25 32 21 38 0 35 25 28 5 6 45 49 44 31 48 40 33 18 44 17 9
21 21 30 28 8 40 16 32 28 10 18 35 1 31 21 32 39 34 34 12 13 36 36 35 35 0 14 8 30 30 14 14 31 28 32 6 2 44 36 18 29
24 10 32 27 21 42 2 36 30 10 4 26 13 41 31 19 33 20 29 3 2 40 35 40 25 14 0 7 22 19 28 26 40 33 42 17 13 38 43 10 23
19 13 28 24 15 38 8 31 26 5 10 29 7 34 24 24 34 26 29 6 5 35 32 35 28 8 7 0 24 22 21 21 33 28 35 12 6 39 37 11 24
19 12 19 14 38 26 20 25 18 20 20 5 30 45 36 7 12 10 11 25 22 28 18 34 5 30 22 24 0 5 40 44 39 27 43 36 28 18 40 13 5
22 9 23 18 37 31 17 29 22 20 16 7 29 47 38 2 16 5 16 22 19 32 23 38 6 30 19 22 5 0 40 43 42 31 46 34 28 22 44 12 9
23 31 31 31 15 39 29 29 30 20 31 45 15 18 11 42 46 44 38 26 26 32 38 27 45 14 28 21 40 40 0 19 20 24 21 18 15 48 25 28 37
35 34 44 42 6 54 28 45 42 24 30 49 14 37 29 45 53 46 48 23 25 49 50 45 49 14 26 21 44 43 19 0 39 41 40 9 16 58 44 32 43
20 37 22 26 35 26 40 17 22 30 42 43 32 7 10 44 40 47 32 39 38 17 30 8 44 31 40 33 39 42 20 39 0 13 4 37 29 41 5 34 35
9 27 9 13 35 15 32 5 9 23 33 30 29 20 14 33 27 36 19 34 31 8 17 8 31 28 33 28 27 31 24 41 13 0 17 34 26 28 13 24 22
24 41 26 30 36 30 42 21 26 32 44 47 33 4 11 48 44 51 36 41 40 21 34 12 48 32 42 35 43 46 21 40 4 17 0 38 31 45 7 38 39
27 25 36 34 4 46 19 38 34 16 21 41 6 36 27 36 45 37 40 14 16 42 42 41 40 6 17 12 36 34 18 9 37 34 38 0 8 50 42 23 35
19 19 28 26 10 38 14 30 26 8 16 33 3 30 20 30 37 32 32 12 11 34 34 33 33 2 13 6 28 28 15 16 29 26 31 8 0 42 34 16 27
25 28 19 17 52 17 36 24 19 34 36 17 44 48 41 24 6 27 10 41 37 25 11 33 18 44 38 39 18 22 48 58 41 28 45 50 42 0 39 28 15
22 40 21 26 40 24 43 15 22 33 45 43 37 11 15 46 39 49 32 43 41 15 28 6 44 36 43 37 40 44 25 44 5 13 7 42 34 39 0 37 35
15 3 22 17 26 32 9 26 20 8 10 18 18 38 28 14 23 16 19 12 9 30 25 32 17 18 10 11 13 12 28 32 34 24 38 23 16 28 37 0 13
15 13 14 9 37 22 21 20 13 19 21 8 29 41 32 11 10 14 7 25 22 23 14 29 9 29 23 24 5 9 37 43 35 22 39 35 27 15 35 13 0
0         605      
0         192      
0         137      
0         146      
397       575      
120       292      
16        154      
92        284      
237       424      
212       449      
35        142      
0         174      
239       381      
195       393      
134       404      
40        258      
0         105      
0         108      
0         77       
0         162      
52        206      
101       305      
78        319      
127       357      
0         135      
284       469      
0         186      
41        244      
0         111      
0         190      
232       522      
378       524      
168       300      
136       349      
178       360      
201       432      
194       446      
43        216      
166       354      
27        196      
277       487      
