41
0 12 12 4 36 37 18 15 36 32 17 17 10 27 19 14 16 41 33 37 26 22 30 39 17 23 31 32 21 36 6 23 5 12 37 36 29 24 6 15 16
12 0 10 16 31 45 8 4 34 27 14 21 22 28 23 20 25 39 34 35 38 20 38 37 5 13 29 28 33 38 8 12 11 24 45 34 38 16 9 22 26
12 10 0 16 41 49 18 8 44 37 24 27 22 36 29 26 28 49 42 45 38 30 42 47 10 12 39 38 32 46 14 19 7 20 49 44 41 26 6 27 28
4 16 16 0 36 33 21 19 34 32 17 15 6 25 17 11 12 39 31 36 22 21 26 38 21 27 30 32 17 34 8 25 9 11 33 34 24 26 10 11 12
36 31 41 36 0 44 23 34 14 4 19 25 39 19 25 30 35 15 21 9 49 16 40 10 32 40 13 4 47 25 30 23 40 47 43 14 41 15 38 31 36
37 45 49 33 44 0 45 49 30 43 35 26 27 25 24 25 21 32 23 35 19 32 7 35 50 58 31 41 23 20 37 50 42 37 1 30 8 44 43 23 20
18 8 18 21 23 45 0 11 29 19 10 20 26 24 21 22 28 33 30 28 42 16 40 30 9 18 24 20 37 34 13 5 19 30 44 29 40 8 17 24 29
15 4 8 19 34 49 11 0 38 30 18 25 25 32 27 24 29 43 38 38 41 24 42 40 2 9 33 31 36 42 12 11 12 25 49 38 42 19 10 26 30
36 34 44 34 14 30 29 38 0 14 20 19 33 10 18 24 28 5 7 5 40 14 29 5 37 46 5 12 39 11 31 30 41 44 29 0 30 22 40 25 29
32 27 37 32 4 43 19 30 14 0 15 22 35 18 22 27 32 17 20 11 46 13 39 12 28 36 12 2 43 24 26 19 36 43 42 14 40 11 34 28 33
17 14 24 17 19 35 10 18 20 15 0 10 20 14 11 13 19 25 20 21 33 6 30 23 18 27 15 15 30 24 11 15 21 28 34 20 30 10 20 15 20
17 21 27 15 25 26 20 25 19 22 10 0 14 10 2 5 10 24 16 22 24 9 20 23 25 34 15 21 21 19 13 25 22 25 25 19 20 20 22 6 11
10 22 22 6 39 27 26 25 33 35 20 14 0 23 15 9 8 37 29 36 16 23 21 37 27 33 29 35 11 32 14 31 15 12 28 33 19 30 16 9 7
27 28 36 25 19 25 24 32 10 18 14 10 23 0 8 14 18 14 6 14 30 8 21 15 32 41 7 16 29 10 22 28 32 35 24 10 22 20 31 15 19
19 23 29 17 25 24 21 27 18 22 11 2 15 8 0 6 10 22 14 21 24 9 19 22 27 36 14 21 22 17 15 26 24 27 23 18 19 21 24 7 11
14 20 26 11 30 25 22 24 24 27 13 5 9 14 6 0 6 28 20 27 20 14 18 28 25 33 20 26 17 23 12 27 19 21 25 24 18 23 20 2 7
16 25 28 12 35 21 28 29 28 32 19 10 8 18 10 6 0 32 22 31 14 19 14 32 30 38 24 31 11 24 17 33 21 20 21 28 13 29 22 4 1
41 39 49 39 15 32 33 43 5 17 25 24 37 14 22 28 32 0 10 6 43 19 32 5 42 51 10 15 43 12 36 34 46 49 31 5 33 26 45 29 33
33 34 42 31 21 23 30 38 7 20 20 16 29 6 14 20 22 10 0 12 33 14 22 12 38 47 8 18 33 5 28 33 38 41 22 7 23 25 37 20 23
37 35 45 36 9 35 28 38 5 11 21 22 36 14 21 27 31 6 12 0 44 15 34 2 37 46 7 9 42 16 32 29 42 47 34 5 35 21 41 28 32
26 38 38 22 49 19 42 41 40 46 33 24 16 30 24 20 14 43 33 44 0 33 13 45 43 49 37 45 6 33 30 47 31 22 20 40 11 43 32 18 13
22 20 30 21 16 32 16 24 14 13 6 9 23 8 9 14 19 19 14 15 33 0 28 17 24 33 9 12 30 18 17 20 27 32 31 14 28 12 26 15 20
30 38 42 26 40 7 40 42 29 39 30 20 21 21 19 18 14 32 22 34 13 28 0 34 43 51 28 37 17 21 30 45 35 31 7 29 2 40 36 17 14
39 37 47 38 10 35 30 40 5 12 23 23 37 15 22 28 32 5 12 2 45 17 34 0 39 47 8 10 43 16 34 30 44 48 34 5 35 22 43 29 33
17 5 10 21 32 50 9 2 37 28 18 25 27 32 27 25 30 42 38 37 43 24 43 39 0 9 32 29 38 42 13 9 14 27 50 37 43 17 12 27 31
23 13 12 27 40 58 18 9 46 36 27 34 33 41 36 33 38 51 47 46 49 33 51 47 9 0 41 37 44 51 21 17 19 32 58 46 51 25 17 35 39
31 29 39 30 13 31 24 33 5 12 15 15 29 7 14 20 24 10 8 7 37 9 28 8 32 41 0 10 35 13 26 26 36 40 30 5 29 18 35 21 25
32 28 38 32 4 41 20 31 12 2 15 21 35 16 21 26 31 15 18 9 45 12 37 10 29 37 10 0 42 22 26 20 36 43 40 12 38 12 35 27 32
21 33 32 17 47 23 37 36 39 43 30 21 11 29 22 17 11 43 33 42 6 30 17 43 38 44 35 42 0 34 25 42 25 16 24 39 15 40 27 15 10
36 38 46 34 25 20 34 42 11 24 24 19 32 10 17 23 24 12 5 16 33 18 21 16 42 51 13 22 34 0 32 38 41 44 19 11 22 30 41 23 25
6 8 14 8 30 37 13 12 31 26 11 13 14 22 15 12 17 36 28 32 30 17 30 34 13 21 26 26 25 32 0 17 10 18 37 31 30 18 9 14 18
23 12 19 25 23 50 5 11 30 19 15 25 31 28 26 27 33 34 33 29 47 20 45 30 9 17 26 20 42 38 17 0 23 35 49 30 44 8 21 29 34
5 11 7 9 40 42 19 12 41 36 21 22 15 32 24 19 21 46 38 42 31 27 35 44 14 19 36 36 25 41 10 23 0 13 42 41 33 26 2 20 21
12 24 20 11 47 37 30 25 44 43 28 25 12 35 27 21 20 49 41 47 22 32 31 48 27 32 40 43 16 44 18 35 13 0 38 44 29 36 15 21 19
37 45 49 33 43 1 44 49 29 42 34 25 28 24 23 25 21 31 22 34 20 31 7 34 50 58 30 40 24 19 37 49 42 38 0 29 9 43 43 23 21
36 34 44 34 14 30 29 38 0 14 20 19 33 10 18 24 28 5 7 5 40 14 29 5 37 46 5 12 39 11 31 30 41 44 29 0 30 22 40 25 29
29 38 41 24 41 8 40 42 30 40 30 20 19 22 19 18 13 33 23 35 11 28 2 35 43 51 29 38 15 22 30 44 33 29 9 30 0 40 34 16 12
24 16 26 26 15 44 8 19 22 11 10 20 30 20 21 23 29 26 25 21 43 12 40 22 17 25 18 12 40 30 18 8 26 36 43 22 40 0 25 25 30
6 9 6 10 38 43 17 10 40 34 20 22 16 31 24 20 22 45 37 41 32 26 36 43 12 17 35 35 27 41 9 21 2 15 43 40 34 25 0 21 22
15 22 27 11 31 23 24 26 25 28 15 6 9 15 7 2 4 29 20 28 18 15 17 29 27 35 21 27 15 23 14 29 20 21 23 25 16 25 21 0 5
16 26 28 12 36 20 29 30 29 33 20 11 7 19 11 7 1 33 23 32 13 20 14 33 31 39 25 32 10 25 18 34 21 19 21 29 12 30 22 5 0
0         622      
0         141      
131       277      
107       272      
33        236      
335       576      
0         126      
137       273      
0         229      
294       501      
0         170      
0         167      
112       268      
0         205      
2         157      
0         175      
127       250      
31        221      
52        191      
27        206      
232       401      
67        243      
226       403      
37        173      
0         143      
144       324      
0         162      
27        215      
291       416      
294       458      
0         78       
397       599      
163       324      
163       395      
199       409      
0         178      
248       435      
0         155      
82        309      
46        263      
397       556      
