41
0 38 36 38 42 26 10 38 33 8 25 10 34 14 31 38 10 15 30 14 27 31 7 28 41 25 10 18 26 43 21 46 51 12 21 47 46 23 23 34 44
38 0 50 15 6 13 34 3 19 33 23 31 23 36 24 15 36 39 24 28 44 10 33 42 4 44 36 20 12 5 33 8 21 31 42 13 9 15 16 10 7
36 50 0 38 56 45 45 52 32 42 26 43 29 22 27 38 26 21 26 46 9 39 30 8 50 11 26 36 42 55 18 55 50 45 15 50 59 40 44 40 57
38 15 38 0 21 20 39 18 6 36 15 35 10 31 11 0 32 34 12 34 35 8 31 32 13 35 32 21 16 19 25 18 13 36 35 12 24 17 21 6 21
42 6 56 21 0 16 37 4 25 36 29 34 29 41 30 21 41 44 30 30 50 16 37 48 8 50 41 24 16 2 39 7 24 33 48 16 4 19 19 16 2
26 13 45 20 16 0 21 12 22 20 20 18 26 27 25 20 26 30 24 15 38 12 22 37 17 37 26 10 4 17 27 20 31 18 35 25 20 5 3 15 18
10 34 45 39 37 21 0 33 36 3 30 3 38 23 36 39 19 24 35 7 36 30 15 37 38 34 19 17 23 38 29 41 50 4 30 46 41 21 18 33 39
38 3 52 18 4 12 33 0 22 32 25 30 26 37 26 18 37 40 26 27 46 12 33 44 6 46 37 20 12 5 35 8 23 30 44 15 8 15 15 13 6
33 19 32 6 25 22 36 22 0 33 9 32 4 25 5 6 27 28 6 32 29 10 26 26 19 29 27 18 18 24 19 24 19 33 29 18 28 17 23 9 26
8 33 42 36 36 20 3 32 33 0 27 2 36 20 33 36 16 21 32 6 33 28 12 34 36 31 16 15 21 37 26 40 48 4 27 44 40 19 17 31 38
25 23 26 15 29 20 30 25 9 27 0 27 9 16 6 15 18 19 5 27 21 13 18 19 24 21 18 14 17 28 10 29 28 28 20 27 32 15 21 15 30
10 31 43 35 34 18 3 30 32 2 27 0 35 21 33 35 18 23 32 4 34 27 13 35 35 32 18 14 20 35 27 38 47 2 29 43 38 18 15 30 36
34 23 29 10 29 26 38 26 4 36 9 35 0 24 3 10 27 27 4 35 27 14 27 24 23 27 27 21 22 28 17 28 21 36 27 22 32 21 27 13 30
14 36 22 31 41 27 23 37 25 20 16 21 24 0 21 31 4 3 20 24 13 27 8 14 38 11 4 18 25 41 8 43 44 23 8 43 45 22 26 30 43
31 24 27 11 30 25 36 26 5 33 6 33 3 21 0 11 24 24 1 33 24 14 24 21 24 24 24 19 21 29 14 29 24 34 24 23 33 20 26 14 31
38 15 38 0 21 20 39 18 6 36 15 35 10 31 11 0 32 34 12 34 35 8 31 32 13 35 32 21 16 19 25 18 13 36 35 12 24 17 21 6 21
10 36 26 32 41 26 19 37 27 16 18 18 27 4 24 32 0 5 23 21 17 28 5 18 39 15 0 17 25 41 12 44 45 20 11 44 45 22 24 31 43
15 39 21 34 44 30 24 40 28 21 19 23 27 3 24 34 5 0 23 26 12 30 10 13 41 10 5 21 28 44 10 46 47 25 6 46 48 25 29 33 46
30 24 26 12 30 24 35 26 6 32 5 32 4 20 1 12 23 23 0 32 23 14 23 20 24 23 23 18 20 29 13 29 25 33 23 24 33 19 25 14 31
14 28 46 34 30 15 7 27 32 6 27 4 35 24 33 34 21 26 32 0 37 25 16 38 32 35 21 14 17 32 29 35 45 3 32 40 34 16 12 28 32
27 44 9 35 50 38 36 46 29 33 21 34 27 13 24 35 17 12 23 37 0 34 21 3 45 2 17 29 36 49 12 50 48 36 6 47 53 33 37 36 51
31 10 39 8 16 12 30 12 10 28 13 27 14 27 14 8 28 30 14 25 34 0 25 32 11 34 28 13 8 15 23 16 20 27 32 16 19 9 13 3 17
7 33 30 31 37 22 15 33 26 12 18 13 27 8 24 31 5 10 23 16 21 25 0 22 36 19 5 13 21 38 14 41 44 15 16 41 41 18 20 28 39
28 42 8 32 48 37 37 44 26 34 19 35 24 14 21 32 18 13 20 38 3 32 22 0 43 4 18 28 34 47 10 48 45 37 7 44 51 32 36 34 49
41 4 50 13 8 17 38 6 19 36 24 35 23 38 24 13 39 41 24 32 45 11 36 43 0 45 39 23 15 6 34 5 17 35 43 9 10 18 20 10 8
25 44 11 35 50 37 34 46 29 31 21 32 27 11 24 35 15 10 23 35 2 34 19 4 45 0 15 28 35 49 11 50 48 34 4 47 53 32 36 36 51
10 36 26 32 41 26 19 37 27 16 18 18 27 4 24 32 0 5 23 21 17 28 5 18 39 15 0 17 25 41 12 44 45 20 11 44 45 22 24 31 43
18 20 36 21 24 10 17 20 18 15 14 14 21 18 19 21 17 21 18 14 29 13 13 28 23 28 17 0 8 25 18 28 33 15 25 29 28 5 8 16 26
26 12 42 16 16 4 23 12 18 21 17 20 22 25 21 16 25 28 20 17 36 8 21 34 15 35 25 8 0 17 24 20 28 20 33 23 20 3 5 11 18
43 5 55 19 2 17 38 5 24 37 28 35 28 41 29 19 41 44 29 32 49 15 38 47 6 49 41 25 17 0 38 5 22 35 47 14 4 20 20 15 2
21 33 18 25 39 27 29 35 19 26 10 27 17 8 14 25 12 10 13 29 12 23 14 10 34 11 12 18 24 38 0 39 38 29 10 37 42 22 26 25 40
46 8 55 18 7 20 41 8 24 40 29 38 28 43 29 18 44 46 29 35 50 16 41 48 5 50 44 28 20 5 39 0 18 38 48 10 8 23 23 15 6
51 21 50 13 24 31 50 23 19 48 28 47 21 44 24 13 45 47 25 45 48 20 44 45 17 48 45 33 28 22 38 18 0 47 48 8 26 29 33 17 24
12 31 45 36 33 18 4 30 33 4 28 2 36 23 34 36 20 25 33 3 36 27 15 37 35 34 20 15 20 35 29 38 47 0 31 43 37 18 15 30 35
21 42 15 35 48 35 30 44 29 27 20 29 27 8 24 35 11 6 23 32 6 32 16 7 43 4 11 25 33 47 10 48 48 31 0 47 51 30 33 35 49
47 13 50 12 16 25 46 15 18 44 27 43 22 43 23 12 44 46 24 40 47 16 41 44 9 47 44 29 23 14 37 10 8 43 47 0 18 25 28 13 16
46 9 59 24 4 20 41 8 28 40 32 38 32 45 33 24 45 48 33 34 53 19 41 51 10 53 45 28 20 4 42 8 26 37 51 18 0 23 23 19 2
23 15 40 17 19 5 21 15 17 19 15 18 21 22 20 17 22 25 19 16 33 9 18 32 18 32 22 5 3 20 22 23 29 18 30 25 23 0 6 12 21
23 16 44 21 19 3 18 15 23 17 21 15 27 26 26 21 24 29 25 12 37 13 20 36 20 36 24 8 5 20 26 23 33 15 33 28 23 6 0 16 21
34 10 40 6 16 15 33 13 9 31 15 30 13 30 14 6 31 33 14 28 36 3 28 34 10 36 31 16 11 15 25 15 17 30 35 13 19 12 16 0 17
44 7 57 21 2 18 39 6 26 38 30 36 30 43 31 21 43 46 31 32 51 17 39 49 8 51 43 26 18 2 40 6 24 35 49 16 2 21 21 17 0
0         633      
120       322      
0         179      
75        197      
43        248      
225       475      
179       412      
69        249      
0         159      
234       391      
106       359      
167       354      
0         173      
0         88       
0         237      
51        187      
0         118      
0         150      
47        227      
305       520      
184       337      
61        254      
0         71       
0         113      
33        308      
0         137      
0         93       
121       291      
107       289      
102       318      
0         168      
85        240      
349       581      
234       397      
0         117      
21        255      
283       415      
103       308      
137       304      
30        196      
222       466      
