41
0 35 42 44 46 50 20 39 20 25 33 57 46 39 23 26 22 26 44 36 24 49 24 38 48 33 37 44 46 12 17 57 23 36 23 39 38 19 28 44 40
35 0 12 9 12 15 30 11 21 19 12 21 17 29 29 27 15 29 12 27 13 14 31 5 15 33 19 12 16 22 21 22 31 30 19 14 33 15 23 15 10
42 12 0 8 8 14 31 3 24 31 24 18 5 41 28 39 27 41 2 39 25 13 30 7 18 30 31 3 4 32 33 18 30 42 20 24 28 25 35 23 19
44 9 8 0 3 6 36 11 28 27 19 12 13 35 34 35 24 37 7 34 22 5 36 6 10 38 25 6 10 31 30 13 36 37 25 17 36 24 31 15 12
46 12 8 3 0 6 38 11 30 30 22 11 11 37 36 38 27 40 6 37 25 5 37 8 12 38 27 5 7 34 33 12 38 40 27 19 36 27 34 18 14
50 15 14 6 6 0 42 17 34 31 22 7 17 37 40 38 29 40 12 37 27 1 42 12 8 44 27 11 13 37 35 8 42 40 31 19 42 30 34 15 14
20 30 31 36 38 42 0 28 9 32 36 48 33 47 3 37 26 38 33 45 28 41 4 30 45 13 43 34 35 19 26 49 3 46 11 42 18 22 37 45 40
39 11 3 11 11 17 28 0 20 29 23 21 7 40 25 37 25 39 5 38 23 16 27 7 21 27 30 6 7 29 31 21 27 41 17 25 25 23 34 25 20
20 21 24 28 30 34 9 20 0 24 27 40 26 39 8 30 18 32 25 37 19 33 10 22 36 17 34 26 27 14 20 41 10 38 3 33 20 14 29 36 31
25 19 31 27 30 31 32 29 24 0 10 38 36 15 32 8 6 10 31 13 6 31 34 24 26 41 12 31 35 15 8 39 34 14 24 16 43 10 5 21 18
33 12 24 19 22 22 36 23 27 10 0 28 29 17 35 16 11 18 24 15 9 22 37 17 16 43 7 23 27 21 17 29 37 18 26 6 44 15 12 11 8
57 21 18 12 11 7 48 21 40 38 28 0 20 43 46 44 36 46 16 43 34 7 48 18 13 48 33 15 16 43 42 1 48 46 37 25 46 36 40 21 20
46 17 5 13 11 17 33 7 26 36 29 20 0 46 30 44 32 46 6 44 30 16 31 12 23 29 36 7 4 36 38 20 32 47 23 29 26 30 40 28 24
39 29 41 35 37 37 47 40 39 15 17 43 46 0 47 13 21 13 40 3 21 37 49 34 30 56 10 40 44 29 22 44 49 4 39 18 58 25 11 22 23
23 29 28 34 36 40 3 25 8 32 35 46 30 47 0 38 26 40 30 45 27 39 2 28 44 10 42 31 32 21 28 46 2 46 10 41 15 22 37 44 39
26 27 39 35 38 38 37 37 30 8 16 44 44 13 38 0 13 2 39 10 14 38 40 32 32 47 15 39 43 17 10 45 39 10 31 21 50 17 4 26 24
22 15 27 24 27 29 26 25 18 6 11 36 32 21 26 13 0 15 27 19 2 29 28 20 26 35 17 27 31 10 6 37 28 20 18 17 37 4 11 22 18
26 29 41 37 40 40 38 39 32 10 18 46 46 13 40 2 15 0 41 10 16 40 42 34 34 49 17 41 45 19 12 47 41 10 32 23 51 18 6 28 26
44 12 2 7 6 12 33 5 25 31 24 16 6 40 30 39 27 41 0 39 25 11 32 7 17 32 30 1 4 33 33 17 32 42 22 23 30 26 35 22 18
36 27 39 34 37 37 45 38 37 13 15 43 44 3 45 10 19 10 39 0 19 37 47 32 30 54 10 38 42 26 19 44 47 3 37 18 56 23 8 22 23
24 13 25 22 25 27 28 23 19 6 9 34 30 21 27 14 2 16 25 19 0 27 29 18 24 36 15 25 29 12 8 35 29 20 19 15 38 6 11 20 16
49 14 13 5 5 1 41 16 33 31 22 7 16 37 39 38 29 40 11 37 27 0 41 11 8 43 27 10 12 36 35 8 41 40 30 19 41 29 34 15 14
24 31 30 36 37 42 4 27 10 34 37 48 31 49 2 40 28 42 32 47 29 41 0 30 46 9 44 33 34 23 30 48 1 48 12 43 14 24 39 46 41
38 5 7 6 8 12 30 7 22 24 17 18 12 34 28 32 20 34 7 32 18 11 30 0 16 32 24 7 11 26 26 19 30 35 19 18 31 19 28 18 13
48 15 18 10 12 8 45 21 36 26 16 13 23 30 44 32 26 34 17 30 24 8 46 16 0 48 20 16 19 36 32 14 46 33 34 12 46 29 28 8 8
33 33 30 38 38 44 13 27 17 41 43 48 29 56 10 47 35 49 32 54 36 43 9 32 48 0 50 33 32 31 37 48 10 55 17 47 5 31 46 48 43
37 19 31 25 27 27 43 30 34 12 7 33 36 10 42 15 17 17 30 10 15 27 44 24 20 50 0 30 34 27 20 34 44 13 33 8 51 21 11 12 13
44 12 3 6 5 11 34 6 26 31 23 15 7 40 31 39 27 41 1 38 25 10 33 7 16 33 30 0 4 33 33 16 33 41 23 23 31 26 35 21 18
46 16 4 10 7 13 35 7 27 35 27 16 4 44 32 43 31 45 4 42 29 12 34 11 19 32 34 4 0 36 37 16 34 45 24 26 30 29 39 25 21
12 22 32 31 34 37 19 29 14 15 21 43 36 29 21 17 10 19 33 26 12 36 23 26 36 31 27 33 36 0 7 44 22 27 16 27 34 7 18 32 28
17 21 33 30 33 35 26 31 20 8 17 42 38 22 28 10 6 12 33 19 8 35 30 26 32 37 20 33 37 7 0 43 29 20 21 23 40 8 11 28 24
57 22 18 13 12 8 49 21 41 39 29 1 20 44 46 45 37 47 17 44 35 8 48 19 14 48 34 16 16 44 43 0 48 47 38 26 46 37 41 22 21
23 31 30 36 38 42 3 27 10 34 37 48 32 49 2 39 28 41 32 47 29 41 1 30 46 10 44 33 34 22 29 48 0 48 12 43 15 24 39 46 41
36 30 42 37 40 40 46 41 38 14 18 46 47 4 46 10 20 10 42 3 20 40 48 35 33 55 13 41 45 27 20 47 48 0 38 21 57 24 10 25 26
23 19 20 25 27 31 11 17 3 24 26 37 23 39 10 31 18 32 22 37 19 30 12 19 34 17 33 23 24 16 21 38 12 38 0 31 19 14 29 34 29
39 14 24 17 19 19 42 25 33 16 6 25 29 18 41 21 17 23 23 18 15 19 43 18 12 47 8 23 26 27 23 26 43 21 31 0 47 21 17 5 5
38 33 28 36 36 42 18 25 20 43 44 46 26 58 15 50 37 51 30 56 38 41 14 31 46 5 51 31 30 34 40 46 15 57 19 47 0 33 48 48 43
19 15 25 24 27 30 22 23 14 10 15 36 30 25 22 17 4 18 26 23 6 29 24 19 29 31 21 26 29 7 8 37 24 24 14 21 33 0 15 25 21
28 23 35 31 34 34 37 34 29 5 12 40 40 11 37 4 11 6 35 8 11 34 39 28 28 46 11 35 39 18 11 41 39 10 29 17 48 15 0 22 20
44 15 23 15 18 15 45 25 36 21 11 21 28 22 44 26 22 28 22 22 20 15 46 18 8 48 12 21 25 32 28 22 46 25 34 5 48 25 22 0 5
40 10 19 12 14 14 40 20 31 18 8 20 24 23 39 24 18 26 18 23 16 14 41 13 8 43 13 18 21 28 24 21 41 26 29 5 43 21 20 5 0
0         627      
99        260      
16        202      
46        245      
72        249      
265       474      
0         142      
33        219      
0         168      
0         143      
211       414      
243       491      
77        299      
211       384      
0         162      
196       385      
0         140      
176       334      
42        217      
134       371      
122       270      
100       287      
0         180      
114       268      
240       407      
0         152      
145       395      
45        248      
18        273      
0         105      
0         142      
351       569      
0         148      
192       377      
0         157      
201       409      
347       537      
0         155      
98        302      
287       400      
333       583      
