41
0 14 7 23 2 31 28 29 24 37 43 30 41 29 34 24 25 13 5 39 3 36 31 26 23 5 5 22 21 36 33 37 44 37 23 24 17 10 37 27 23
14 0 21 17 16 28 26 28 29 34 33 17 37 32 32 10 16 3 13 27 17 41 38 13 12 9 11 11 7 33 33 39 36 41 28 10 3 8 24 27 25
7 21 0 29 5 35 32 31 26 41 49 37 45 31 36 31 31 20 10 45 4 35 30 32 30 12 11 28 28 38 35 39 49 38 25 31 24 17 43 29 25
23 17 29 0 25 12 10 13 19 17 21 15 20 19 16 20 5 20 26 18 25 30 28 11 26 20 18 7 17 17 18 25 21 28 18 22 17 24 17 13 13
2 16 5 25 0 33 30 30 25 39 45 32 43 30 35 26 27 15 6 41 1 35 30 28 25 7 7 24 23 37 34 38 46 38 24 26 19 12 39 28 24
31 28 35 12 33 0 3 5 15 6 22 25 10 13 4 32 15 31 36 23 32 24 23 22 38 30 27 19 29 5 9 16 16 19 15 34 29 35 23 7 11
28 26 32 10 30 3 0 4 13 9 23 24 13 12 6 30 14 28 33 24 29 23 22 21 36 27 24 17 27 8 9 16 18 19 13 32 27 32 23 6 8
29 28 31 13 30 5 4 0 9 10 27 28 14 8 5 33 18 31 34 28 29 19 18 24 39 28 25 20 30 7 5 12 21 15 9 35 30 33 27 2 6
24 29 26 19 25 15 13 9 0 19 36 34 23 5 14 37 24 30 29 37 24 12 9 30 41 25 22 25 34 16 10 13 30 13 1 39 31 32 36 7 6
37 34 41 17 39 6 9 10 19 0 21 29 5 15 5 37 20 37 42 24 38 25 25 26 43 36 33 24 34 3 10 16 13 20 19 39 34 41 25 12 16
43 33 49 21 45 22 23 27 36 21 0 18 18 35 25 31 18 36 45 7 45 46 45 20 38 39 38 22 30 24 31 37 10 41 36 34 32 41 10 29 31
30 17 37 15 32 25 24 28 34 29 18 0 29 34 29 13 10 20 30 11 33 45 43 5 20 26 26 10 12 30 33 40 24 43 33 16 15 24 8 28 28
41 37 45 20 43 10 13 14 23 5 18 29 0 20 10 39 21 40 45 22 42 30 30 27 45 39 37 26 36 8 15 20 9 24 23 41 37 44 24 16 20
29 32 31 19 30 13 12 8 5 15 35 34 20 0 11 39 24 33 34 36 29 11 10 30 43 29 26 26 36 12 5 8 28 9 6 41 33 36 35 6 7
34 32 36 16 35 4 6 5 14 5 25 29 10 11 0 36 19 34 39 27 34 21 21 26 42 33 30 23 33 2 6 12 17 16 14 38 33 38 27 7 11
24 10 31 20 26 32 30 33 37 37 31 13 39 39 36 0 18 11 22 24 27 49 46 12 7 19 21 13 3 37 38 45 37 48 36 3 7 15 21 33 32
25 16 31 5 27 15 14 18 24 20 18 10 21 24 19 18 0 19 27 14 27 35 33 7 24 21 20 5 15 20 23 30 20 33 23 20 16 24 12 18 18
13 3 20 20 15 31 28 31 30 37 36 20 40 33 34 11 19 0 11 30 16 42 39 16 11 8 10 14 8 36 35 41 39 42 29 11 5 5 27 29 26
5 13 10 26 6 36 33 34 29 42 45 30 45 34 39 22 27 11 0 40 7 41 36 26 20 6 9 23 19 41 38 42 47 42 28 21 16 7 37 32 28
39 27 45 18 41 23 24 28 37 24 7 11 22 36 27 24 14 30 40 0 41 47 46 14 31 34 34 17 23 26 32 39 15 42 36 27 26 35 3 30 31
3 17 4 25 1 32 29 29 24 38 45 33 42 29 34 27 27 16 7 41 0 34 29 28 26 8 7 24 24 36 33 37 45 37 23 27 20 13 39 27 23
36 41 35 30 35 24 23 19 12 25 46 45 30 11 21 49 35 42 41 47 34 0 5 41 53 37 34 37 46 22 15 10 38 6 13 51 43 44 46 17 18
31 38 30 28 30 23 22 18 9 25 45 43 30 10 21 46 33 39 36 46 29 5 0 39 50 32 29 34 43 22 15 12 38 9 10 48 40 39 45 16 15
26 13 32 11 28 22 21 24 30 26 20 5 27 30 26 12 7 16 26 14 28 41 39 0 19 21 21 5 10 27 29 36 25 39 29 15 12 21 11 24 24
23 12 30 26 25 38 36 39 41 43 38 20 45 43 42 7 24 11 20 31 26 53 50 19 0 18 21 19 9 43 44 51 44 52 40 4 10 13 28 39 36
5 9 12 20 7 30 27 28 25 36 39 26 39 29 33 19 21 8 6 34 8 37 32 21 18 0 3 17 16 35 32 37 41 38 24 19 12 7 32 26 22
5 11 11 18 7 27 24 25 22 33 38 26 37 26 30 21 20 10 9 34 7 34 29 21 21 3 0 17 18 32 29 34 39 35 21 21 14 10 32 23 19
22 11 28 7 24 19 17 20 25 24 22 10 26 26 23 13 5 14 23 17 24 37 34 5 19 17 17 0 10 24 25 32 25 35 24 15 11 19 15 20 20
21 7 28 17 23 29 27 30 34 34 30 12 36 36 33 3 15 8 19 23 24 46 43 10 9 16 18 10 0 34 35 42 35 45 33 5 4 13 20 30 29
36 33 38 17 37 5 8 7 16 3 24 30 8 12 2 37 20 36 41 26 36 22 22 27 43 35 32 24 34 0 7 13 16 17 16 39 34 40 27 9 13
33 33 35 18 34 9 9 5 10 10 31 33 15 5 6 38 23 35 38 32 33 15 15 29 44 32 29 25 35 7 0 7 23 10 10 40 35 38 32 6 10
37 39 39 25 38 16 16 12 13 16 37 40 20 8 12 45 30 41 42 39 37 10 12 36 51 37 34 32 42 13 7 0 29 4 14 47 41 44 39 12 15
44 36 49 21 46 16 18 21 30 13 10 24 9 28 17 37 20 39 47 15 45 38 38 25 44 41 39 25 35 16 23 29 0 33 30 40 36 44 17 23 26
37 41 38 28 38 19 19 15 13 20 41 43 24 9 16 48 33 42 42 42 37 6 9 39 52 38 35 35 45 17 10 4 33 0 14 50 42 45 42 15 16
23 28 25 18 24 15 13 9 1 19 36 33 23 6 14 36 23 29 28 36 23 13 10 29 40 24 21 24 33 16 10 14 30 14 0 38 30 31 35 7 5
24 10 31 22 26 34 32 35 39 39 34 16 41 41 38 3 20 11 21 27 27 51 48 15 4 19 21 15 5 39 40 47 40 50 38 0 8 14 24 35 34
17 3 24 17 19 29 27 30 31 34 32 15 37 33 33 7 16 5 16 26 20 43 40 12 10 12 14 11 4 34 35 41 36 42 30 8 0 9 23 29 26
10 8 17 24 12 35 32 33 32 41 41 24 44 36 38 15 24 5 7 35 13 44 39 21 13 7 10 19 13 40 38 44 44 45 31 14 9 0 32 32 29
37 24 43 17 39 23 23 27 36 25 10 8 24 35 27 21 12 27 37 3 39 46 45 11 28 32 32 15 20 27 32 39 17 42 35 24 23 32 0 29 30
27 27 29 13 28 7 6 2 7 12 29 28 16 6 7 33 18 29 32 30 27 17 16 24 39 26 23 20 30 9 6 12 23 15 7 35 29 32 29 0 4
23 25 25 13 24 11 8 6 6 16 31 28 20 7 11 32 18 26 28 31 23 18 15 24 36 22 19 20 29 13 10 15 26 16 5 34 26 29 30 4 0
0         558      
0         148      
0         64       
41        187      
0         109      
84        193      
59        226      
80        216      
125       276      
80        204      
226       374      
24        163      
325       516      
61        255      
64        256      
0         168      
179       340      
0         123      
0         90       
227       387      
0         63       
83        276      
152       298      
0         172      
3         144      
0         128      
164       306      
48        206      
0         123      
96        203      
116       269      
130       308      
294       467      
109       242      
337       510      
237       434      
0         118      
0         121      
238       395      
75        259      
299       462      
