41
0 17 7 3 43 17 22 18 8 14 32 34 2 31 7 24 29 13 9 35 33 28 35 5 19 7 11 8 15 40 7 31 17 20 24 37 20 14 14 28 13
17 0 24 17 26 29 16 1 9 17 31 25 18 15 17 11 30 18 24 24 22 15 23 18 9 11 17 17 8 25 24 18 22 13 15 27 14 27 10 15 11
7 24 0 8 50 15 26 25 15 19 35 38 6 38 12 30 31 18 5 40 38 34 42 8 25 14 15 12 22 47 1 37 21 26 29 41 25 12 20 35 19
3 17 8 0 43 20 25 18 8 11 35 37 2 30 4 23 32 10 7 38 36 26 37 8 17 10 14 11 18 42 8 29 14 18 27 40 23 17 12 31 16
43 26 50 43 0 49 28 25 35 41 39 25 44 21 43 27 41 42 50 21 21 28 16 43 31 36 38 39 28 6 50 29 45 35 25 25 28 49 35 15 32
17 29 15 20 49 0 21 30 22 31 22 31 18 44 24 39 18 30 20 34 33 43 37 12 34 18 12 12 22 45 16 46 34 35 24 33 21 3 29 34 18
22 16 26 25 28 21 0 16 18 29 15 12 24 28 27 26 14 30 31 14 12 30 15 18 24 15 12 14 8 24 27 33 34 28 3 15 2 21 23 13 9
18 1 25 18 25 30 16 0 10 18 31 24 19 14 18 10 30 19 25 24 22 14 22 19 9 12 18 18 8 24 25 17 23 13 15 27 14 28 11 14 12
8 9 15 8 35 22 18 10 0 11 31 30 9 23 9 17 29 12 15 31 29 21 30 11 12 5 12 10 11 34 15 24 16 13 20 33 16 20 7 23 9
14 17 19 11 41 31 29 18 11 0 42 40 13 23 7 15 40 1 16 41 39 18 40 19 10 16 23 21 21 42 19 20 5 8 30 43 27 28 7 32 20
32 31 35 35 39 22 15 31 31 42 0 14 34 42 39 41 4 43 40 18 18 45 23 27 39 27 21 24 23 33 36 48 47 43 16 15 17 25 38 25 22
34 25 38 37 25 31 12 24 30 40 14 0 36 32 39 34 17 41 43 4 4 37 9 30 33 27 24 26 19 19 39 40 45 37 10 3 14 32 34 13 21
2 18 6 2 44 18 24 19 9 13 34 36 0 32 6 24 31 12 7 37 35 28 37 7 19 9 13 10 17 42 6 31 16 20 26 39 22 15 14 30 15
31 15 38 30 21 44 28 14 23 23 42 32 32 0 28 7 42 24 37 30 28 7 27 33 12 26 32 32 22 23 38 8 26 15 26 33 27 42 17 19 26
7 17 12 4 43 24 27 18 9 7 39 39 6 28 0 20 36 6 9 40 38 24 39 12 15 12 18 15 20 42 12 26 10 14 29 42 25 21 10 32 18
24 11 30 23 27 39 26 10 17 15 41 34 24 7 20 0 40 16 29 32 30 4 29 28 5 21 27 27 18 29 30 7 19 8 25 35 24 37 10 21 22
29 30 31 32 41 18 14 30 29 40 4 17 31 42 36 40 0 41 36 21 20 44 25 24 38 25 18 21 22 35 32 47 45 42 17 18 16 21 36 27 20
13 18 18 10 42 30 30 19 12 1 43 41 12 24 6 16 41 0 15 42 40 19 41 18 11 16 23 21 22 43 18 21 4 9 31 44 28 27 8 33 21
9 24 5 7 50 20 31 25 15 16 40 43 7 37 9 29 36 15 0 44 42 33 44 13 24 16 20 17 24 49 5 35 17 23 33 46 29 17 19 37 22
35 24 40 38 21 34 14 24 31 41 18 4 37 30 40 32 21 42 44 0 2 35 5 32 33 28 25 28 20 15 41 38 46 37 11 4 15 35 34 11 22
33 22 38 36 21 33 12 22 29 39 18 4 35 28 38 30 20 40 42 2 0 33 5 30 31 26 23 26 18 15 39 36 44 35 9 5 13 33 32 9 20
28 15 34 26 28 43 30 14 21 18 45 37 28 7 24 4 44 19 33 35 33 0 32 32 9 25 31 31 22 30 34 3 21 10 29 38 28 41 14 24 26
35 23 42 37 16 37 15 22 30 40 23 9 37 27 39 29 25 41 44 5 5 32 0 33 31 27 27 29 19 10 42 34 45 35 12 9 16 36 33 8 23
5 18 8 8 43 12 18 19 11 19 27 30 7 33 12 28 24 18 13 32 30 32 33 0 23 7 7 4 15 40 9 35 22 24 21 33 17 9 18 28 11
19 9 25 17 31 34 24 9 12 10 39 33 19 12 15 5 38 11 24 33 31 9 31 23 0 16 23 22 16 32 25 12 14 4 24 36 22 32 5 23 18
7 11 14 10 36 18 15 12 5 16 27 27 9 26 12 21 25 16 16 28 26 25 27 7 16 0 7 6 8 33 14 28 20 18 17 30 13 16 12 21 6
11 17 15 14 38 12 12 18 12 23 21 24 13 32 18 27 18 23 20 25 23 31 27 7 23 7 0 3 10 35 16 34 27 25 14 26 10 11 19 23 6
8 17 12 11 39 12 14 18 10 21 24 26 10 32 15 27 21 21 17 28 26 31 29 4 22 6 3 0 11 36 13 34 25 23 17 29 13 10 17 24 7
15 8 22 18 28 22 8 8 11 21 23 19 17 22 20 18 22 22 24 20 18 22 19 15 16 8 10 11 0 25 22 25 26 20 9 22 6 21 15 13 4
40 25 47 42 6 45 24 24 34 42 33 19 42 23 42 29 35 43 49 15 15 30 10 40 32 33 35 36 25 0 47 31 46 36 21 19 25 45 35 12 29
7 24 1 8 50 16 27 25 15 19 36 39 6 38 12 30 32 18 5 41 39 34 42 9 25 14 16 13 22 47 0 37 20 26 30 42 26 13 20 35 20
31 18 37 29 29 46 33 17 24 20 48 40 31 8 26 7 47 21 35 38 36 3 34 35 12 28 34 34 25 31 37 0 22 12 32 41 31 44 17 27 29
17 22 21 14 45 34 34 23 16 5 47 45 16 26 10 19 45 4 17 46 44 21 45 22 14 20 27 25 26 46 20 22 0 11 35 48 32 31 12 37 25
20 13 26 18 35 35 28 13 13 8 43 37 20 15 14 8 42 9 23 37 35 10 35 24 4 18 25 23 20 36 26 12 11 0 28 40 26 33 6 27 22
24 15 29 27 25 24 3 15 20 30 16 10 26 26 29 25 17 31 33 11 9 29 12 21 24 17 14 17 9 21 30 32 35 28 0 13 4 24 24 10 11
37 27 41 40 25 33 15 27 33 43 15 3 39 33 42 35 18 44 46 4 5 38 9 33 36 30 26 29 22 19 42 41 48 40 13 0 17 35 37 14 24
20 14 25 23 28 21 2 14 16 27 17 14 22 27 25 24 16 28 29 15 13 28 16 17 22 13 10 13 6 25 26 31 32 26 4 17 0 21 21 13 7
14 27 12 17 49 3 21 28 20 28 25 32 15 42 21 37 21 27 17 35 33 41 36 9 32 16 11 10 21 45 13 44 31 33 24 35 21 0 27 34 17
14 10 20 12 35 29 23 11 7 7 38 34 14 17 10 10 36 8 19 34 32 14 33 18 5 12 19 17 15 35 20 17 12 6 24 37 21 27 0 25 16
28 15 35 31 15 34 13 14 23 32 25 13 30 19 32 21 27 33 37 11 9 24 8 28 23 21 23 24 13 12 35 27 37 27 10 14 13 34 25 0 17
13 11 19 16 32 18 9 12 9 20 22 21 15 26 18 22 20 21 22 22 20 26 23 11 18 6 6 7 4 29 20 29 25 22 11 24 7 17 16 17 0
0         575      
50        161      
364       508      
0         87       
412       531      
240       392      
122       237      
82        214      
0         123      
0         101      
170       328      
131       270      
0         144      
61        190      
0         79       
72        175      
193       358      
0         72       
281       432      
120       249      
146       313      
49        203      
139       259      
0         124      
34        163      
7         169      
0         132      
245       362      
10        181      
138       302      
265       424      
303       443      
0         79       
0         114      
97        241      
136       250      
196       327      
243       371      
0         99       
95        228      
359       490      
