41
0 34 32 47 43 43 36 33 13 7 4 42 27 51 31 18 4 52 6 4 32 41 42 30 16 19 30 9 20 30 41 35 6 37 19 38 16 13 28 26 32
34 0 37 40 10 17 26 23 22 29 30 32 29 42 50 43 36 43 31 33 8 45 20 37 29 33 33 32 22 14 12 52 29 27 24 4 28 21 14 8 51
32 37 0 18 37 31 16 17 34 25 31 18 8 22 18 21 29 23 35 27 29 9 27 2 16 12 5 38 18 23 33 17 33 17 17 39 17 30 23 31 17
47 40 18 0 34 25 14 17 45 40 46 8 19 4 36 39 45 5 49 43 32 15 21 20 30 28 17 52 28 26 30 33 47 13 28 40 31 41 27 36 35
43 10 37 34 0 9 22 20 31 37 39 26 30 36 54 48 44 37 40 41 11 43 13 38 33 36 32 41 25 15 4 53 38 22 27 7 32 30 16 17 53
43 17 31 25 9 0 15 14 34 37 40 17 24 27 48 46 44 28 41 41 13 35 4 32 31 33 26 43 24 13 5 47 39 15 26 15 31 31 15 20 47
36 26 16 14 22 15 0 3 32 28 33 6 11 16 33 34 35 17 36 32 18 21 11 17 20 21 12 39 15 12 18 32 34 1 17 26 21 28 13 22 33
33 23 17 17 20 14 3 0 29 26 31 9 10 19 34 33 32 20 34 30 15 23 10 17 19 20 12 37 13 9 16 32 32 4 14 24 19 25 10 19 33
13 22 34 45 31 34 32 29 0 12 9 38 26 48 39 28 16 49 9 14 21 43 34 33 19 24 30 10 17 22 30 42 7 33 17 26 18 4 20 14 40
7 29 25 40 37 37 28 26 12 0 6 34 21 44 27 16 7 45 10 4 26 34 35 23 10 13 24 13 13 24 35 31 8 29 12 33 9 9 22 21 28
4 30 31 46 39 40 33 31 9 6 0 39 26 49 33 20 7 50 4 6 28 40 39 29 16 19 30 7 18 27 37 37 2 34 17 34 15 9 25 22 34
42 32 18 8 26 17 6 9 38 34 39 0 15 10 36 38 41 11 42 38 24 19 13 20 26 25 15 45 21 18 22 34 40 5 23 32 27 34 19 28 35
27 29 8 19 30 24 11 10 26 21 26 15 0 23 24 23 26 24 30 23 21 17 20 8 11 10 4 33 10 15 26 23 27 12 9 31 12 22 15 23 23
51 42 22 4 36 27 16 19 48 44 49 10 23 0 40 43 49 1 52 46 34 19 23 24 34 32 21 55 31 28 32 37 50 15 32 42 35 44 29 38 39
31 50 18 36 54 48 33 34 39 27 33 36 24 40 0 13 27 41 37 27 44 21 44 16 22 17 21 40 28 38 49 4 35 33 26 53 23 36 37 42 1
18 43 21 39 48 46 34 33 28 16 20 38 23 43 13 0 14 44 24 14 37 29 43 19 15 13 23 27 22 33 44 17 22 35 20 47 15 25 31 35 14
4 36 29 45 44 44 35 32 16 7 7 41 26 49 27 14 0 50 10 3 33 38 42 27 15 17 28 13 20 31 42 31 9 36 18 40 14 15 29 28 28
52 43 23 5 37 28 17 20 49 45 50 11 24 1 41 44 50 0 53 47 35 20 24 25 35 33 22 56 32 29 33 38 51 16 33 43 36 45 30 39 40
6 31 35 49 40 41 36 34 9 10 4 42 30 52 37 24 10 53 0 10 29 44 41 33 19 23 33 3 21 28 38 41 2 37 20 35 18 10 26 23 38
4 33 27 43 41 41 32 30 14 4 6 38 23 46 27 14 3 47 10 0 30 36 39 25 12 15 26 13 17 28 39 31 8 33 16 37 12 13 26 25 28
32 8 29 32 11 13 18 15 21 26 28 24 21 34 44 37 33 35 29 30 0 37 14 29 22 26 25 31 15 6 9 44 27 19 17 10 22 19 6 7 44
41 45 9 15 43 35 21 23 43 34 40 19 17 19 21 29 38 20 44 36 37 0 31 11 25 21 13 47 27 31 38 18 42 20 26 47 26 39 31 40 20
42 20 27 21 13 4 11 10 34 35 39 13 20 23 44 43 42 24 41 39 14 31 0 27 29 30 22 43 22 12 9 42 38 11 24 19 29 31 14 21 43
30 37 2 20 38 32 17 17 33 23 29 20 8 24 16 19 27 25 33 25 29 11 27 0 14 10 5 36 17 23 33 15 31 17 16 39 15 29 23 31 16
16 29 16 30 33 31 20 19 19 10 16 26 11 34 22 15 15 35 19 12 22 25 29 14 0 5 14 22 7 18 29 24 17 21 5 32 1 15 16 21 22
19 33 12 28 36 33 21 20 24 13 19 25 10 32 17 13 17 33 23 15 26 21 30 10 5 0 11 26 11 21 32 19 21 22 9 36 6 20 20 25 18
30 33 5 17 32 26 12 12 30 24 30 15 4 21 21 23 28 22 33 26 25 13 22 5 14 11 0 36 14 19 28 20 31 12 13 35 15 26 19 27 21
9 32 38 52 41 43 39 37 10 13 7 45 33 55 40 27 13 56 3 13 31 47 43 36 22 26 36 0 24 31 40 44 5 40 23 36 21 12 29 24 41
20 22 18 28 25 24 15 13 17 13 18 21 10 31 28 22 20 32 21 17 15 27 22 17 7 11 14 24 0 11 22 30 19 16 2 25 7 13 9 14 29
30 14 23 26 15 13 12 9 22 24 27 18 15 28 38 33 31 29 28 28 6 31 12 23 18 21 19 31 11 0 11 38 26 13 13 16 18 19 2 10 38
41 12 33 30 4 5 18 16 30 35 37 22 26 32 49 44 42 33 38 39 9 38 9 33 29 32 28 40 22 11 0 48 36 18 24 10 29 28 13 16 49
35 52 17 33 53 47 32 32 42 31 37 34 23 37 4 17 31 38 41 31 44 18 42 15 24 19 20 44 30 38 48 0 39 32 28 54 25 39 38 44 3
6 29 33 47 38 39 34 32 7 8 2 40 27 50 35 22 9 51 2 8 27 42 38 31 17 21 31 5 19 26 36 39 0 35 18 33 16 8 24 21 36
37 27 17 13 22 15 1 4 33 29 34 5 12 15 33 35 36 16 37 33 19 20 11 17 21 22 12 40 16 13 18 32 35 0 18 27 22 29 14 23 33
19 24 17 28 27 26 17 14 17 12 17 23 9 32 26 20 18 33 20 16 17 26 24 16 5 9 13 23 2 13 24 28 18 18 0 27 5 13 11 16 27
38 4 39 40 7 15 26 24 26 33 34 32 31 42 53 47 40 43 35 37 10 47 19 39 32 36 35 36 25 16 10 54 33 27 27 0 32 25 16 12 54
16 28 17 31 32 31 21 19 18 9 15 27 12 35 23 15 14 36 18 12 22 26 29 15 1 6 15 21 7 18 29 25 16 22 5 32 0 14 16 20 23
13 21 30 41 30 31 28 25 4 9 9 34 22 44 36 25 15 45 10 13 19 39 31 29 15 20 26 12 13 19 28 39 8 29 13 25 14 0 17 13 37
28 14 23 27 16 15 13 10 20 22 25 19 15 29 37 31 29 30 26 26 6 31 14 23 16 20 19 29 9 2 13 38 24 14 11 16 16 17 0 9 38
26 8 31 36 17 20 22 19 14 21 22 28 23 38 42 35 28 39 23 25 7 40 21 31 21 25 27 24 14 10 16 44 21 23 16 12 20 13 9 0 43
32 51 17 35 53 47 33 33 40 28 34 35 23 39 1 14 28 40 38 28 44 20 43 16 22 18 21 41 29 38 49 3 36 33 27 54 23 37 38 43 0
0         662      
313       449      
187       319      
156       286      
340       451      
119       247      
58        191      
70        187      
0         101      
0         62       
0         82       
169       303      
33        161      
365       482      
278       391      
218       350      
0         62       
167       284      
0         81       
249       360      
83        197      
500       621      
120       242      
49        169      
20        140      
22        145      
57        171      
0         111      
5         122      
74        204      
132       236      
202       324      
0         92       
133       260      
28        145      
450       574      
284       404      
3         125      
92        221      
89        216      
399       519      
