41
0 33 31 29 8 24 25 19 9 32 22 28 37 27 18 32 16 16 31 17 12 24 17 26 29 20 12 14 24 33 22 10 24 30 31 6 9 24 17 21 9
33 0 8 5 40 54 31 18 37 14 12 23 16 38 20 16 18 42 31 20 27 15 35 13 47 19 34 36 17 11 12 43 10 5 12 39 37 10 43 17 42
31 8 0 4 39 49 24 13 36 21 13 28 24 41 14 23 15 36 23 15 22 8 36 6 49 21 33 31 10 3 9 41 7 12 19 37 36 12 38 19 40
29 5 4 0 37 49 26 14 34 17 9 24 20 37 16 19 14 37 27 16 23 10 32 8 45 17 31 32 12 7 7 39 5 8 15 35 34 8 39 15 38
8 40 39 37 0 25 33 27 5 36 28 29 41 23 26 36 24 20 39 25 20 32 13 34 23 24 10 20 32 41 30 8 32 36 35 3 5 30 21 25 3
24 54 49 49 25 0 31 35 30 56 45 52 61 48 34 56 35 11 38 32 26 39 38 41 48 44 34 16 38 48 41 17 43 53 55 23 30 47 9 45 22
25 31 24 26 33 31 0 15 34 41 29 43 45 49 13 43 18 20 7 13 13 16 40 18 54 34 35 15 14 23 21 31 23 33 39 30 34 29 22 33 33
19 18 13 14 27 35 15 0 26 26 14 28 30 37 2 28 4 23 18 2 9 5 29 7 43 19 25 18 5 14 6 29 8 18 24 25 26 14 25 18 28
9 37 36 34 5 30 34 26 0 31 25 24 36 19 26 31 22 24 40 25 21 30 9 32 20 19 5 23 31 38 27 13 29 33 30 7 0 27 25 21 8
32 14 21 17 36 56 41 26 31 0 12 10 5 26 28 2 23 46 43 28 32 26 26 24 36 12 27 41 28 24 20 42 18 9 2 36 31 12 48 11 38
22 12 13 9 28 45 29 14 25 12 0 15 17 27 16 14 11 34 31 16 20 14 23 13 36 8 22 29 16 16 8 32 7 8 10 27 25 2 36 6 30
28 23 28 24 29 52 43 28 24 10 15 0 14 16 30 9 25 43 46 30 32 29 17 28 26 9 19 40 31 31 23 36 22 17 10 30 24 16 45 10 32
37 16 24 20 41 61 45 30 36 5 17 14 0 30 32 5 28 51 47 32 37 30 31 28 40 17 32 46 32 27 24 47 22 12 7 41 36 16 53 16 43
27 38 41 37 23 48 49 37 19 26 27 16 30 0 38 25 33 43 54 37 36 40 10 39 10 19 15 41 41 43 34 31 34 33 26 26 19 29 44 21 26
18 20 14 16 26 34 13 2 26 28 16 30 32 38 0 30 5 22 16 1 8 6 30 8 44 21 26 17 6 15 8 28 10 20 26 24 26 16 24 20 27
32 16 23 19 36 56 43 28 31 2 14 9 5 25 30 0 25 47 45 30 34 28 26 26 35 12 27 43 30 26 22 42 20 11 4 36 31 14 49 12 38
16 18 15 14 24 35 18 4 22 23 11 25 28 33 5 25 0 24 21 5 9 8 25 10 39 16 21 18 9 17 6 26 8 18 21 22 22 12 25 15 25
16 42 36 37 20 11 20 23 24 46 34 43 51 43 22 47 24 0 27 21 14 28 33 30 43 35 28 5 27 37 29 14 31 41 44 17 24 35 2 35 18
31 31 23 27 39 38 7 18 40 43 31 46 47 54 16 45 21 27 0 17 19 17 46 19 59 37 41 22 15 21 23 38 25 35 41 36 40 31 29 36 39
17 20 15 16 25 32 13 2 25 28 16 30 32 37 1 30 5 21 17 0 7 7 29 9 43 21 25 16 7 16 8 27 10 20 26 23 25 16 23 20 26
12 27 22 23 20 26 13 9 21 32 20 32 37 36 8 34 9 14 19 7 0 14 27 16 40 23 22 9 14 23 15 20 17 27 30 17 21 21 16 22 20
24 15 8 10 32 39 16 5 30 26 14 29 30 40 6 28 8 28 17 7 14 0 33 2 47 21 29 23 2 9 6 34 8 18 24 30 30 14 30 19 33
17 35 36 32 13 38 40 29 9 26 23 17 31 10 30 26 25 33 46 29 27 33 0 33 14 16 5 31 34 39 28 21 29 31 26 16 9 25 34 18 16
26 13 6 8 34 41 18 7 32 24 13 28 28 39 8 26 10 30 19 9 16 2 33 0 47 20 30 25 4 7 5 36 6 16 22 32 32 12 32 18 35
29 47 49 45 23 48 54 43 20 36 36 26 40 10 44 35 39 43 59 43 40 47 14 47 0 28 18 43 48 52 42 31 43 42 36 26 20 38 44 30 26
20 19 21 17 24 44 34 19 19 12 8 9 17 19 21 12 16 35 37 21 23 21 16 20 28 0 15 31 23 24 15 30 15 15 11 24 19 10 37 2 26
12 34 33 31 10 34 35 25 5 27 22 19 32 15 26 27 21 28 41 25 22 29 5 30 18 15 0 26 30 36 25 17 26 30 26 11 5 24 29 17 13
14 36 31 32 20 16 15 18 23 41 29 40 46 41 17 43 18 5 22 16 9 23 31 25 43 31 26 0 22 32 24 16 26 36 39 17 23 30 7 31 19
24 17 10 12 32 38 14 5 31 28 16 31 32 41 6 30 9 27 15 7 14 2 34 4 48 23 30 22 0 10 8 34 10 20 26 30 31 16 29 21 33
33 11 3 7 41 48 23 14 38 24 16 31 27 43 15 26 17 37 21 16 23 9 39 7 52 24 36 32 10 0 11 43 10 15 22 39 38 15 39 22 42
22 12 9 7 30 41 21 6 27 20 8 23 24 34 8 22 6 29 23 8 15 6 28 5 42 15 25 24 8 11 0 32 2 12 18 28 27 8 31 13 31
10 43 41 39 8 17 31 29 13 42 32 36 47 31 28 42 26 14 38 27 20 34 21 36 31 30 17 16 34 43 32 0 34 40 41 6 13 34 14 31 5
24 10 7 5 32 43 23 8 29 18 7 22 22 34 10 20 8 31 25 10 17 8 29 6 43 15 26 26 10 10 2 34 0 10 16 30 29 6 33 13 33
30 5 12 8 36 53 33 18 33 9 8 17 12 33 20 11 18 41 35 20 27 18 31 16 42 15 30 36 20 15 12 40 10 0 7 35 33 7 43 13 38
31 12 19 15 35 55 39 24 30 2 10 10 7 26 26 4 21 44 41 26 30 24 26 22 36 11 26 39 26 22 18 41 16 7 0 35 30 10 46 10 37
6 39 37 35 3 23 30 25 7 36 27 30 41 26 24 36 22 17 36 23 17 30 16 32 26 24 11 17 30 39 28 6 30 35 35 0 7 29 18 25 3
9 37 36 34 5 30 34 26 0 31 25 24 36 19 26 31 22 24 40 25 21 30 9 32 20 19 5 23 31 38 27 13 29 33 30 7 0 27 25 21 8
24 10 12 8 30 47 29 14 27 12 2 16 16 29 16 14 12 35 31 16 21 14 25 12 38 10 24 30 16 15 8 34 6 7 10 29 27 0 37 8 32
17 43 38 39 21 9 22 25 25 48 36 45 53 44 24 49 25 2 29 23 16 30 34 32 44 37 29 7 29 39 31 14 33 43 46 18 25 37 0 37 18
21 17 19 15 25 45 33 18 21 11 6 10 16 21 20 12 15 35 36 20 22 19 18 18 30 2 17 31 21 22 13 31 13 13 10 25 21 8 37 0 27
9 42 40 38 3 22 33 28 8 38 30 32 43 26 27 38 25 18 39 26 20 33 16 35 26 26 13 19 33 42 31 5 33 38 37 3 8 32 18 27 0
0         549      
51        273      
108       265      
44        203      
0         127      
228       384      
189       400      
71        301      
0         125      
111       357      
30        203      
0         156      
36        184      
344       511      
141       410      
24        209      
24        302      
230       484      
131       416      
39        286      
346       537      
90        382      
0         152      
99        227      
0         161      
0         178      
0         72       
204       440      
45        291      
180       303      
88        258      
253       486      
18        269      
0         200      
0         168      
296       454      
0         149      
51        231      
209       407      
0         233      
361       493      
