41
0 49 38 12 12 31 27 13 19 19 29 34 47 2 13 15 34 48 15 5 24 41 28 27 33 41 5 47 17 18 18 22 29 10 40 26 31 12 22 43 37
49 0 36 37 37 17 25 38 29 31 21 14 10 49 36 35 19 6 33 45 32 7 37 21 25 12 43 35 33 30 30 27 31 38 11 30 38 36 41 10 34
38 36 0 28 31 31 36 26 29 23 22 32 27 37 36 25 18 30 28 33 16 33 48 27 43 24 34 9 24 29 26 34 44 30 25 15 51 28 46 40 2
12 37 28 0 4 20 19 2 9 7 17 23 35 12 9 3 22 36 4 8 12 30 25 16 27 29 7 36 5 8 7 14 25 2 28 14 28 1 20 32 26
12 37 31 4 0 19 16 6 7 9 18 22 36 12 5 6 24 37 4 10 15 29 21 15 24 30 7 39 7 6 7 11 21 3 29 16 24 3 16 31 29
31 17 31 20 19 0 8 21 12 15 9 3 21 31 19 19 14 20 16 28 21 10 21 5 12 15 26 35 17 13 13 10 16 21 13 19 23 19 24 12 29
27 25 36 19 16 8 0 21 10 16 14 11 29 28 14 20 20 28 15 26 24 18 13 9 8 23 23 40 18 11 13 5 8 18 21 22 15 18 16 17 34
13 38 26 2 6 21 21 0 11 7 17 24 35 12 11 2 22 36 6 8 11 31 27 17 29 29 8 35 4 10 8 16 27 4 28 13 30 3 22 33 25
19 29 29 9 7 12 10 11 0 6 12 15 30 19 9 10 18 29 5 17 14 22 19 8 18 24 14 36 8 1 3 5 16 9 22 14 22 8 18 24 27
19 31 23 7 9 15 16 7 6 0 10 18 28 19 13 4 15 29 5 14 8 24 25 10 24 22 14 30 2 5 3 11 22 9 21 8 27 7 22 27 21
29 21 22 17 18 9 14 17 12 10 0 11 18 29 21 14 6 19 14 24 12 14 27 5 21 12 24 26 12 13 11 14 22 19 11 10 29 17 28 20 20
34 14 32 23 22 3 11 24 15 18 11 0 18 34 22 22 14 17 19 31 23 7 23 8 13 13 29 35 20 16 16 13 18 24 11 21 25 22 27 9 30
47 10 27 35 36 21 29 35 30 28 18 18 0 47 39 32 14 4 32 42 27 13 41 22 31 6 42 25 30 31 29 31 36 37 8 25 43 35 45 19 25
2 49 37 12 12 31 28 12 19 19 29 34 47 0 15 14 34 48 15 4 23 41 30 27 35 41 5 46 16 18 18 23 31 10 40 25 33 12 24 43 36
13 36 36 9 5 19 14 11 9 13 21 22 39 15 0 11 27 38 8 14 20 29 16 17 20 33 10 43 12 8 10 9 16 8 31 21 19 8 11 31 34
15 35 25 3 6 19 20 2 10 4 14 22 32 14 11 0 19 33 5 10 9 28 27 14 28 26 10 33 2 9 7 15 26 5 25 11 30 3 22 31 23
34 19 18 22 24 14 20 22 18 15 6 14 14 34 27 19 0 15 20 29 13 15 33 11 26 8 29 21 17 19 17 20 28 24 8 11 35 22 34 22 16
48 6 30 36 37 20 28 36 29 29 19 17 4 48 38 33 15 0 33 43 28 10 40 21 28 7 43 29 31 30 30 30 34 38 8 26 41 36 44 16 29
15 33 28 4 4 16 15 6 5 5 14 19 32 15 8 5 20 33 0 12 12 26 22 12 23 26 10 35 4 4 3 10 21 5 25 13 25 3 19 28 26
5 45 33 8 10 28 26 8 17 14 24 31 42 4 14 10 29 43 12 0 19 38 30 24 33 36 4 42 12 15 15 20 30 7 35 21 33 9 24 40 32
24 32 16 12 15 21 24 11 14 8 12 23 27 23 20 9 13 28 12 19 0 26 33 16 31 21 19 24 8 13 11 19 30 14 21 2 35 12 30 32 14
41 7 33 30 29 10 18 31 22 24 14 7 13 41 29 28 15 10 26 38 26 0 30 14 18 10 36 33 26 23 23 20 24 31 8 24 31 29 34 7 31
28 37 48 25 21 21 13 27 19 25 27 23 41 30 16 27 33 40 22 30 33 30 0 22 12 36 26 53 26 19 21 14 6 24 34 33 3 24 7 27 46
27 21 27 16 15 5 9 17 8 10 5 8 22 27 17 14 11 21 12 24 16 14 22 0 16 16 22 31 12 9 9 9 17 17 14 14 24 15 23 17 25
33 25 43 27 24 12 8 29 18 24 21 13 31 35 20 28 26 28 23 33 31 18 12 16 0 26 30 47 26 19 21 13 6 26 24 30 13 26 17 15 41
41 12 24 29 30 15 23 29 24 22 12 13 6 41 33 26 8 7 26 36 21 10 36 16 26 0 36 24 24 25 23 25 31 31 2 19 38 29 39 17 22
5 43 34 7 7 26 23 8 14 14 24 29 42 5 10 10 29 43 10 4 19 36 26 22 30 36 0 43 12 13 13 18 26 5 35 21 29 7 20 38 33
47 35 9 36 39 35 40 35 36 30 26 35 25 46 43 33 21 29 35 42 24 33 53 31 47 24 43 0 31 35 33 40 48 38 25 22 55 36 52 40 10
17 33 24 5 7 17 18 4 8 2 12 20 30 16 12 2 17 31 4 12 8 26 26 12 26 24 12 31 0 7 5 13 24 7 23 9 29 5 23 29 22
18 30 29 8 6 13 11 10 1 5 13 16 31 18 8 9 19 30 4 15 13 23 19 9 19 25 13 35 7 0 2 6 17 8 23 13 22 7 17 25 26
18 30 26 7 7 13 13 8 3 3 11 16 29 18 10 7 17 30 3 15 11 23 21 9 21 23 13 33 5 2 0 8 19 8 22 11 24 6 19 25 24
22 27 34 14 11 10 5 16 5 11 14 13 31 23 9 15 20 30 10 20 19 20 14 9 13 25 18 40 13 6 8 0 11 13 23 19 17 13 14 22 32
29 31 44 25 21 16 8 27 16 22 22 18 36 31 16 26 28 34 21 30 30 24 6 17 6 31 26 48 24 17 19 11 0 24 29 30 7 24 11 21 42
10 38 30 2 3 21 18 4 9 9 19 24 37 10 8 5 24 38 5 7 14 31 24 17 26 31 5 38 7 8 8 13 24 0 30 16 27 2 19 33 28
40 11 25 28 29 13 21 28 22 21 11 11 8 40 31 25 8 8 25 35 21 8 34 14 24 2 35 25 23 23 22 23 29 30 0 19 36 28 37 15 23
26 30 15 14 16 19 22 13 14 8 10 21 25 25 21 11 11 26 13 21 2 24 33 14 30 19 21 22 9 13 11 19 30 16 19 0 35 14 30 30 13
31 38 51 28 24 23 15 30 22 27 29 25 43 33 19 30 35 41 25 33 35 31 3 24 13 38 29 55 29 22 24 17 7 27 36 35 0 27 9 28 48
12 36 28 1 3 19 18 3 8 7 17 22 35 12 8 3 22 36 3 9 12 29 24 15 26 29 7 36 5 7 6 13 24 2 28 14 27 0 19 31 26
22 41 46 20 16 24 16 22 18 22 28 27 45 24 11 22 34 44 19 24 30 34 7 23 17 39 20 52 23 17 19 14 11 19 37 30 9 19 0 32 43
43 10 40 32 31 12 17 33 24 27 20 9 19 43 31 31 22 16 28 40 32 7 27 17 15 17 38 40 29 25 25 22 21 33 15 30 28 31 32 0 38
37 34 2 26 29 29 34 25 27 21 20 30 25 36 34 23 16 29 26 32 14 31 46 25 41 22 33 10 22 26 24 32 42 28 23 13 48 26 43 38 0
0         559      
237       391      
169       355      
0         148      
0         108      
126       266      
31        201      
0         93       
52        235      
0         112      
105       244      
65        256      
259       407      
0         86       
0         179      
0         93       
151       308      
377       510      
0         144      
0         99       
163       338      
124       276      
291       465      
111       241      
3         164      
246       380      
0         112      
194       358      
0         87       
0         140      
0         126      
0         192      
15        182      
0         153      
125       318      
143       323      
57        203      
4         133      
23        191      
110       271      
323       508      
