41
0 6 31 26 26 14 23 32 37 49 43 43 29 30 34 26 13 8 8 29 19 24 42 13 33 28 7 5 20 19 25 25 18 26 11 45 32 34 17 42 39
6 0 37 29 25 10 21 38 42 52 44 46 29 36 40 27 7 14 14 35 24 29 48 10 36 29 1 11 17 24 26 31 24 32 8 46 33 36 18 43 41
31 37 0 26 43 44 42 6 11 35 45 36 41 6 5 33 44 23 23 7 18 18 18 42 29 31 38 26 45 19 37 11 13 6 40 47 33 30 30 40 34
26 29 26 0 19 28 19 22 24 23 20 17 15 30 25 8 34 21 21 19 11 8 25 26 7 5 30 25 25 10 12 15 20 21 25 22 7 8 11 17 13
26 25 43 19 0 19 4 40 43 37 20 30 5 45 43 11 27 26 26 37 25 26 44 17 22 14 26 28 10 24 7 32 32 37 18 21 16 21 13 21 24
14 10 44 28 19 0 15 43 47 51 38 45 23 44 45 23 8 21 21 40 27 31 50 2 35 26 9 19 9 26 21 35 31 38 4 40 30 34 17 39 38
23 21 42 19 4 15 0 40 43 40 23 32 8 44 43 12 23 24 24 37 24 26 44 13 24 15 22 25 6 23 8 32 31 36 14 25 18 23 12 24 26
32 38 6 22 40 43 40 0 5 29 40 30 37 12 3 29 45 24 24 3 16 14 12 41 24 27 39 27 43 17 33 8 14 7 39 42 29 25 28 35 29
37 42 11 24 43 47 43 5 0 25 40 28 39 17 6 32 49 28 28 7 20 17 7 44 24 29 43 32 46 20 36 12 19 12 43 42 29 25 31 35 28
49 52 35 23 37 51 40 29 25 0 24 8 32 41 31 27 57 41 41 28 30 24 20 48 16 24 53 45 45 29 31 29 38 34 48 26 21 16 34 19 13
43 44 45 20 20 38 23 40 40 24 0 16 15 50 43 17 46 39 39 38 31 28 38 36 16 16 45 42 29 30 18 35 40 41 37 2 13 15 26 5 12
43 46 36 17 30 45 32 30 28 8 16 0 24 42 33 20 51 38 38 29 28 22 24 41 10 17 47 42 38 27 24 28 36 34 41 18 13 9 27 11 5
29 29 41 15 5 23 8 37 39 32 15 24 0 43 40 7 31 26 26 34 23 22 40 21 17 10 30 29 14 22 4 29 32 35 22 17 11 16 13 16 19
30 36 6 30 45 44 44 12 17 41 50 42 43 0 11 36 43 23 23 13 20 21 24 42 34 34 37 25 45 21 39 14 13 8 40 52 36 35 32 45 39
34 40 5 25 43 45 43 3 6 31 43 33 40 11 0 32 47 26 26 6 19 17 13 43 27 30 41 29 46 20 36 11 16 8 42 45 32 28 31 38 32
26 27 33 8 11 23 12 29 32 27 17 20 7 36 32 0 30 22 22 26 16 15 33 21 11 3 28 25 18 15 4 22 25 28 21 19 7 11 9 16 15
13 7 44 34 27 8 23 45 49 57 46 51 31 43 47 30 0 21 21 42 30 35 54 10 41 33 6 18 17 30 28 38 31 39 9 48 37 41 23 46 45
8 14 23 21 26 21 24 24 28 41 39 38 26 23 26 22 21 0 0 21 11 16 34 19 28 23 15 4 23 11 22 17 10 18 17 41 27 29 13 37 34
8 14 23 21 26 21 24 24 28 41 39 38 26 23 26 22 21 0 0 21 11 16 34 19 28 23 15 4 23 11 22 17 10 18 17 41 27 29 13 37 34
29 35 7 19 37 40 37 3 7 28 38 29 34 13 6 26 42 21 21 0 13 11 13 38 22 24 36 25 40 14 30 5 12 6 36 40 26 23 25 33 27
19 24 18 11 25 27 24 16 20 30 31 28 23 20 19 16 30 11 11 13 0 6 24 25 18 16 25 15 27 1 19 8 9 12 23 33 18 19 12 28 24
24 29 18 8 26 31 26 14 17 24 28 22 22 21 17 15 35 16 16 11 6 0 19 29 13 13 30 20 29 5 19 7 14 13 28 30 15 14 14 24 18
42 48 18 25 44 50 44 12 7 20 38 24 40 24 13 33 54 34 34 13 24 19 0 48 23 30 49 38 48 24 37 17 25 19 47 40 29 24 33 33 26
13 10 42 26 17 2 13 41 44 48 36 41 21 42 43 21 10 19 19 38 25 29 48 0 32 24 10 17 7 24 19 33 29 36 2 38 28 32 15 37 36
33 36 29 7 22 35 24 24 24 16 16 10 17 34 27 11 41 28 28 22 18 13 23 32 0 8 37 32 29 17 15 20 27 26 32 18 6 1 18 11 6
28 29 31 5 14 26 15 27 29 24 16 17 10 34 30 3 33 23 23 24 16 13 30 24 8 0 30 27 21 15 7 20 25 26 24 18 4 8 11 14 12
7 1 38 30 26 9 22 39 43 53 45 47 30 37 41 28 6 15 15 36 25 30 49 10 37 30 0 12 17 25 27 32 25 33 8 47 34 37 19 44 42
5 11 26 25 28 19 25 27 32 45 42 42 29 25 29 25 18 4 4 25 15 20 38 17 32 27 12 0 23 15 25 21 13 21 15 44 31 33 16 41 38
20 17 45 25 10 9 6 43 46 45 29 38 14 45 46 18 17 23 23 40 27 29 48 7 29 21 17 23 0 26 14 35 32 39 9 31 24 29 15 30 32
19 24 19 10 24 26 23 17 20 29 30 27 22 21 20 15 30 11 11 14 1 5 24 24 17 15 25 15 26 0 18 9 10 13 23 32 17 18 11 27 23
25 26 37 12 7 21 8 33 36 31 18 24 4 39 36 4 28 22 22 30 19 19 37 19 15 7 27 25 14 18 0 26 28 31 19 20 10 15 9 18 18
25 31 11 15 32 35 32 8 12 29 35 28 29 14 11 22 38 17 17 5 8 7 17 33 20 20 32 21 35 9 26 0 9 6 31 37 22 21 20 31 25
18 24 13 20 32 31 31 14 19 38 40 36 32 13 16 25 31 10 10 12 9 14 25 29 27 25 25 13 32 10 28 9 0 8 27 42 27 28 19 37 32
26 32 6 21 37 38 36 7 12 34 41 34 35 8 8 28 39 18 18 6 12 13 19 36 26 26 33 21 39 13 31 6 8 0 34 43 28 27 24 37 31
11 8 40 25 18 4 14 39 43 48 37 41 22 40 42 21 9 17 17 36 23 28 47 2 32 24 8 15 9 23 19 31 27 34 0 39 28 32 14 37 36
45 46 47 22 21 40 25 42 42 26 2 18 17 52 45 19 48 41 41 40 33 30 40 38 18 18 47 44 31 32 20 37 42 43 39 0 15 17 28 7 14
32 33 33 7 16 30 18 29 29 21 13 13 11 36 32 7 37 27 27 26 18 15 29 28 6 4 34 31 24 17 10 22 27 28 28 15 0 5 15 10 8
34 36 30 8 21 34 23 25 25 16 15 9 16 35 28 11 41 29 29 23 19 14 24 32 1 8 37 33 29 18 15 21 28 27 32 17 5 0 18 10 5
17 18 30 11 13 17 12 28 31 34 26 27 13 32 31 9 23 13 13 25 12 14 33 15 18 11 19 16 15 11 9 20 19 24 14 28 15 18 0 25 23
42 43 40 17 21 39 24 35 35 19 5 11 16 45 38 16 46 37 37 33 28 24 33 37 11 14 44 41 30 27 18 31 37 37 37 7 10 10 25 0 7
39 41 34 13 24 38 26 29 28 13 12 5 19 39 32 15 45 34 34 27 24 18 26 36 6 12 42 38 32 23 18 25 32 31 36 14 8 5 23 7 0
0         632      
0         96       
0         256      
90        289      
94        298      
0         113      
210       413      
297       512      
60        205      
45        306      
264       456      
130       413      
95        325      
0         211      
0         182      
147       344      
0         117      
252       401      
0         131      
11        212      
5         144      
0         201      
50        276      
269       461      
86        321      
86        332      
0         168      
0         164      
396       548      
179       362      
69        303      
21        171      
0         138      
6         229      
0         96       
115       312      
110       290      
45        279      
291       446      
177       346      
301       592      
