41
0 14 17 18 17 20 21 32 21 29 24 18 21 36 24 27 10 12 18 10 24 32 29 10 11 28 18 2 36 27 22 22 11 30 28 22 10 24 25 25 14
14 0 31 30 26 19 31 23 34 17 12 8 10 25 20 17 4 7 27 24 37 26 22 4 25 17 30 16 25 32 11 10 21 16 19 12 9 33 18 14 7
17 31 0 19 14 27 14 47 17 46 41 35 36 50 32 44 27 29 23 8 20 40 38 27 7 41 19 15 49 25 39 39 13 47 44 39 23 17 40 39 28
18 30 19 0 31 37 32 37 6 40 35 30 39 54 42 36 27 25 6 14 7 50 47 26 13 46 0 18 54 42 33 34 26 44 34 33 28 35 30 43 32
17 26 14 31 0 14 5 49 30 43 38 34 28 40 19 43 23 28 33 17 33 27 26 24 18 31 31 15 38 11 37 36 6 40 44 37 17 7 41 30 21
20 19 27 37 14 0 19 42 40 36 31 27 15 26 5 36 18 24 38 26 43 13 12 19 27 17 37 19 24 14 30 29 14 30 38 31 12 20 37 16 12
21 31 14 32 5 19 0 53 31 48 43 38 33 45 24 48 27 32 35 18 34 31 31 28 19 36 32 19 43 11 41 40 10 45 48 41 22 3 45 35 26
32 23 47 37 49 42 53 0 43 12 12 15 31 41 43 7 26 20 31 39 44 47 43 25 40 38 37 34 43 55 13 14 42 22 4 13 32 55 7 35 30
21 34 17 6 30 40 31 43 0 45 41 35 42 57 44 42 31 30 12 14 3 52 50 30 13 49 6 21 57 41 39 39 26 49 40 39 31 34 36 46 35
29 17 46 40 43 36 48 12 45 0 5 11 21 29 35 5 20 17 35 39 47 37 33 20 40 27 40 31 31 49 7 7 37 10 9 7 26 50 12 24 24
24 12 41 35 38 31 43 12 41 5 0 6 19 29 32 5 15 12 30 34 42 35 31 15 35 26 35 26 31 44 2 2 32 11 9 2 21 45 9 23 19
18 8 35 30 34 27 38 15 35 11 6 0 18 30 28 10 11 6 25 28 37 34 30 10 29 25 30 20 31 40 4 4 28 15 11 4 17 41 10 22 15
21 10 36 39 28 15 33 31 42 21 19 18 0 15 14 24 12 17 37 31 45 16 12 14 32 7 39 22 15 29 18 17 24 15 28 19 12 34 28 4 7
36 25 50 54 40 26 45 41 57 29 29 30 15 0 22 34 27 32 52 46 60 16 15 29 47 9 54 37 2 39 29 28 37 19 38 30 27 46 38 11 22
24 20 32 42 19 5 24 43 44 35 32 28 14 22 0 37 20 27 42 30 47 8 7 22 31 13 42 24 20 17 31 30 19 29 39 32 15 24 38 13 13
27 17 44 36 43 36 48 7 42 5 5 10 24 34 37 0 20 15 30 37 43 40 36 19 37 31 36 29 36 49 7 7 37 15 4 6 26 50 7 28 24
10 4 27 27 23 18 27 26 31 20 15 11 12 27 20 20 0 7 25 20 34 26 22 2 21 19 27 12 27 29 14 13 17 20 22 15 6 30 20 16 7
12 7 29 25 28 24 32 20 30 17 12 6 17 32 27 15 7 0 21 22 32 33 29 5 23 24 25 14 32 36 10 10 22 19 16 10 13 35 13 21 14
18 27 23 6 33 38 35 31 12 35 30 25 37 52 42 30 25 21 0 17 13 49 46 23 16 44 6 19 52 44 29 29 28 40 28 28 27 38 24 41 31
10 24 8 14 17 26 18 39 14 39 34 28 31 46 30 37 20 22 17 0 17 38 36 20 1 37 14 8 45 28 32 32 12 40 36 32 18 21 32 34 23
24 37 20 7 33 43 34 44 3 47 42 37 45 60 47 43 34 32 13 17 0 55 53 33 16 52 7 24 60 44 40 41 29 51 41 40 34 37 37 49 38
32 26 40 50 27 13 31 47 52 37 35 34 16 16 8 40 26 33 49 38 55 0 4 28 39 11 50 32 14 23 34 33 27 29 44 35 22 31 44 13 19
29 22 38 47 26 12 31 43 50 33 31 30 12 15 7 36 22 29 46 36 53 4 0 24 37 7 47 29 13 24 30 29 25 25 40 31 19 31 40 9 15
10 4 27 26 24 19 28 25 30 20 15 10 14 29 22 19 2 5 23 20 33 28 24 0 21 21 26 12 29 31 13 13 18 20 21 13 8 31 18 18 9
11 25 7 13 18 27 19 40 13 40 35 29 32 47 31 37 21 23 16 1 16 39 37 21 0 38 13 9 46 29 33 33 13 41 37 33 19 22 33 35 24
28 17 41 46 31 17 36 38 49 27 26 25 7 9 13 31 19 24 44 37 52 11 7 21 38 0 46 29 8 30 25 24 28 18 35 26 19 37 35 3 14
18 30 19 0 31 37 32 37 6 40 35 30 39 54 42 36 27 25 6 14 7 50 47 26 13 46 0 18 54 42 33 34 26 44 34 33 28 35 30 43 32
2 16 15 18 15 19 19 34 21 31 26 20 22 37 24 29 12 14 19 8 24 32 29 12 9 29 18 0 37 25 24 24 9 32 30 24 10 22 27 26 15
36 25 49 54 38 24 43 43 57 31 31 31 15 2 20 36 27 32 52 45 60 14 13 29 46 8 54 37 0 37 30 29 36 21 40 31 27 44 40 11 22
27 32 25 42 11 14 11 55 41 49 44 40 29 39 17 49 29 36 44 28 44 23 24 31 29 30 42 25 37 0 43 42 16 44 51 44 23 9 49 30 25
22 11 39 33 37 30 41 13 39 7 2 4 18 29 31 7 14 10 29 32 40 34 30 13 33 25 33 24 30 43 0 1 31 12 10 1 20 44 10 22 18
22 10 39 34 36 29 40 14 39 7 2 4 17 28 30 7 13 10 29 32 41 33 29 13 33 24 34 24 29 42 1 0 30 11 11 2 19 43 11 21 17
11 21 13 26 6 14 10 42 26 37 32 28 24 37 19 37 17 22 28 12 29 27 25 18 13 28 26 9 36 16 31 30 0 36 38 31 12 13 35 26 17
30 16 47 44 40 30 45 22 49 10 11 15 15 19 29 15 20 19 40 40 51 29 25 20 41 18 44 32 21 44 12 11 36 0 19 12 24 47 20 16 19
28 19 44 34 44 38 48 4 40 9 9 11 28 38 39 4 22 16 28 36 41 44 40 21 37 35 34 30 40 51 10 11 38 19 0 9 28 51 4 32 26
22 12 39 33 37 31 41 13 39 7 2 4 19 30 32 6 15 10 28 32 40 35 31 13 33 26 33 24 31 44 1 2 31 12 9 0 21 44 9 23 19
10 9 23 28 17 12 22 32 31 26 21 17 12 27 15 26 6 13 27 18 34 22 19 8 19 19 28 10 27 23 20 19 12 24 28 21 0 24 26 16 5
24 33 17 35 7 20 3 55 34 50 45 41 34 46 24 50 30 35 38 21 37 31 31 31 22 37 35 22 44 9 44 43 13 47 51 44 24 0 48 36 28
25 18 40 30 41 37 45 7 36 12 9 10 28 38 38 7 20 13 24 32 37 44 40 18 33 35 30 27 40 49 10 11 35 20 4 9 26 48 0 32 25
25 14 39 43 30 16 35 35 46 24 23 22 4 11 13 28 16 21 41 34 49 13 9 18 35 3 43 26 11 30 22 21 26 16 32 23 16 36 32 0 11
14 7 28 32 21 12 26 30 35 24 19 15 7 22 13 24 7 14 31 23 38 19 15 9 24 14 32 15 22 25 18 17 17 19 26 19 5 28 25 11 0
0         613      
0         65       
35        192      
175       336      
62        237      
110       229      
54        207      
0         122      
188       333      
0         104      
0         92       
0         112      
152       262      
296       437      
136       257      
428       585      
0         79       
0         74       
396       534      
190       323      
225       366      
307       437      
110       245      
26        160      
47        180      
122       290      
199       327      
50        162      
376       515      
80        230      
0         101      
0         92       
73        194      
338       490      
0         146      
0         90       
169       311      
243       380      
0         140      
299       430      
388       502      
