41
0 25 11 16 17 18 8 11 25 34 23 33 13 12 27 11 10 15 7 17 12 35 25 19 25 22 28 23 17 16 33 14 28 27 16 30 18 36 27 23 31
25 0 36 41 13 43 33 33 33 37 31 23 29 36 12 34 14 10 30 8 15 46 21 17 12 18 3 32 11 40 20 26 42 13 23 36 32 28 12 1 15
11 36 0 6 25 8 7 5 33 42 31 44 21 10 38 3 21 26 12 28 21 39 31 26 36 29 39 31 28 6 44 22 30 35 25 38 26 46 38 34 42
16 41 6 0 31 2 9 11 33 42 31 47 22 10 43 9 26 31 14 33 27 39 37 32 40 35 44 31 33 0 47 24 30 41 27 38 26 48 43 39 47
17 13 25 31 0 33 25 21 35 42 33 33 26 29 23 23 9 10 23 10 5 48 10 5 22 7 15 33 14 31 31 24 41 10 24 40 31 37 23 12 27
18 43 8 2 33 0 11 13 34 43 33 48 24 11 45 11 28 33 16 35 29 40 39 34 42 37 46 32 35 2 49 26 31 43 29 39 27 50 45 41 49
8 33 7 9 25 11 0 11 26 35 24 38 14 5 34 9 18 23 5 25 20 33 32 26 31 29 36 24 24 9 38 15 25 35 18 31 19 39 34 31 38
11 33 5 11 21 13 11 0 36 45 34 44 24 15 38 2 19 24 15 26 18 44 26 21 36 24 36 34 27 11 44 25 35 30 27 41 29 47 37 32 41
25 33 33 33 35 34 26 36 0 9 2 20 12 23 26 35 26 26 21 27 30 13 45 39 23 42 36 2 23 33 24 11 11 42 11 5 7 19 26 33 28
34 37 42 42 42 43 35 45 9 0 11 18 21 32 27 44 33 32 30 33 37 14 52 46 25 49 39 11 28 42 22 20 17 48 18 4 16 15 27 37 27
23 31 31 31 33 33 24 34 2 11 0 19 10 21 24 33 24 24 19 25 28 15 43 37 21 40 34 1 21 31 22 9 13 40 9 7 5 19 24 31 26
33 23 44 47 33 48 38 44 20 18 19 0 25 37 11 44 27 23 32 23 31 32 42 38 11 39 24 20 19 46 4 22 31 36 19 20 24 5 11 23 9
13 29 21 22 26 24 14 24 12 21 10 25 0 13 24 23 17 19 9 21 21 22 36 30 21 33 32 10 18 22 26 3 15 35 6 17 5 26 24 28 27
12 36 10 10 29 11 5 15 23 32 21 37 13 0 36 13 22 26 6 28 24 29 37 31 33 34 39 21 26 10 39 15 20 39 18 28 16 39 36 35 39
27 12 38 43 23 45 34 38 26 27 24 11 24 36 0 38 18 13 30 13 21 39 32 28 3 29 13 25 10 43 8 21 37 24 18 27 27 16 0 12 4
11 34 3 9 23 11 9 2 35 44 33 44 23 13 38 0 20 25 14 27 19 42 28 23 36 26 37 33 28 9 44 24 33 32 26 40 28 47 38 33 42
10 14 21 26 9 28 18 19 26 33 24 27 17 22 18 20 0 5 16 7 4 39 19 13 16 16 17 24 8 26 25 15 32 18 15 31 22 31 18 13 22
15 10 26 31 10 33 23 24 26 32 24 23 19 26 13 25 5 0 20 2 8 39 20 15 12 17 13 24 4 31 21 17 34 17 15 30 24 27 13 9 17
7 30 12 14 23 16 5 15 21 30 19 32 9 6 30 14 16 20 0 22 18 29 32 26 27 29 33 19 20 14 33 10 21 33 13 26 14 34 30 29 34
17 8 28 33 10 35 25 26 27 33 25 23 21 28 13 27 7 2 22 0 8 40 19 15 12 16 11 26 5 33 21 18 35 15 17 31 25 27 13 7 17
12 15 21 27 5 29 20 18 30 37 28 31 21 24 21 19 4 8 18 8 0 43 15 9 20 12 18 28 12 27 29 19 36 15 19 35 26 35 21 14 25
35 46 39 39 48 40 33 44 13 14 15 32 22 29 39 42 39 39 29 40 43 0 58 52 36 55 49 15 36 39 36 24 9 55 24 12 17 29 39 46 40
25 21 31 37 10 39 32 26 45 52 43 42 36 37 32 28 19 20 32 19 15 58 0 6 31 3 21 43 24 37 40 34 51 8 34 50 41 46 32 20 36
19 17 26 32 5 34 26 21 39 46 37 38 30 31 28 23 13 15 26 15 9 52 6 0 27 3 19 37 19 32 36 28 45 9 28 44 35 42 28 16 32
25 12 36 40 22 42 31 36 23 25 21 11 21 33 3 36 16 12 27 12 20 36 31 27 0 28 14 22 8 40 9 18 34 25 15 25 24 16 3 13 7
22 18 29 35 7 37 29 24 42 49 40 39 33 34 29 26 16 17 29 16 12 55 3 3 28 0 18 40 21 35 37 31 48 7 31 47 38 43 29 17 33
28 3 39 44 15 46 36 36 36 39 34 24 32 39 13 37 17 13 33 11 18 49 21 19 14 18 0 35 14 43 21 29 45 13 26 39 35 29 13 4 16
23 32 31 31 33 32 24 34 2 11 1 20 10 21 25 33 24 24 19 26 28 15 43 37 22 40 35 0 21 31 23 9 12 41 9 7 5 20 25 31 27
17 11 28 33 14 35 24 27 23 28 21 19 18 26 10 28 8 4 20 5 12 36 24 19 8 21 14 21 0 33 17 15 31 20 12 26 21 23 10 10 14
16 40 6 0 31 2 9 11 33 42 31 46 22 10 43 9 26 31 14 33 27 39 37 32 40 35 43 31 33 0 47 24 30 41 27 38 26 48 43 39 47
33 20 44 47 31 49 38 44 24 22 22 4 26 39 8 44 25 21 33 21 29 36 40 36 9 37 21 23 17 47 0 23 35 32 20 24 27 9 8 20 5
14 26 22 24 24 26 15 25 11 20 9 22 3 15 21 24 15 17 10 18 19 24 34 28 18 31 29 9 15 24 23 0 17 33 3 16 7 24 21 25 24
28 42 30 30 41 31 25 35 11 17 13 31 15 20 37 33 32 34 21 35 36 9 51 45 34 48 45 12 31 30 35 17 0 50 19 13 10 30 37 41 39
27 13 35 41 10 43 35 30 42 48 40 36 35 39 24 32 18 17 33 15 15 55 8 9 25 7 13 41 20 41 32 33 50 0 32 46 40 40 24 12 28
16 23 25 27 24 29 18 27 11 18 9 19 6 18 18 26 15 15 13 17 19 24 34 28 15 31 26 9 12 27 20 3 19 32 0 16 9 21 18 22 21
30 36 38 38 40 39 31 41 5 4 7 20 17 28 27 40 31 30 26 31 35 12 50 44 25 47 39 7 26 38 24 16 13 46 16 0 12 17 27 36 28
18 32 26 26 31 27 19 29 7 16 5 24 5 16 27 28 22 24 14 25 26 17 41 35 24 38 35 5 21 26 27 7 10 40 9 12 0 24 27 31 29
36 28 46 48 37 50 39 47 19 15 19 5 26 39 16 47 31 27 34 27 35 29 46 42 16 43 29 20 23 48 9 24 30 40 21 17 24 0 16 28 14
27 12 38 43 23 45 34 37 26 27 24 11 24 36 0 38 18 13 30 13 21 39 32 28 3 29 13 25 10 43 8 21 37 24 18 27 27 16 0 12 4
23 1 34 39 12 41 31 32 33 37 31 23 28 35 12 33 13 9 29 7 14 46 20 16 13 17 4 31 10 39 20 25 41 12 22 36 31 28 12 0 16
31 15 42 47 27 49 38 41 28 27 26 9 27 39 4 42 22 17 34 17 25 40 36 32 7 33 16 27 14 47 5 24 39 28 21 28 29 14 4 16 0
0         570      
64        251      
222       371      
304       458      
53        194      
227       434      
0         110      
241       372      
0         107      
173       278      
0         112      
373       526      
0         117      
259       393      
72        264      
195       402      
0         176      
25        196      
0         85       
3         134      
204       334      
296       453      
55        183      
52        191      
70        283      
61        201      
31        171      
0         116      
15        180      
237       378      
89        238      
157       340      
186       319      
50        220      
0         119      
0         109      
0         99       
156       277      
135       243      
1         206      
383       538      
