41
0 21 20 32 41 1 40 2 29 11 30 10 13 20 33 35 15 17 45 21 9 18 19 25 18 12 39 25 15 3 30 36 8 12 38 16 8 5 24 15 24
21 0 1 16 40 20 40 22 21 13 33 30 12 34 13 15 9 31 39 35 18 10 25 26 37 19 40 6 32 19 11 16 27 15 39 12 28 25 4 17 31
20 1 0 16 39 20 39 22 21 13 32 30 11 33 13 15 8 30 39 34 18 10 25 25 36 18 39 6 32 18 11 16 27 14 38 13 27 25 4 17 30
32 16 16 0 28 32 28 34 9 21 24 42 19 37 13 12 17 34 25 38 32 26 41 19 41 23 29 10 37 29 7 15 40 20 28 28 35 37 12 33 27
41 40 39 28 0 41 1 43 19 33 11 47 32 31 41 40 33 31 7 32 47 48 58 16 38 29 3 35 36 38 35 43 48 30 3 48 39 44 37 51 19
1 20 20 32 41 0 41 2 29 11 31 10 13 21 32 34 15 18 45 22 8 17 18 25 19 12 39 25 16 3 29 35 8 12 38 15 9 5 23 14 24
40 40 39 28 1 41 0 42 19 32 10 46 31 30 41 40 33 30 8 31 46 48 57 15 37 28 2 35 35 37 35 43 47 29 2 48 38 43 37 50 18
2 22 22 34 43 2 42 0 31 13 32 8 15 20 34 36 17 17 47 21 9 19 18 27 18 14 41 27 15 5 31 37 6 14 40 17 8 3 25 15 25
29 21 21 9 19 29 19 31 0 19 15 39 17 30 22 21 17 28 18 31 33 31 44 10 36 19 20 16 32 26 16 24 37 17 19 32 32 34 18 36 18
11 13 13 21 33 11 32 13 19 0 23 21 2 21 24 25 5 18 36 22 14 17 25 17 23 7 32 15 19 8 20 27 19 3 31 16 15 16 15 18 19
30 33 32 24 11 31 10 32 15 23 0 36 22 21 36 36 25 20 17 22 37 39 48 7 28 18 9 30 25 27 30 39 37 20 8 39 28 33 32 41 8
10 30 30 42 47 10 46 8 39 21 36 0 23 19 42 44 25 18 52 19 15 26 21 33 15 20 45 35 13 13 39 45 4 22 44 23 8 5 33 20 28
13 12 11 19 32 13 31 15 17 2 22 23 0 22 23 24 3 19 34 23 16 17 27 16 25 7 31 13 21 10 18 25 21 3 30 17 17 18 13 20 19
20 34 33 37 31 21 30 20 30 21 21 19 22 0 45 45 25 3 38 1 29 36 38 20 7 15 29 35 6 19 39 47 22 19 28 35 12 18 35 35 13
33 13 13 13 41 32 41 34 22 24 36 42 23 45 0 2 19 42 38 46 31 22 38 30 47 30 42 9 43 30 6 3 40 25 41 25 39 37 9 30 37
35 15 15 12 40 34 40 36 21 25 36 44 24 45 2 0 20 42 37 46 33 24 40 30 48 30 41 10 44 32 6 3 42 26 40 27 40 39 11 32 37
15 9 8 17 33 15 33 17 17 5 25 25 3 25 19 20 0 22 35 26 16 15 27 18 28 10 33 10 24 12 15 22 23 6 32 15 20 20 10 19 22
17 31 30 34 31 18 30 17 28 18 20 18 19 3 42 42 22 0 37 4 26 33 35 19 8 12 29 32 5 16 36 44 20 16 28 32 10 16 32 32 12
45 39 39 25 7 45 8 47 18 36 17 52 34 38 38 37 35 37 0 39 50 49 61 20 45 33 10 34 42 42 32 40 53 33 10 50 44 49 36 54 25
21 35 34 38 32 22 31 21 31 22 22 19 23 1 46 46 26 4 39 0 30 37 39 21 6 16 29 36 6 20 40 48 22 20 29 36 13 19 36 36 14
9 18 18 32 47 8 46 9 33 14 37 15 16 29 31 33 16 26 50 30 0 11 11 31 27 19 46 24 24 10 29 34 11 17 45 8 17 12 22 6 31
18 10 10 26 48 17 48 19 31 17 39 26 17 36 22 24 15 33 49 37 11 0 16 33 36 24 48 16 33 18 21 25 22 20 47 3 26 22 14 8 36
19 25 25 41 58 18 57 18 44 25 48 21 27 38 38 40 27 35 61 39 11 16 0 42 36 30 57 31 33 21 36 41 17 28 56 13 26 20 29 8 42
25 26 25 19 16 25 15 27 10 17 7 33 16 20 30 30 18 19 20 21 31 33 42 0 27 13 15 23 24 22 24 33 33 14 14 33 25 29 25 35 8
18 37 36 41 38 19 37 18 36 23 28 15 25 7 47 48 28 8 45 6 27 36 36 27 0 18 35 38 4 19 42 50 19 22 35 34 10 16 38 33 20
12 19 18 23 29 12 28 14 19 7 18 20 7 15 30 30 10 12 33 16 19 24 30 13 18 0 27 20 14 9 24 32 20 4 26 23 13 16 20 24 12
39 40 39 29 3 39 2 41 20 32 9 45 31 29 42 41 33 29 10 29 46 48 57 15 35 27 0 36 34 36 36 44 46 29 1 48 37 42 38 50 17
25 6 6 10 35 25 35 27 16 15 30 35 13 35 9 10 10 32 34 36 24 16 31 23 38 20 36 0 34 22 5 12 32 16 35 18 30 30 2 23 29
15 32 32 37 36 16 35 15 32 19 25 13 21 6 43 44 24 5 42 6 24 33 33 24 4 14 34 34 0 15 38 46 16 18 33 31 7 13 34 30 17
3 19 18 29 38 3 37 5 26 8 27 13 10 19 30 32 12 16 42 20 10 18 21 22 19 9 36 22 15 0 27 33 11 9 35 16 9 8 21 16 21
30 11 11 7 35 29 35 31 16 20 30 39 18 39 6 6 15 36 32 40 29 21 36 24 42 24 36 5 38 27 0 9 37 20 35 23 35 34 7 28 31
36 16 16 15 43 35 43 37 24 27 39 45 25 47 3 3 22 44 40 48 34 25 41 33 50 32 44 12 46 33 9 0 43 28 43 28 42 40 12 33 40
8 27 27 40 48 8 47 6 37 19 37 4 21 22 40 42 23 20 53 22 11 22 17 33 19 20 46 32 16 11 37 43 0 20 45 19 10 4 31 16 30
12 15 14 20 30 12 29 14 17 3 20 22 3 19 25 26 6 16 33 20 17 20 28 14 22 4 29 16 18 9 20 28 20 0 28 19 15 17 16 21 16
38 39 38 28 3 38 2 40 19 31 8 44 30 28 41 40 32 28 10 29 45 47 56 14 35 26 1 35 33 35 35 43 45 28 0 47 36 41 37 49 16
16 12 13 28 48 15 48 17 32 16 39 23 17 35 25 27 15 32 50 36 8 3 13 33 34 23 48 18 31 16 23 28 19 19 47 0 24 20 16 5 35
8 28 27 35 39 9 38 8 32 15 28 8 17 12 39 40 20 10 44 13 17 26 26 25 10 13 37 30 7 9 35 42 10 15 36 24 0 6 30 23 20
5 25 25 37 44 5 43 3 34 16 33 5 18 18 37 39 20 16 49 19 12 22 20 29 16 16 42 30 13 8 34 40 4 17 41 20 6 0 28 18 26
24 4 4 12 37 23 37 25 18 15 32 33 13 35 9 11 10 32 36 36 22 14 29 25 38 20 38 2 34 21 7 12 31 16 37 16 30 28 0 21 31
15 17 17 33 51 14 50 15 36 18 41 20 20 35 30 32 19 32 54 36 6 8 8 35 33 24 50 23 30 16 28 33 16 21 49 5 23 18 21 0 36
24 31 30 27 19 24 18 25 18 19 8 28 19 13 37 37 22 12 25 14 31 36 42 8 20 12 17 29 17 21 31 40 30 16 16 35 20 26 31 36 0
0         505      
89        205      
107       214      
143       267      
348       463      
0         93       
248       374      
0         54       
293       395      
301       428      
245       371      
0         63       
67        191      
220       331      
126       246      
162       286      
79        211      
36        167      
257       393      
41        154      
0         97       
187       305      
0         118      
358       478      
39        159      
75        191      
254       369      
134       263      
37        155      
208       328      
121       235      
122       250      
7         128      
75        198      
245       365      
0         106      
0         89       
0         60       
104       211      
0         118      
332       443      
