41
0 31 7 23 29 29 23 34 20 18 1 30 24 19 24 24 24 21 34 10 5 14 28 9 19 33 17 13 19 18 14 19 4 10 11 12 15 25 29 21 26
31 0 25 43 59 57 8 49 49 28 30 59 49 44 47 34 14 25 40 23 27 43 56 33 49 47 38 31 43 35 17 36 32 30 37 40 44 24 54 10 16
7 25 0 22 33 32 17 32 27 19 6 34 25 25 30 20 17 15 29 9 6 21 31 14 24 31 16 16 25 21 8 22 7 13 17 15 19 18 30 15 19
23 43 22 0 23 18 36 12 35 40 23 22 9 40 45 10 29 18 17 31 26 31 17 32 20 11 6 36 40 41 27 42 19 32 32 14 19 21 12 34 28
29 59 33 23 0 5 50 31 26 45 30 1 14 36 40 33 48 39 40 39 34 27 7 34 10 32 24 40 36 44 41 44 26 37 32 19 14 43 13 48 49
29 57 32 18 5 0 49 26 29 46 30 4 9 37 42 28 45 35 35 39 34 28 2 35 11 27 20 41 37 45 40 45 25 38 33 17 15 39 8 47 45
23 8 17 36 50 49 0 44 41 21 22 51 41 37 40 29 10 20 35 15 19 35 48 25 41 42 30 24 36 28 9 29 24 22 29 32 36 19 46 2 12
34 49 32 12 31 26 44 0 47 51 35 30 18 52 57 15 35 24 12 41 38 43 24 43 30 2 18 47 52 52 36 53 31 44 44 26 31 25 18 43 33
20 49 27 35 26 29 41 47 0 25 21 27 30 10 14 41 44 41 50 25 22 6 29 15 18 46 30 20 10 21 34 20 21 19 11 21 16 45 33 38 46
18 28 19 40 45 46 21 51 25 0 17 46 42 18 19 39 29 33 48 10 13 20 46 11 35 50 33 5 17 7 20 8 22 8 14 30 31 35 47 19 31
1 30 6 23 30 30 22 35 21 17 0 31 25 19 24 24 23 21 34 9 4 15 29 9 20 34 17 12 19 17 13 18 5 9 11 13 16 24 30 20 25
30 59 34 22 1 4 51 30 27 46 31 0 13 37 41 32 48 38 39 40 35 28 6 35 11 31 23 41 37 45 42 45 27 38 33 19 15 42 12 49 48
24 49 25 9 14 9 41 18 30 42 25 13 0 37 42 19 36 26 26 34 29 28 8 31 13 18 11 37 37 41 32 41 20 34 31 12 14 30 5 39 36
19 44 25 40 36 37 37 52 10 18 19 37 37 0 5 43 42 40 53 22 20 9 38 12 26 51 34 13 1 12 32 11 22 15 8 26 23 43 40 35 44
24 47 30 45 40 42 40 57 14 19 24 41 42 5 0 48 45 45 58 25 24 14 42 16 31 56 39 16 5 12 35 11 27 18 13 31 28 48 45 38 47
24 34 20 10 33 28 29 15 41 39 24 32 19 43 48 0 20 9 10 29 26 36 27 33 29 13 11 36 43 41 21 42 21 33 35 20 27 11 22 28 19
24 14 17 29 48 45 10 35 44 29 23 48 36 42 45 20 0 11 26 20 22 38 44 30 40 33 25 29 41 34 10 35 24 27 34 30 36 10 41 10 2
21 25 15 18 39 35 20 24 41 33 21 38 26 40 45 9 11 0 16 23 21 35 34 29 32 22 15 31 40 36 13 37 20 28 32 22 29 4 30 19 10
34 40 29 17 40 35 35 12 50 48 34 39 26 53 58 10 26 16 0 38 35 45 33 43 37 10 19 45 53 50 29 51 31 42 45 28 35 16 28 35 24
10 23 9 31 39 39 15 41 25 10 9 40 34 22 25 29 20 23 38 0 5 20 38 10 29 40 25 9 21 14 10 15 14 7 14 22 25 25 39 13 22
5 27 6 26 34 34 19 38 22 13 4 35 29 20 24 26 22 21 35 5 0 16 33 8 24 37 20 10 19 15 12 16 9 7 12 17 20 24 34 17 24
14 43 21 31 27 28 35 43 6 20 15 28 28 9 14 36 38 35 45 20 16 0 28 10 17 42 26 15 9 17 28 17 15 14 6 17 14 39 31 33 40
28 56 31 17 7 2 48 24 29 46 29 6 8 38 42 27 44 34 33 38 33 28 0 35 11 25 19 41 37 45 39 45 24 38 33 16 15 38 6 46 44
9 33 14 32 34 35 25 43 15 11 9 35 31 12 16 33 30 29 43 10 8 10 35 0 24 42 26 6 11 10 20 10 13 4 4 19 20 32 36 23 32
19 49 24 20 10 11 41 30 18 35 20 11 13 26 31 29 40 32 37 29 24 17 11 24 0 31 18 30 26 34 32 34 16 27 22 10 4 36 15 39 40
33 47 31 11 32 27 42 2 46 50 34 31 18 51 56 13 33 22 10 40 37 42 25 42 31 0 17 46 51 51 34 52 30 43 43 25 30 23 19 41 31
17 38 16 6 24 20 30 18 30 33 17 23 11 34 39 11 25 15 19 25 20 26 19 26 18 17 0 29 34 34 21 35 13 26 26 9 16 19 16 28 25
13 31 16 36 40 41 24 47 20 5 12 41 37 13 16 36 29 31 45 9 10 15 41 6 30 46 29 0 12 5 19 6 17 3 9 25 26 34 42 22 31
19 43 25 40 36 37 36 52 10 17 19 37 37 1 5 43 41 40 53 21 19 9 37 11 26 51 34 12 0 11 31 10 22 14 8 26 23 43 40 34 43
18 35 21 41 44 45 28 52 21 7 17 45 41 12 12 41 34 36 50 14 15 17 45 10 34 51 34 5 11 0 24 1 22 8 12 29 30 39 46 26 36
14 17 8 27 41 40 9 36 34 20 13 42 32 32 35 21 10 13 29 10 12 28 39 20 32 34 21 19 31 24 0 25 15 17 24 23 27 15 37 7 12
19 36 22 42 44 45 29 53 20 8 18 45 41 11 11 42 35 37 51 15 16 17 45 10 34 52 35 6 10 1 25 0 23 9 12 29 30 40 46 27 37
4 32 7 19 26 25 24 31 21 22 5 27 20 22 27 21 24 20 31 14 9 15 24 13 16 30 13 17 22 22 15 23 0 14 14 8 12 24 25 22 25
10 30 13 32 37 38 22 44 19 8 9 38 34 15 18 33 27 28 42 7 7 14 38 4 27 43 26 3 14 8 17 9 14 0 8 22 23 31 39 20 29
11 37 17 32 32 33 29 44 11 14 11 33 31 8 13 35 34 32 45 14 12 6 33 4 22 43 26 9 8 12 24 12 14 8 0 19 18 35 35 27 36
12 40 15 14 19 17 32 26 21 30 13 19 12 26 31 20 30 22 28 22 17 17 16 19 10 25 9 25 26 29 23 29 8 22 19 0 7 26 17 30 30
15 44 19 19 14 15 36 31 16 31 16 15 14 23 28 27 36 29 35 25 20 14 15 20 4 30 16 26 23 30 27 30 12 23 18 7 0 33 17 34 37
25 24 18 21 43 39 19 25 45 35 24 42 30 43 48 11 10 4 16 25 24 39 38 32 36 23 19 34 43 39 15 40 24 31 35 26 33 0 33 19 8
29 54 30 12 13 8 46 18 33 47 30 12 5 40 45 22 41 30 28 39 34 31 6 36 15 19 16 42 40 46 37 46 25 39 35 17 17 33 0 44 40
21 10 15 34 48 47 2 43 38 19 20 49 39 35 38 28 10 19 35 13 17 33 46 23 39 41 28 22 34 26 7 27 22 20 27 30 34 19 44 0 12
26 16 19 28 49 45 12 33 46 31 25 48 36 44 47 19 2 10 24 22 24 40 44 32 40 31 25 31 43 36 12 37 25 29 36 30 37 8 40 12 0
0         590      
113       232      
0         67       
266       428      
173       308      
178       330      
111       229      
352       493      
220       370      
50        190      
0         115      
200       310      
412       566      
0         147      
5         136      
118       269      
117       253      
125       260      
293       448      
0         105      
0         90       
0         133      
196       363      
0         123      
181       300      
283       432      
167       279      
0         101      
66        192      
80        198      
71        223      
40        146      
0         87       
0         93       
11        140      
157       284      
217       372      
327       469      
199       343      
383       538      
364       513      
