61
0 28 37 39 23 45 30 19 23 42 4 29 32 20 8 11 19 41 21 9 28 6 22 30 15 41 8 19 24 32 2 6 33 40 38 34 33 46 19 46 26 16 27 8 33 15 34 7 31 25 4 23 41 9 40 16 32 12 26 14 43
28 0 15 20 28 40 29 35 38 31 31 51 19 37 30 21 9 17 15 23 41 25 5 46 18 38 34 39 43 32 25 27 26 12 44 21 19 42 33 39 1 14 17 32 9 29 41 20 4 7 29 43 28 22 21 13 40 30 17 16 44
37 15 0 5 25 29 20 34 36 17 41 51 9 36 35 33 21 4 16 34 38 36 18 44 30 27 45 41 43 23 35 38 15 16 35 9 8 31 32 27 15 26 11 37 6 30 34 31 14 22 36 43 13 28 6 21 34 41 12 23 33
39 20 5 0 24 24 17 34 35 12 43 51 7 35 37 37 26 6 18 38 36 39 22 42 35 22 47 41 42 19 37 41 12 21 32 6 6 26 32 22 20 31 12 39 11 30 31 34 19 27 38 42 8 30 1 24 31 45 13 25 28
23 28 25 24 0 22 9 10 11 23 25 26 17 11 16 29 26 29 13 28 13 26 26 19 31 18 30 17 18 9 23 28 14 38 16 18 18 23 8 24 27 28 14 17 26 8 13 23 32 33 19 18 24 14 24 19 12 33 14 16 20
45 40 29 24 22 0 15 31 29 12 47 44 21 31 38 50 42 30 29 49 27 48 40 33 50 4 52 37 37 13 45 50 15 45 16 20 22 2 29 3 40 46 24 39 34 30 19 44 42 47 41 38 16 36 23 36 21 55 25 35 8
30 29 20 17 9 15 0 19 18 14 34 34 11 20 25 34 27 23 14 34 19 33 27 25 35 11 38 26 26 3 30 35 5 35 15 11 12 16 17 16 28 31 12 26 24 17 14 29 31 34 28 27 15 21 17 21 14 40 12 20 15
19 35 34 34 10 31 19 0 5 33 20 17 27 2 11 29 29 38 20 27 10 24 30 12 32 27 25 7 9 19 20 25 24 46 19 28 28 31 2 33 34 30 23 12 35 6 15 23 39 36 15 9 34 14 34 22 13 31 22 19 26
23 38 36 35 11 29 18 5 0 32 25 16 28 3 15 34 33 40 23 32 5 29 35 8 37 25 29 8 8 18 25 29 23 49 15 29 29 28 6 32 37 35 25 16 37 11 11 28 42 40 19 9 33 19 35 26 9 35 25 23 23
42 31 17 12 23 12 14 33 32 0 46 48 12 34 38 43 34 18 22 43 31 43 32 37 43 12 50 40 40 14 41 45 9 33 24 10 12 14 31 10 30 39 17 40 23 31 25 39 31 37 40 41 4 33 11 29 26 50 17 29 18
4 31 41 43 25 47 34 20 25 46 0 29 36 21 10 13 23 45 25 10 29 7 26 30 17 43 5 19 24 34 6 6 37 43 39 38 37 48 20 49 30 19 31 8 37 17 35 11 35 28 6 23 45 13 44 20 33 12 30 18 45
29 51 51 51 26 44 34 17 16 48 29 0 43 15 22 40 45 55 37 38 17 35 47 11 44 40 32 12 8 34 31 35 39 63 28 44 44 43 19 47 50 44 40 22 52 22 25 35 55 52 26 8 49 29 50 38 23 41 39 35 37
32 19 9 7 17 21 11 27 28 12 36 43 0 28 30 31 22 12 11 32 30 32 20 36 31 19 40 34 35 14 30 34 7 24 26 2 1 23 25 20 19 27 5 32 13 23 25 28 21 26 31 35 10 23 8 18 25 39 6 18 25
20 37 36 35 11 31 20 2 3 34 21 15 28 0 12 31 31 40 22 29 8 26 32 10 34 27 26 6 7 20 22 26 25 48 18 29 29 31 4 34 36 32 25 13 37 8 14 25 41 38 16 7 35 16 35 24 12 32 24 21 26
8 30 35 37 16 38 25 11 15 38 10 22 30 12 0 19 23 39 19 17 20 14 25 22 22 34 14 11 16 25 10 14 29 42 30 32 31 39 11 40 29 22 25 2 33 8 26 13 34 30 4 15 39 8 38 17 24 20 24 14 36
11 21 33 37 29 50 34 29 34 43 13 40 31 31 19 0 12 36 20 2 39 5 16 41 4 45 14 30 35 37 9 7 34 33 45 33 32 50 28 49 20 7 26 19 28 23 41 6 25 16 15 34 41 15 38 13 40 9 25 14 49
19 9 21 26 26 42 27 29 33 34 23 45 22 31 23 12 0 24 13 14 38 16 4 41 9 38 25 33 37 30 17 18 27 21 42 24 22 43 27 42 8 5 18 24 16 23 39 12 13 7 21 37 32 16 27 7 38 21 17 10 42
41 17 4 6 29 30 23 38 40 18 45 55 12 40 39 36 24 0 20 38 42 40 20 48 33 28 49 45 47 25 39 42 18 15 38 12 11 32 36 28 17 29 15 41 8 34 37 35 16 24 40 47 14 32 7 25 37 45 16 27 34
21 15 16 18 13 29 14 20 23 22 25 37 11 22 19 20 13 20 0 21 26 21 13 31 20 25 29 26 29 17 19 23 14 26 29 13 12 30 18 29 14 16 6 21 15 15 26 16 19 20 20 29 21 12 19 7 25 28 5 7 29
9 23 34 38 28 49 34 27 32 43 10 38 32 29 17 2 14 38 21 0 37 3 18 39 6 45 12 28 33 37 7 5 35 35 44 34 33 50 26 50 22 9 27 17 30 21 40 5 27 18 13 32 42 14 39 14 38 7 26 14 48
28 41 38 36 13 27 19 10 5 31 29 17 30 8 20 39 38 42 26 37 0 34 39 6 42 23 34 13 10 17 30 34 24 51 11 30 31 26 11 30 40 40 27 21 39 16 8 33 45 45 24 11 34 24 36 31 6 40 27 28 20
6 25 36 39 26 48 33 24 29 43 7 35 32 26 14 5 16 40 21 3 34 0 20 36 9 44 9 25 30 35 4 2 35 37 42 34 33 49 24 49 24 12 27 14 32 19 38 5 29 21 10 29 42 12 40 15 36 7 26 14 46
22 5 18 22 26 40 27 30 35 32 26 47 20 32 25 16 4 20 13 18 39 20 0 42 13 37 29 35 39 30 20 22 25 17 42 22 20 41 29 40 4 9 16 27 12 24 39 15 9 7 24 38 29 17 23 8 38 25 15 11 42
30 46 44 42 19 33 25 12 8 37 30 11 36 10 22 41 41 48 31 39 6 36 42 0 44 29 34 11 7 23 32 36 30 57 17 36 37 32 13 36 45 42 33 22 45 18 14 35 50 48 26 8 40 26 42 34 12 42 33 30 26
15 18 30 35 31 50 35 32 37 43 17 44 31 34 22 4 9 33 20 6 42 9 13 44 0 45 18 33 38 37 13 11 34 30 47 33 31 50 31 49 17 4 26 23 25 26 44 9 22 12 19 37 41 18 36 13 42 12 25 15 49
41 38 27 22 18 4 11 27 25 12 43 40 19 27 34 45 38 28 25 45 23 44 37 29 45 0 48 33 33 9 41 46 12 43 13 18 20 5 25 7 37 41 21 35 32 26 15 40 40 44 37 34 16 32 22 32 17 51 22 31 6
8 34 45 47 30 52 38 25 29 50 5 32 40 26 14 14 25 49 29 12 34 9 29 34 18 48 0 23 27 39 10 7 41 46 44 42 41 53 25 54 33 21 35 13 41 22 40 14 38 30 11 26 49 17 48 24 38 9 34 22 50
19 39 41 41 17 37 26 7 8 40 19 12 34 6 11 30 33 45 26 28 13 25 35 11 33 33 23 0 5 26 21 25 31 51 23 35 35 36 9 40 38 33 30 11 41 11 19 24 43 40 15 4 41 17 41 26 17 31 29 23 31
24 43 43 42 18 37 26 9 8 40 24 8 35 7 16 35 37 47 29 33 10 30 39 7 38 33 27 5 0 26 26 30 31 55 21 36 36 36 11 40 42 37 32 16 44 15 18 29 47 44 20 1 41 21 42 30 16 36 31 27 30
32 32 23 19 9 13 3 19 18 14 34 34 14 20 25 37 30 25 17 37 17 35 30 23 37 9 39 26 26 0 32 37 7 38 13 13 15 14 17 15 31 33 15 26 26 17 12 32 34 37 28 27 17 23 19 24 12 42 15 23 12
2 25 35 37 23 45 30 20 25 41 6 31 30 22 10 9 17 39 19 7 30 4 20 32 13 41 10 21 26 32 0 5 33 37 38 32 31 46 20 46 24 14 25 10 31 15 34 5 29 23 6 25 40 9 38 14 32 11 24 12 43
6 27 38 41 28 50 35 25 29 45 6 35 34 26 14 7 18 42 23 5 34 2 22 36 11 46 7 25 30 37 5 0 37 39 43 36 35 51 25 51 26 14 29 14 34 20 39 7 31 23 10 29 44 14 42 17 37 6 28 16 48
33 26 15 12 14 15 5 24 23 9 37 39 7 25 29 34 27 18 14 35 24 35 25 30 34 12 41 31 31 7 33 37 0 31 20 6 8 16 22 15 25 30 9 31 20 22 19 30 28 32 31 32 10 24 12 21 19 42 10 21 18
40 12 16 21 38 45 35 46 49 33 43 63 24 48 42 33 21 15 26 35 51 37 17 57 30 43 46 51 55 38 37 39 31 0 50 25 23 47 44 43 13 26 24 44 12 41 49 32 8 18 41 55 29 34 22 25 49 42 25 28 49
38 44 35 32 16 16 15 19 15 24 39 28 26 18 30 45 42 38 29 44 11 42 42 17 47 13 44 23 21 13 38 43 20 50 0 26 27 15 19 19 43 44 27 31 39 23 4 39 46 49 34 22 28 30 32 35 6 49 27 32 9
34 21 9 6 18 20 11 28 29 10 38 44 2 29 32 33 24 12 13 34 30 34 22 36 33 18 42 35 36 13 32 36 6 25 26 0 2 22 26 18 20 29 7 34 14 25 25 29 22 27 33 36 8 25 6 20 25 41 8 20 24
33 19 8 6 18 22 12 28 29 12 37 44 1 29 31 32 22 11 12 33 31 33 20 37 31 20 41 35 36 15 31 35 8 23 27 2 0 24 26 20 18 27 6 33 12 24 26 28 20 25 32 36 10 24 7 19 26 40 7 19 26
46 42 31 26 23 2 16 31 28 14 48 43 23 31 39 50 43 32 30 50 26 49 41 32 50 5 53 36 36 14 46 51 16 47 15 22 24 0 29 5 41 46 25 40 36 31 18 45 44 48 42 37 18 37 25 37 20 56 26 36 6
19 33 32 32 8 29 17 2 6 31 20 19 25 4 11 28 27 36 18 26 11 24 29 13 31 25 25 9 11 17 20 25 22 44 19 26 26 29 0 32 32 29 21 12 33 5 15 22 37 34 15 11 32 13 32 20 13 31 20 17 25
46 39 27 22 24 3 16 33 32 10 49 47 20 34 40 49 42 28 29 50 30 49 40 36 49 7 54 40 40 15 46 51 15 43 19 18 20 5 32 0 38 45 24 41 32 32 22 45 40 45 43 41 14 37 21 36 24 56 25 36 11
26 1 15 20 27 40 28 34 37 30 30 50 19 36 29 20 8 17 14 22 40 24 4 45 17 37 33 38 42 31 24 26 25 13 43 20 18 41 32 38 0 13 16 30 9 28 40 19 5 7 28 42 28 21 21 12 39 29 16 15 43
16 14 26 31 28 46 31 30 35 39 19 44 27 32 22 7 5 29 16 9 40 12 9 42 4 41 21 33 37 33 14 14 30 26 44 29 27 46 29 45 13 0 22 23 21 24 41 9 18 9 19 37 37 16 32 9 40 16 21 12 45
27 17 11 12 14 24 12 23 25 17 31 40 5 25 25 26 18 15 6 27 27 27 16 33 26 21 35 30 32 15 25 29 9 24 27 7 6 25 21 24 16 22 0 27 12 19 25 22 19 23 26 32 15 18 13 13 25 34 1 13 27
8 32 37 39 17 39 26 12 16 40 8 22 32 13 2 19 24 41 21 17 21 14 27 22 23 35 13 11 16 26 10 14 31 44 31 34 33 40 12 41 30 23 27 0 35 9 27 14 35 31 4 15 41 9 40 18 25 20 26 15 37
33 9 6 11 26 34 24 35 37 23 37 52 13 37 33 28 16 8 15 30 39 32 12 45 25 32 41 41 44 26 31 34 20 12 39 14 12 36 33 32 9 21 12 35 0 30 37 27 8 16 32 44 19 25 12 17 37 37 13 19 38
15 29 30 30 8 30 17 6 11 31 17 22 23 8 8 23 23 34 15 21 16 19 24 18 26 26 22 11 15 17 15 20 22 41 23 25 24 31 5 32 28 24 19 9 30 0 19 17 33 30 11 14 32 8 31 16 17 26 18 13 28
34 41 34 31 13 19 14 15 11 25 35 25 25 14 26 41 39 37 26 40 8 38 39 14 44 15 40 19 18 12 34 39 19 49 4 25 26 18 15 22 40 41 25 27 37 19 0 35 44 46 30 19 28 26 31 32 2 45 25 29 12
7 20 31 34 23 44 29 23 28 39 11 35 28 25 13 6 12 35 16 5 33 5 15 35 9 40 14 24 29 32 5 7 30 32 39 29 28 45 22 45 19 9 22 14 27 17 35 0 24 18 10 28 37 9 35 10 34 12 21 9 43
31 4 14 19 32 42 31 39 42 31 35 55 21 41 34 25 13 16 19 27 45 29 9 50 22 40 38 43 47 34 29 31 28 8 46 22 20 44 37 40 5 18 19 35 8 33 44 24 0 10 33 47 27 26 20 17 44 34 19 20 46
25 7 22 27 33 47 34 36 40 37 28 52 26 38 30 16 7 24 20 18 45 21 7 48 12 44 30 40 44 37 23 23 32 18 49 27 25 48 34 45 7 9 23 31 16 30 46 18 10 0 28 44 35 23 28 14 45 24 22 17 49
4 29 36 38 19 41 28 15 19 40 6 26 31 16 4 15 21 40 20 13 24 10 24 26 19 37 11 15 20 28 6 10 31 41 34 33 32 42 15 43 28 19 26 4 32 11 30 10 33 28 0 19 40 8 39 16 28 16 25 13 39
23 43 43 42 18 38 27 9 9 41 23 8 35 7 15 34 37 47 29 32 11 29 38 8 37 34 26 4 1 27 25 29 32 55 22 36 36 37 11 41 42 37 32 15 44 14 19 28 47 44 19 0 42 21 42 30 17 35 31 27 31
41 28 13 8 24 16 15 34 33 4 45 49 10 35 39 41 32 14 21 42 34 42 29 40 41 16 49 41 41 17 40 44 10 29 28 8 10 18 32 14 28 37 15 41 19 32 28 37 27 35 40 42 0 32 7 28 29 49 16 28 22
9 22 28 30 14 36 21 14 19 33 13 29 23 16 8 15 16 32 12 14 24 12 17 26 18 32 17 17 21 23 9 14 24 34 30 25 24 37 13 37 21 16 18 9 25 8 26 9 26 23 8 21 32 0 31 9 25 19 17 6 34
40 21 6 1 24 23 17 34 35 11 44 50 8 35 38 38 27 7 19 39 36 40 23 42 36 22 48 41 42 19 38 42 12 22 32 6 7 25 32 21 21 32 13 40 12 31 31 35 20 28 39 42 7 31 0 25 31 46 14 26 28
16 13 21 24 19 36 21 22 26 29 20 38 18 24 17 13 7 25 7 14 31 15 8 34 13 32 24 26 30 24 14 17 21 25 35 20 19 37 20 36 12 9 13 18 17 16 32 10 17 14 16 30 28 9 25 0 31 21 12 3 36
32 40 34 31 12 21 14 13 9 26 33 23 25 12 24 40 38 37 25 38 6 36 38 12 42 17 38 17 16 12 32 37 19 49 6 25 26 20 13 24 39 40 25 25 37 17 2 34 44 45 28 17 29 25 31 31 0 43 25 28 14
12 30 41 45 33 55 40 31 35 50 12 41 39 32 20 9 21 45 28 7 40 7 25 42 12 51 9 31 36 42 11 6 42 42 49 41 40 56 31 56 29 16 34 20 37 26 45 12 34 24 16 35 49 19 46 21 43 0 33 21 53
26 17 12 13 14 25 12 22 25 17 30 39 6 24 24 25 17 16 5 26 27 26 15 33 25 22 34 29 31 15 24 28 10 25 27 8 7 26 20 25 16 21 1 26 13 18 25 21 19 22 25 31 16 17 14 12 25 33 0 12 27
14 16 23 25 16 35 20 19 23 29 18 35 18 21 14 14 10 27 7 14 28 14 11 30 15 31 22 23 27 23 12 16 21 28 32 20 19 36 17 36 15 12 13 15 19 13 29 9 20 17 13 27 28 6 26 3 28 21 12 0 35
43 44 33 28 20 8 15 26 23 18 45 37 25 26 36 49 42 34 29 48 20 46 42 26 49 6 50 31 30 12 43 48 18 49 9 24 26 6 25 11 43 45 27 37 38 28 12 43 46 49 39 31 22 34 28 36 14 53 27 35 0
0         771      
416       537      
26        174      
25        145      
135       276      
602       725      
57        187      
156       314      
169       326      
97        219      
0         87       
536       694      
6         159      
169       325      
230       390      
0         100      
0         134      
46        177      
8         124      
0         99       
150       295      
0         82       
338       468      
199       366      
293       446      
117       254      
433       579      
194       325      
192       323      
121       233      
0         64       
0         111      
86        219      
355       485      
109       246      
0         144      
42        198      
85        226      
200       355      
76        215      
321       493      
0         115      
0         137      
280       391      
10        151      
159       289      
135       249      
0         101      
358       506      
347       453      
238       401      
197       233      
492       636      
241       380      
376       538      
0         132      
126       280      
305       431      
41        194      
288       431      
593       710      
