61
0 59 34 46 13 19 32 43 6 34 31 50 4 45 21 40 64 46 26 1 45 38 22 23 51 43 48 58 47 49 55 46 43 39 49 47 49 47 26 14 54 13 22 52 34 32 31 35 53 21 46 5 48 28 49 14 48 34 17 47 40
59 0 26 22 46 43 35 29 53 29 28 16 56 16 46 30 6 41 37 58 43 25 38 41 20 34 42 2 22 21 7 13 17 42 24 43 20 25 36 50 10 46 40 14 27 27 28 39 7 46 16 54 11 32 36 45 26 25 44 43 33
34 26 0 25 25 24 11 28 29 19 6 16 31 11 19 11 30 37 22 33 38 19 20 25 30 16 39 24 14 28 20 13 9 34 17 39 15 15 10 30 26 21 14 18 17 10 10 29 23 30 12 29 15 15 36 21 31 5 24 39 27
46 22 25 0 32 27 35 7 39 11 21 27 44 23 42 35 28 19 20 45 21 8 22 24 6 40 20 23 31 4 23 20 22 20 34 21 30 34 33 34 12 34 35 27 11 17 18 17 15 29 23 40 21 17 15 32 6 20 28 21 11
13 46 25 32 0 6 26 30 7 20 20 40 13 34 19 34 52 33 13 13 32 24 9 10 37 37 35 46 39 35 43 35 32 26 41 34 40 39 20 6 41 6 16 41 21 19 19 22 41 10 35 8 37 15 36 5 35 23 4 34 27
19 43 24 27 6 0 27 24 13 16 18 38 19 32 23 34 49 27 7 19 26 20 5 4 33 38 29 43 38 31 40 32 30 20 41 28 39 39 21 7 37 11 19 39 17 16 16 16 37 6 33 14 34 11 30 9 29 21 2 28 21
32 35 11 35 26 27 0 38 29 29 15 22 28 19 12 9 39 47 29 31 48 29 25 30 40 11 49 33 17 38 29 22 18 43 18 49 19 16 6 32 37 21 10 24 27 20 19 38 34 33 20 29 24 24 46 21 41 15 27 49 37
43 29 28 7 30 24 38 0 37 10 23 33 43 29 42 39 35 12 17 43 14 9 21 21 10 44 13 30 37 8 30 26 28 13 40 14 36 40 34 31 19 34 35 33 11 18 19 12 22 25 29 38 27 17 9 32 5 23 26 14 5
6 53 29 39 7 13 29 37 0 27 26 45 6 40 19 37 59 40 20 6 39 31 16 17 44 40 42 53 43 42 49 41 38 33 45 41 44 43 23 8 48 8 19 47 28 26 26 29 48 15 41 1 43 22 43 9 42 29 11 41 34
34 29 19 11 20 16 29 10 27 0 14 30 33 24 32 30 35 18 9 33 19 4 11 13 17 35 20 29 31 15 29 23 22 15 34 20 31 33 25 23 21 24 26 31 3 9 10 10 22 18 25 28 25 7 17 22 15 15 17 20 8
31 28 6 21 20 18 15 23 26 14 0 20 28 14 21 17 33 32 16 30 33 14 14 19 27 22 34 27 20 25 23 15 12 28 23 34 21 21 12 24 25 18 14 21 12 5 4 23 23 24 15 26 17 9 31 17 27 3 18 34 22
50 16 16 27 40 38 22 33 45 30 20 0 47 6 34 14 18 45 36 49 47 26 34 39 30 18 46 14 6 29 9 7 8 44 8 47 4 9 25 44 21 37 29 2 27 23 23 40 17 44 5 45 7 29 42 37 33 17 38 47 36
4 56 31 44 13 19 28 43 6 33 28 47 0 42 17 36 61 46 26 3 45 36 22 23 50 39 48 55 44 48 51 43 40 39 45 47 46 43 22 14 52 10 18 49 33 29 28 35 50 21 43 5 45 27 49 12 48 31 17 47 40
45 16 11 23 34 32 19 29 40 24 14 6 42 0 30 14 20 41 30 44 42 21 28 33 26 18 42 14 8 25 10 3 2 39 11 43 8 11 21 38 18 32 25 7 21 17 17 34 15 38 1 40 5 23 38 31 29 11 32 43 31
21 46 19 42 19 23 12 42 19 32 21 34 17 30 0 21 49 49 28 20 49 34 24 27 48 22 51 43 29 46 39 32 28 43 30 50 31 28 9 25 45 13 7 36 31 25 24 37 42 28 31 19 34 25 49 14 47 23 21 50 40
40 30 11 35 34 34 9 39 37 30 17 14 36 14 21 0 32 48 33 39 49 30 31 36 39 5 50 28 8 38 23 17 13 45 9 50 10 7 14 40 32 29 18 16 28 21 21 40 29 40 14 37 19 26 47 29 41 16 34 50 38
64 6 30 28 52 49 39 35 59 35 33 18 61 20 49 32 0 47 43 63 49 31 44 47 26 36 48 6 24 27 10 17 21 48 26 49 22 27 40 56 16 51 44 16 33 33 33 45 13 52 19 59 15 38 42 49 32 29 50 49 39
46 41 37 19 33 27 47 12 40 18 32 45 46 41 49 48 47 0 20 46 2 20 24 23 21 53 2 42 48 20 42 38 39 7 51 2 48 51 43 32 31 37 42 45 21 27 28 11 34 25 41 41 39 24 5 35 15 33 29 2 10
26 37 22 20 13 7 29 17 20 9 16 36 26 30 28 33 43 20 0 26 20 13 4 4 26 38 22 37 36 24 36 29 28 14 39 22 37 37 24 14 30 17 22 37 10 13 13 9 31 9 31 21 31 7 23 15 22 19 9 22 14
1 58 33 45 13 19 31 43 6 33 30 49 3 44 20 39 63 46 26 0 45 37 22 23 50 42 48 57 47 48 53 45 42 39 48 47 48 46 25 14 54 12 21 51 34 31 30 35 52 21 45 5 47 28 49 14 48 33 17 47 40
45 43 38 21 32 26 48 14 39 19 33 47 45 42 49 49 49 2 20 45 0 21 24 22 23 54 3 44 50 22 44 40 40 6 53 2 49 52 43 31 33 37 42 47 22 28 29 11 36 24 43 40 41 24 7 35 17 34 28 2 11
38 25 19 8 24 20 29 9 31 4 14 26 36 21 34 30 31 20 13 37 21 0 15 17 14 35 22 25 28 12 25 19 19 18 31 22 28 31 25 27 17 26 27 27 3 9 10 14 18 22 22 32 21 9 18 24 13 14 21 22 10
22 38 20 22 9 5 25 21 16 11 14 34 22 28 24 31 44 24 4 22 24 15 0 5 28 35 26 38 34 26 35 27 26 18 37 26 35 35 20 12 32 13 18 35 12 11 11 13 32 10 29 17 29 6 27 11 26 17 6 26 18
23 41 25 24 10 4 30 21 17 13 19 39 23 33 27 36 47 23 4 23 22 17 5 0 30 40 25 41 39 28 40 32 31 16 42 24 40 40 24 10 34 15 22 40 14 16 16 12 35 5 34 18 34 10 26 13 26 22 6 24 17
51 20 30 6 37 33 40 10 44 17 27 30 50 26 48 39 26 21 26 50 23 14 28 30 0 44 22 21 34 2 24 23 26 23 37 23 33 37 39 40 10 40 41 29 17 23 24 22 14 35 26 45 23 23 16 38 6 25 34 23 15
43 34 16 40 37 38 11 44 40 35 22 18 39 18 22 5 36 53 38 42 54 35 35 40 44 0 55 32 12 43 27 21 18 50 10 55 14 9 17 43 36 32 21 20 33 26 26 45 33 44 18 40 23 31 52 32 46 21 37 55 43
48 42 39 20 35 29 49 13 42 20 34 46 48 42 51 50 48 2 22 48 3 22 26 25 22 55 0 43 50 21 43 39 41 9 53 1 49 53 45 34 32 39 44 46 23 29 30 13 35 27 42 43 40 26 6 37 16 35 31 1 12
58 2 24 23 46 43 33 30 53 29 27 14 55 14 43 28 6 42 37 57 44 25 38 41 21 32 43 0 20 22 5 11 15 43 22 44 18 23 34 50 11 45 38 12 27 27 27 39 8 46 14 53 9 32 37 43 27 23 44 44 34
47 22 14 31 39 38 17 37 43 31 20 6 44 8 29 8 24 48 36 47 50 28 34 39 34 12 50 20 0 33 15 10 9 46 3 50 2 3 21 44 25 35 25 8 28 23 23 41 22 44 7 43 12 29 45 34 37 17 38 50 38
49 21 28 4 35 31 38 8 42 15 25 29 48 25 46 38 27 20 24 48 22 12 26 28 2 43 21 22 33 0 24 22 25 21 36 22 32 36 37 38 11 38 39 28 15 21 22 20 14 33 25 43 22 21 15 36 5 23 32 22 13
55 7 20 23 43 40 29 30 49 29 23 9 51 10 39 23 10 42 36 53 44 25 35 40 24 27 43 5 15 24 0 7 11 43 17 44 13 18 30 47 14 41 34 7 26 23 24 39 10 44 9 49 5 29 38 39 29 19 40 44 34
46 13 13 20 35 32 22 26 41 23 15 7 43 3 32 17 17 38 29 45 40 19 27 32 23 21 39 11 10 22 7 0 4 37 13 40 10 13 23 39 15 33 27 8 20 16 17 33 12 37 3 41 2 22 35 32 26 12 33 40 29
43 17 9 22 32 30 18 28 38 22 12 8 40 2 28 13 21 39 28 42 40 19 26 31 26 18 41 15 9 25 11 4 0 37 12 41 9 12 19 36 19 30 23 9 19 15 15 32 16 36 3 38 6 21 37 29 28 9 30 41 29
39 42 34 20 26 20 43 13 33 15 28 44 39 39 43 45 48 7 14 39 6 18 18 16 23 50 9 43 46 21 43 37 37 0 49 8 46 48 38 25 32 31 36 45 18 24 24 5 35 18 40 34 39 19 11 29 18 30 22 8 9
49 24 17 34 41 41 18 40 45 34 23 8 45 11 30 9 26 51 39 48 53 31 37 42 37 10 53 22 3 36 17 13 12 49 0 53 4 2 23 47 28 37 27 10 31 26 26 44 25 47 10 45 14 32 48 36 39 20 41 53 41
47 43 39 21 34 28 49 14 41 20 34 47 47 43 50 50 49 2 22 47 2 22 26 24 23 55 1 44 50 22 44 40 41 8 53 0 50 53 45 33 33 39 44 47 23 29 30 13 36 26 43 42 41 26 7 37 17 35 30 0 12
49 20 15 30 40 39 19 36 44 31 21 4 46 8 31 10 22 48 37 48 49 28 35 40 33 14 49 18 2 32 13 10 9 46 4 50 0 5 23 45 24 36 27 6 28 24 24 41 20 45 7 44 10 30 45 36 36 18 39 50 38
47 25 15 34 39 39 16 40 43 33 21 9 43 11 28 7 27 51 37 46 52 31 35 40 37 9 53 23 3 36 18 13 12 48 2 53 5 0 21 45 28 35 25 11 30 24 24 43 25 45 10 43 15 30 48 34 39 18 39 53 41
26 36 10 33 20 21 6 34 23 25 12 25 22 21 9 14 40 43 24 25 43 25 20 24 39 17 45 34 21 37 30 23 19 38 23 45 23 21 0 26 36 15 4 27 23 16 15 33 33 27 22 23 25 19 42 15 38 14 21 45 33
14 50 30 34 6 7 32 31 8 23 24 44 14 38 25 40 56 32 14 14 31 27 12 10 40 43 34 50 44 38 47 39 36 25 47 33 45 45 26 0 44 12 22 45 24 23 23 21 44 7 39 9 41 18 35 11 36 27 6 33 27
54 10 26 12 41 37 37 19 48 21 25 21 52 18 45 32 16 31 30 54 33 17 32 34 10 36 32 11 25 11 14 15 19 32 28 33 24 28 36 44 0 41 38 20 20 22 23 29 4 39 18 49 14 26 26 40 16 22 38 33 23
13 46 21 34 6 11 21 34 8 24 18 37 10 32 13 29 51 37 17 12 37 26 13 15 40 32 39 45 35 38 41 33 30 31 37 39 36 35 15 12 41 0 11 39 23 19 18 26 40 16 33 8 35 17 40 2 39 21 9 39 31
22 40 14 35 16 19 10 35 19 26 14 29 18 25 7 18 44 42 22 21 42 27 18 22 41 21 44 38 25 39 34 27 23 36 27 44 27 25 4 22 38 11 0 31 24 18 17 31 36 25 26 19 29 19 43 11 40 16 18 44 34
52 14 18 27 41 39 24 33 47 31 21 2 49 7 36 16 16 45 37 51 47 27 35 40 29 20 46 12 8 28 7 8 9 45 10 47 6 11 27 45 20 39 31 0 28 24 24 41 16 45 6 47 6 30 42 38 33 18 39 47 36
34 27 17 11 21 17 27 11 28 3 12 27 33 21 31 28 33 21 10 34 22 3 12 14 17 33 23 27 28 15 26 20 19 18 31 23 28 30 23 24 20 23 24 28 0 7 8 13 21 19 22 29 22 6 20 21 16 12 18 23 11
32 27 10 17 19 16 20 18 26 9 5 23 29 17 25 21 33 27 13 31 28 9 11 16 23 26 29 27 23 21 23 16 15 24 26 29 24 24 16 23 22 19 18 24 7 0 1 19 22 21 18 27 18 6 26 18 22 6 17 29 17
31 28 10 18 19 16 19 19 26 10 4 23 28 17 24 21 33 28 13 30 29 10 11 16 24 26 30 27 23 22 24 17 15 24 26 30 24 24 15 23 23 18 17 24 8 1 0 19 22 21 18 26 19 6 27 17 23 6 17 30 18
35 39 29 17 22 16 38 12 29 10 23 40 35 34 37 40 45 11 9 35 11 14 13 12 22 45 13 39 41 20 39 33 32 5 44 13 41 43 33 21 29 26 31 41 13 19 19 0 32 14 35 30 35 14 14 24 17 25 18 13 7
53 7 23 15 41 37 34 22 48 22 23 17 50 15 42 29 13 34 31 52 36 18 32 35 14 33 35 8 22 14 10 12 16 35 25 36 20 25 33 44 4 40 36 16 21 22 22 32 0 40 15 48 10 26 29 39 19 20 38 36 26
21 46 30 29 10 6 33 25 15 18 24 44 21 38 28 40 52 25 9 21 24 22 10 5 35 44 27 46 44 33 44 37 36 18 47 26 45 45 27 7 39 16 25 45 19 21 21 14 40 0 39 16 39 15 28 14 30 27 7 26 21
46 16 12 23 35 33 20 29 41 25 15 5 43 1 31 14 19 41 31 45 43 22 29 34 26 18 42 14 7 25 9 3 3 40 10 43 7 10 22 39 18 33 26 6 22 18 18 35 15 39 0 41 5 24 38 32 29 12 33 43 32
5 54 29 40 8 14 29 38 1 28 26 45 5 40 19 37 59 41 21 5 40 32 17 18 45 40 43 53 43 43 49 41 38 34 45 42 44 43 23 9 49 8 19 47 29 27 26 30 48 16 41 0 43 23 44 10 43 29 12 42 35
48 11 15 21 37 34 24 27 43 25 17 7 45 5 34 19 15 39 31 47 41 21 29 34 23 23 40 9 12 22 5 2 6 39 14 41 10 15 25 41 14 35 29 6 22 18 19 35 10 39 5 43 0 24 36 34 27 14 35 41 30
28 32 15 17 15 11 24 17 22 7 9 29 27 23 25 26 38 24 7 28 24 9 6 10 23 31 26 32 29 21 29 22 21 19 32 26 30 30 19 18 26 17 19 30 6 6 6 14 26 15 24 23 24 0 24 15 22 12 12 26 15
49 36 36 15 36 30 46 9 43 17 31 42 49 38 49 47 42 5 23 49 7 18 27 26 16 52 6 37 45 15 38 35 37 11 48 7 45 48 42 35 26 40 43 42 20 26 27 14 29 28 38 44 36 24 0 38 10 32 32 7 9
14 45 21 32 5 9 21 32 9 22 17 37 12 31 14 29 49 35 15 14 35 24 11 13 38 32 37 43 34 36 39 32 29 29 36 37 36 34 15 11 40 2 11 38 21 18 17 24 39 14 32 10 34 15 38 0 37 20 7 37 29
48 26 31 6 35 29 41 5 42 15 27 33 48 29 47 41 32 15 22 48 17 13 26 26 6 46 16 27 37 5 29 26 28 18 39 17 36 39 38 36 16 39 40 33 16 22 23 17 19 30 29 43 27 22 10 37 0 26 31 17 10
34 25 5 20 23 21 15 23 29 15 3 17 31 11 23 16 29 33 19 33 34 14 17 22 25 21 35 23 17 23 19 12 9 30 20 35 18 18 14 27 22 21 16 18 12 6 6 25 20 27 12 29 14 12 32 20 26 0 21 35 23
17 44 24 28 4 2 27 26 11 17 18 38 17 32 21 34 50 29 9 17 28 21 6 6 34 37 31 44 38 32 40 33 30 22 41 30 39 39 21 6 38 9 18 39 18 17 17 18 38 7 33 12 35 12 32 7 31 21 0 30 23
47 43 39 21 34 28 49 14 41 20 34 47 47 43 50 50 49 2 22 47 2 22 26 24 23 55 1 44 50 22 44 40 41 8 53 0 50 53 45 33 33 39 44 47 23 29 30 13 36 26 43 42 41 26 7 37 17 35 30 0 12
40 33 27 11 27 21 37 5 34 8 22 36 40 31 40 38 39 10 14 40 11 10 18 17 15 43 12 34 38 13 34 29 29 9 41 12 38 41 33 27 23 31 34 36 11 17 18 7 26 21 32 35 30 15 9 29 10 23 23 12 0
0         744      
272       450      
145       283      
38        202      
0         85       
0         177      
160       295      
27        194      
0         115      
35        141      
114       323      
286       473      
0         80       
369       563      
535       706      
391       560      
260       415      
15        264      
0         131      
0         124      
53        204      
39        159      
0         160      
0         168      
28        233      
360       520      
22        233      
358       564      
294       457      
78        304      
298       466      
309       463      
252       446      
17        228      
265       452      
47        253      
315       484      
300       501      
165       315      
433       647      
200       445      
0         148      
180       330      
299       513      
115       311      
73        260      
153       306      
243       398      
402       608      
211       412      
274       429      
0         137      
311       471      
159       392      
0         206      
0         149      
0         233      
153       281      
0         123      
76        278      
481       704      
