61
0 29 34 10 14 23 15 19 18 42 15 27 38 30 15 13 44 22 30 18 26 38 44 45 33 30 25 44 35 45 17 48 48 39 43 43 36 18 21 44 31 42 33 46 27 4 47 29 30 40 13 19 48 44 20 12 32 27 33 23 49
29 0 29 18 26 17 23 9 20 13 13 25 14 14 15 21 21 8 6 11 21 30 27 17 12 16 11 15 18 19 26 20 20 11 26 15 17 13 16 30 10 20 5 24 22 26 19 5 25 16 19 21 20 20 10 16 25 29 13 24 21
34 29 0 29 42 40 40 29 16 31 25 7 24 15 23 37 50 23 35 30 9 58 56 42 19 44 18 38 47 45 17 39 36 35 55 35 46 32 15 59 39 49 29 53 8 36 38 25 5 45 22 15 44 49 30 27 4 51 18 45 42
10 18 29 0 13 15 11 9 13 31 6 22 29 22 7 8 35 13 20 8 21 33 35 35 24 21 16 33 26 35 15 38 38 29 34 33 27 9 15 37 22 33 23 37 22 8 37 20 25 31 7 14 38 35 10 3 27 24 24 19 39
14 26 42 13 0 11 3 17 26 39 19 35 38 35 20 6 33 25 24 15 34 24 31 38 36 18 29 39 23 38 28 45 46 35 30 41 24 13 28 31 22 30 31 34 35 10 44 29 38 30 20 27 41 34 16 16 40 13 36 10 45
23 17 40 15 11 0 8 10 25 30 15 33 31 28 17 10 21 18 13 9 30 18 21 27 29 7 22 28 12 26 29 34 37 24 20 30 13 7 24 22 11 19 22 23 31 19 33 22 34 19 20 26 30 23 9 15 36 12 29 7 34
15 23 40 11 3 8 0 14 24 36 16 33 35 32 17 3 29 22 21 12 31 22 29 35 33 15 26 36 20 34 26 42 43 32 28 38 21 10 25 29 19 27 28 31 32 11 41 26 35 27 18 25 38 31 13 13 37 13 33 8 42
19 9 29 9 17 10 14 0 15 22 6 23 22 18 8 11 26 8 11 2 20 28 28 26 19 14 12 24 19 26 20 29 29 20 27 24 19 4 14 31 13 24 14 28 21 17 28 13 24 22 12 16 29 26 1 8 26 22 19 17 30
18 20 16 13 26 25 24 15 0 28 9 9 22 13 7 21 40 12 25 15 8 43 43 37 17 29 10 34 34 39 6 36 34 30 42 31 34 17 4 46 28 39 23 43 9 20 35 18 12 36 6 1 40 40 16 11 14 36 16 30 38
42 13 31 31 39 30 36 22 28 0 26 30 7 17 27 33 25 19 18 24 26 42 34 14 12 29 18 9 30 17 34 8 7 8 34 4 28 26 24 40 22 26 8 29 27 39 7 12 28 21 30 29 15 23 23 29 27 42 13 37 11
15 13 25 6 19 15 16 6 9 26 0 18 22 16 2 13 32 7 17 6 15 33 34 30 18 20 10 28 25 32 14 33 33 24 33 28 25 8 9 37 19 30 18 34 16 14 32 14 19 28 6 10 33 32 7 3 21 26 18 21 34
27 25 7 22 35 33 33 23 9 30 18 0 23 13 16 30 46 17 30 24 4 51 51 40 18 37 14 37 42 42 10 38 35 33 50 34 41 26 9 54 34 44 26 48 3 29 37 21 3 41 15 8 43 45 24 20 5 44 17 39 41
38 14 24 29 38 31 35 22 22 7 22 23 0 10 23 33 30 15 19 24 19 43 38 20 5 30 13 15 31 23 28 15 12 13 38 11 30 25 18 43 23 30 9 34 20 36 14 9 21 25 25 23 21 28 22 25 20 43 6 38 18
30 14 15 22 35 28 32 18 13 17 16 13 10 0 15 29 35 10 20 20 9 44 41 27 5 30 6 24 32 30 18 25 22 20 40 21 31 22 9 44 24 34 14 38 10 30 24 10 11 30 17 13 30 34 19 19 11 40 4 35 28
15 15 23 7 20 17 17 8 7 27 2 16 23 15 0 14 34 8 19 8 14 35 36 32 18 22 10 30 27 34 12 34 34 26 35 29 27 10 8 39 21 32 19 36 15 15 33 15 18 30 4 8 35 34 9 4 20 28 18 23 35
13 21 37 8 6 10 3 11 21 33 13 30 33 29 14 0 31 19 20 9 28 25 31 35 30 17 23 35 22 35 23 40 40 31 30 35 23 8 22 32 20 29 25 33 29 9 39 24 32 29 15 22 38 32 11 10 34 16 30 11 41
44 21 50 35 33 21 29 26 40 25 32 46 30 35 34 31 0 28 15 27 42 19 10 13 31 14 32 17 10 10 45 24 28 17 10 22 8 26 36 16 13 2 21 4 43 40 24 25 46 5 38 41 14 3 25 34 46 25 32 23 22
22 8 23 13 25 18 22 8 12 19 7 17 15 10 8 19 28 0 13 10 14 35 33 25 11 21 4 22 25 27 18 26 26 18 32 21 24 12 8 37 17 27 11 31 15 21 25 7 18 24 12 13 28 28 9 10 18 30 11 25 27
30 6 35 20 24 13 21 11 25 18 17 30 19 20 19 20 15 13 0 12 27 24 21 15 18 11 17 15 12 15 30 21 24 11 20 17 11 12 21 24 4 14 10 18 28 27 20 11 31 11 23 26 18 15 10 19 31 24 19 19 21
18 11 30 8 15 9 12 2 15 24 6 24 24 20 8 9 27 10 12 0 21 27 28 27 21 14 14 26 19 27 20 31 31 22 27 26 19 2 15 31 14 25 16 29 22 15 30 15 25 23 12 16 30 27 2 7 27 21 21 15 32
26 21 9 21 34 30 31 20 8 26 15 4 19 9 14 28 42 14 27 21 0 48 47 36 14 34 10 33 39 38 11 34 31 29 46 30 38 23 6 51 31 41 22 45 1 28 33 17 4 37 14 7 39 41 21 18 6 41 13 36 37
38 30 58 33 24 18 22 28 43 42 33 51 43 44 35 25 19 35 24 27 48 0 11 32 42 14 39 36 12 29 47 43 47 34 10 40 14 25 42 7 20 17 34 16 49 33 43 35 52 22 38 43 33 22 27 33 53 11 43 14 41
44 27 56 35 31 21 29 28 43 34 34 51 38 41 36 31 10 33 21 28 47 11 0 23 39 14 37 27 9 20 48 34 38 26 1 31 9 27 41 6 16 8 29 6 48 40 34 32 51 13 40 44 24 13 27 35 51 20 40 21 32
45 17 42 35 38 27 35 26 37 14 30 40 20 27 32 35 13 25 15 27 36 32 23 0 23 22 27 5 20 3 43 11 15 7 23 10 18 27 33 29 16 15 14 17 37 42 11 19 38 10 36 38 3 10 25 33 38 35 24 32 9
33 12 19 24 36 29 33 19 17 12 18 18 5 5 18 30 31 11 18 21 14 42 39 23 0 28 8 19 30 26 23 20 17 16 38 16 29 23 13 42 22 32 10 35 15 32 19 7 16 26 20 18 25 30 20 21 15 41 1 36 23
30 16 44 21 18 7 15 14 29 29 20 37 30 30 22 17 14 21 11 14 34 14 14 22 28 0 25 24 5 21 34 31 34 21 13 27 6 13 28 17 7 12 21 16 35 26 30 21 38 13 26 30 25 16 13 21 39 13 29 10 30
25 11 18 16 29 22 26 12 10 18 10 14 13 6 10 23 32 4 17 14 10 39 37 27 8 25 0 24 29 29 16 26 25 20 36 21 28 16 6 41 21 31 13 35 11 24 25 8 14 27 12 11 30 31 13 13 14 34 8 29 28
44 15 38 33 39 28 36 24 34 9 28 37 15 24 30 35 17 22 15 26 33 36 27 5 19 24 24 0 24 8 40 7 11 4 27 5 22 27 30 33 17 19 11 21 34 41 7 16 35 14 34 35 6 14 24 31 34 37 20 34 6
35 18 47 26 23 12 20 19 34 30 25 42 31 32 27 22 10 25 12 19 39 12 9 20 30 5 29 24 0 19 39 31 35 22 8 28 2 18 33 12 8 8 22 11 40 31 31 23 43 10 31 35 22 13 18 26 43 15 31 13 29
45 19 45 35 38 26 34 26 39 17 32 42 23 30 34 35 10 27 15 27 38 29 20 3 26 21 29 8 19 0 45 14 18 10 20 13 16 27 35 26 15 12 16 14 39 42 14 21 41 8 38 40 4 7 25 34 41 33 27 31 12
17 26 17 15 28 29 26 20 6 34 14 10 28 18 12 23 45 18 30 20 11 47 48 43 23 34 16 40 39 45 0 42 40 36 47 37 39 21 10 51 33 44 29 48 11 19 41 24 13 41 8 5 46 45 21 13 15 39 22 33 44
48 20 39 38 45 34 42 29 36 8 33 38 15 25 34 40 24 26 21 31 34 43 34 11 20 31 26 7 31 14 42 0 5 10 34 5 29 33 32 40 24 26 15 28 35 46 1 19 36 21 38 37 11 21 30 36 35 44 21 40 3
48 20 36 38 46 37 43 29 34 7 33 35 12 22 34 40 28 26 24 31 31 47 38 15 17 34 25 11 35 18 40 5 0 13 38 7 33 33 30 44 27 30 15 32 32 46 4 19 33 25 37 35 15 25 30 36 32 47 18 43 8
39 11 35 29 35 24 32 20 30 8 24 33 13 20 26 31 17 18 11 22 29 34 26 7 16 21 20 4 22 10 36 10 13 0 26 6 20 23 26 32 14 18 7 21 30 37 9 12 31 13 30 31 10 15 20 27 31 34 17 30 10
43 26 55 34 30 20 28 27 42 34 33 50 38 40 35 30 10 32 20 27 46 10 1 23 38 13 36 27 8 20 47 34 38 26 0 31 8 26 40 6 15 8 29 6 47 39 34 31 50 13 39 43 24 13 26 34 50 19 39 20 32
43 15 35 33 41 30 38 24 31 4 28 34 11 21 29 35 22 21 17 26 30 40 31 10 16 27 21 5 28 13 37 5 7 6 31 0 26 28 27 37 20 23 10 26 31 41 4 14 32 18 33 32 11 19 25 31 31 40 17 36 7
36 17 46 27 24 13 21 19 34 28 25 41 30 31 27 23 8 24 11 19 38 14 9 18 29 6 28 22 2 16 39 29 33 20 8 26 0 18 32 13 7 6 21 10 39 32 29 22 42 8 31 35 20 11 18 26 42 17 30 15 27
18 13 32 9 13 7 10 4 17 26 8 26 25 22 10 8 26 12 12 2 23 25 27 27 23 13 16 27 18 27 21 33 33 23 26 28 18 0 17 29 13 24 18 28 24 15 32 16 27 22 13 18 30 26 3 8 29 18 23 13 33
21 16 15 15 28 24 25 14 4 24 9 9 18 9 8 22 36 8 21 15 6 42 41 33 13 28 6 30 33 35 10 32 30 26 40 27 32 17 0 45 25 35 19 39 7 22 31 14 10 32 8 5 36 36 15 12 12 35 12 30 34
44 30 59 37 31 22 29 31 46 40 37 54 43 44 39 32 16 37 24 31 51 7 6 29 42 17 41 33 12 26 51 40 44 32 6 37 13 29 45 0 20 14 34 12 52 40 40 35 55 19 42 47 30 19 30 37 55 18 43 21 38
31 10 39 22 22 11 19 13 28 22 19 34 23 24 21 20 13 17 4 14 31 20 16 16 22 7 21 17 8 15 33 24 27 14 15 20 7 13 25 20 0 11 14 15 32 28 23 15 35 9 25 29 19 13 12 21 35 20 23 17 23
42 20 49 33 30 19 27 24 39 26 30 44 30 34 32 29 2 27 14 25 41 17 8 15 32 12 31 19 8 12 44 26 30 18 8 23 6 24 35 14 11 0 21 4 42 38 26 25 45 5 36 40 16 5 23 32 45 23 32 21 24
33 5 29 23 31 22 28 14 23 8 18 26 9 14 19 25 21 11 10 16 22 34 29 14 10 21 13 11 22 16 29 15 15 7 29 10 21 18 19 34 14 21 0 25 23 31 14 5 25 16 23 24 17 20 15 21 25 34 11 29 16
46 24 53 37 34 23 31 28 43 29 34 48 34 38 36 33 4 31 18 29 45 16 6 17 35 16 35 21 11 14 48 28 32 21 6 26 10 28 39 12 15 4 25 0 46 42 28 29 49 9 40 44 18 7 27 36 49 25 36 24 26
27 22 8 22 35 31 32 21 9 27 16 3 20 10 15 29 43 15 28 22 1 49 48 37 15 35 11 34 40 39 11 35 32 30 47 31 39 24 7 52 32 42 23 46 0 29 34 18 3 38 15 8 40 42 22 19 5 42 14 37 38
4 26 36 8 10 19 11 17 20 39 14 29 36 30 15 9 40 21 27 15 28 33 40 42 32 26 24 41 31 42 19 46 46 37 39 41 32 15 22 40 28 38 31 42 29 0 45 28 32 37 14 21 45 41 17 11 34 23 32 19 47
47 19 38 37 44 33 41 28 35 7 32 37 14 24 33 39 24 25 20 30 33 43 34 11 19 30 25 7 31 14 41 1 4 9 34 4 29 32 31 40 23 26 14 28 34 45 0 18 35 21 37 36 11 21 29 35 34 43 20 39 4
29 5 25 20 29 22 26 13 18 12 14 21 9 10 15 24 25 7 11 15 17 35 32 19 7 21 8 16 23 21 24 19 19 12 31 14 22 16 14 35 15 25 5 29 18 28 18 0 21 20 19 19 22 24 13 17 21 34 8 29 21
30 25 5 25 38 34 35 24 12 28 19 3 21 11 18 32 46 18 31 25 4 52 51 38 16 38 14 35 43 41 13 36 33 31 50 32 42 27 10 55 35 45 25 49 3 32 35 21 0 41 18 11 41 45 25 22 2 45 15 40 39
40 16 45 31 30 19 27 22 36 21 28 41 25 30 30 29 5 24 11 23 37 22 13 10 26 13 27 14 10 8 41 21 25 13 13 18 8 22 32 19 9 5 16 9 38 37 21 20 41 0 34 37 12 4 21 30 41 25 27 23 19
13 19 22 7 20 20 18 12 6 30 6 15 25 17 4 15 38 12 23 12 14 38 40 36 20 26 12 34 31 38 8 38 37 30 39 33 31 13 8 42 25 36 23 40 15 14 37 19 18 34 0 7 39 38 13 5 20 31 20 25 39
19 21 15 14 27 26 25 16 1 29 10 8 23 13 8 22 41 13 26 16 7 43 44 38 18 30 11 35 35 40 5 37 35 31 43 32 35 18 5 47 29 40 24 44 8 21 36 19 11 37 7 0 41 41 17 12 13 36 17 31 39
48 20 44 38 41 30 38 29 40 15 33 43 21 30 35 38 14 28 18 30 39 33 24 3 25 25 30 6 22 4 46 11 15 10 24 11 20 30 36 30 19 16 17 18 40 45 11 22 41 12 39 41 0 11 28 36 40 37 26 35 8
44 20 49 35 34 23 31 26 40 23 32 45 28 34 34 32 3 28 15 27 41 22 13 10 30 16 31 14 13 7 45 21 25 15 13 19 11 26 36 19 13 5 20 7 42 41 21 24 45 4 38 41 11 0 25 34 45 28 31 26 19
20 10 30 10 16 9 13 1 16 23 7 24 22 19 9 11 25 9 10 2 21 27 27 25 20 13 13 24 18 25 21 30 30 20 26 25 18 3 15 30 12 23 15 27 22 17 29 13 25 21 13 17 28 25 0 9 27 21 20 16 30
12 16 27 3 16 15 13 8 11 29 3 20 25 19 4 10 34 10 19 7 18 33 35 33 21 21 13 31 26 34 13 36 36 27 34 31 26 8 12 37 21 32 21 36 19 11 35 17 22 30 5 12 36 34 9 0 24 25 21 20 37
32 25 4 27 40 36 37 26 14 27 21 5 20 11 20 34 46 18 31 27 6 53 51 38 15 39 14 34 43 41 15 35 32 31 50 31 42 29 12 55 35 45 25 49 5 34 34 21 2 41 20 13 40 45 27 24 0 47 14 42 38
27 29 51 24 13 12 13 22 36 42 26 44 43 40 28 16 25 30 24 21 41 11 20 35 41 13 34 37 15 33 39 44 47 34 19 40 17 18 35 18 20 23 34 25 42 23 43 34 45 25 31 36 37 28 21 25 47 0 41 5 43
33 13 18 24 36 29 33 19 16 13 18 17 6 4 18 30 32 11 19 21 13 43 40 24 1 29 8 20 31 27 22 21 18 17 39 17 30 23 12 43 23 32 11 36 14 32 20 8 15 27 20 17 26 31 20 21 14 41 0 36 24
23 24 45 19 10 7 8 17 30 37 21 39 38 35 23 11 23 25 19 15 36 14 21 32 36 10 29 34 13 31 33 40 43 30 20 36 15 13 30 21 17 21 29 24 37 19 39 29 40 23 25 31 35 26 16 20 42 5 36 0 40
49 21 42 39 45 34 42 30 38 11 34 41 18 28 35 41 22 27 21 32 37 41 32 9 23 30 28 6 29 12 44 3 8 10 32 7 27 33 34 38 23 24 16 26 38 47 4 21 39 19 39 39 8 19 30 37 38 43 24 40 0
0         693      
235       389      
169       313      
0         71       
101       260      
72        217      
563       678      
195       349      
0         116      
14        122      
0         73       
155       315      
0         114      
0         106      
128       282      
127       142      
337       450      
193       343      
220       353      
145       273      
165       281      
54        196      
69        190      
10        150      
0         120      
281       436      
0         131      
0         148      
390       533      
17        162      
169       308      
0         144      
7         147      
260       351      
310       437      
32        147      
280       440      
104       257      
0         125      
49        190      
293       445      
40        183      
221       370      
65        189      
171       298      
419       552      
262       406      
279       426      
150       290      
29        166      
0         113      
139       294      
329       491      
31        185      
108       278      
0         83       
512       640      
75        209      
370       507      
77        240      
460       603      
