61
0 30 16 15 18 15 35 13 25 30 19 7 14 14 16 17 35 25 32 13 28 19 16 20 27 28 34 25 25 35 18 26 10 29 17 13 27 9 14 20 12 2 27 27 11 40 5 5 6 34 22 19 8 12 18 15 9 24 11 23 32
30 0 30 22 14 40 35 36 51 33 47 35 20 38 40 31 4 42 2 41 7 11 37 10 8 40 15 47 16 10 32 23 40 39 17 21 41 29 42 23 30 32 49 48 28 34 29 27 24 5 32 35 35 18 19 19 39 9 41 50 33
16 30 0 8 16 13 19 29 23 14 21 22 10 11 32 1 34 12 32 28 25 24 9 24 24 12 26 17 17 29 34 14 20 13 13 11 12 7 28 9 27 16 19 18 5 25 21 20 16 33 6 5 23 21 30 12 19 29 19 23 16
15 22 8 0 8 18 21 27 29 17 26 21 2 16 31 9 26 20 24 27 17 16 16 16 16 20 20 25 11 23 29 11 23 20 5 3 20 9 28 5 23 16 27 26 7 25 18 16 11 25 12 13 23 13 22 4 22 21 23 29 19
18 14 16 8 0 26 26 27 37 23 33 25 7 24 31 17 18 28 16 31 10 8 24 8 9 28 16 33 9 17 26 14 27 28 4 7 28 16 32 11 22 20 35 34 15 28 19 17 12 18 20 21 25 9 16 5 27 13 28 37 24
15 40 13 18 26 0 31 26 11 26 8 17 19 2 28 14 44 12 42 21 35 31 4 32 34 18 38 10 29 41 33 27 11 21 22 19 17 10 20 21 27 14 12 12 11 37 20 20 19 43 19 10 19 25 33 21 10 36 9 11 29
35 35 19 21 26 31 0 48 40 5 39 41 22 29 51 18 39 24 37 47 28 34 27 33 27 16 21 32 19 27 50 12 39 12 23 23 18 26 47 16 44 35 33 31 24 6 39 37 31 35 12 21 42 33 42 23 38 38 38 41 2
13 36 29 27 27 26 48 0 33 43 27 9 25 25 4 30 40 37 38 7 36 25 27 26 35 41 43 36 35 43 8 37 16 42 27 24 40 22 9 31 6 13 38 38 24 51 9 10 15 41 35 32 7 18 17 24 17 27 19 31 45
25 51 23 29 37 11 40 33 0 35 6 24 30 13 34 24 55 16 53 27 46 42 14 43 45 24 49 8 40 52 40 37 17 28 33 30 22 21 25 32 34 23 8 10 22 46 29 29 30 54 28 19 26 36 42 32 16 47 14 2 38
30 33 14 17 23 26 5 43 35 0 34 36 19 24 46 12 37 19 35 42 26 31 22 31 25 12 21 27 17 27 46 10 34 8 19 20 13 21 42 13 40 30 28 26 19 11 35 33 28 34 7 16 37 30 38 20 33 36 33 36 3
19 47 21 26 33 8 39 27 6 34 0 18 26 10 28 22 51 17 49 21 42 37 12 38 41 25 46 11 37 48 34 35 11 28 29 26 23 17 19 29 28 17 12 13 19 45 23 23 24 50 27 18 20 30 36 28 10 42 8 4 37
7 35 22 21 25 17 41 9 24 36 18 0 21 17 11 23 39 28 37 6 35 24 19 25 34 33 41 27 32 42 16 32 7 35 24 20 32 14 7 26 11 5 29 29 16 45 6 8 13 40 28 24 2 17 20 22 8 28 10 22 38
14 20 10 2 7 19 22 25 30 19 26 21 0 17 29 11 24 22 22 27 16 14 17 14 14 22 20 27 11 21 28 12 23 22 3 1 22 9 28 6 22 16 29 28 8 26 17 15 9 24 14 15 22 11 20 2 22 19 23 30 20
14 38 11 16 24 2 29 25 13 24 10 17 17 0 27 12 41 11 39 22 33 29 2 30 31 16 36 11 27 38 32 25 11 20 20 17 15 8 20 19 26 13 13 13 9 35 19 19 17 41 17 8 18 23 31 19 10 34 10 13 27
16 40 32 31 31 28 51 4 34 46 28 11 29 27 0 33 44 38 42 7 40 29 29 30 39 43 47 37 39 47 10 41 17 45 31 28 42 25 9 35 10 16 39 39 27 55 13 14 19 45 38 35 9 22 21 28 18 31 20 32 48
17 31 1 9 17 14 18 30 24 12 22 23 11 12 33 0 35 12 33 29 25 25 10 25 24 11 26 18 17 29 35 13 21 12 14 12 11 8 29 9 28 17 20 18 6 23 22 21 17 33 5 5 24 22 31 13 20 30 20 24 15
35 4 34 26 18 44 39 40 55 37 51 39 24 41 44 35 0 46 2 45 11 15 41 14 12 44 18 51 20 12 36 27 44 43 21 25 45 33 46 27 34 36 53 52 32 38 33 31 28 4 36 39 39 22 23 23 43 13 45 54 37
25 42 12 20 28 12 24 37 16 19 17 28 22 11 38 12 46 0 44 33 37 36 9 36 36 8 37 8 29 41 43 23 22 12 25 23 6 17 31 21 37 24 9 7 16 30 30 30 27 45 13 7 29 32 41 24 21 41 21 17 22
32 2 32 24 16 42 37 38 53 35 49 37 22 39 42 33 2 44 0 43 9 13 39 12 10 42 16 49 18 11 34 25 42 41 19 23 43 31 44 25 32 34 51 50 30 36 31 29 26 3 34 37 37 20 21 21 41 11 43 52 35
13 41 28 27 31 21 47 7 27 42 21 6 27 22 7 29 45 33 43 0 41 30 24 31 40 38 47 30 38 48 15 38 10 41 30 26 37 20 2 32 13 11 32 32 22 51 12 14 19 46 34 30 6 23 24 28 11 33 13 25 44
28 7 25 17 10 35 28 36 46 26 42 35 16 33 40 25 11 37 9 41 0 12 33 11 1 33 9 42 9 7 34 16 37 32 12 16 35 25 42 16 30 30 44 43 24 27 29 27 22 8 25 30 35 18 21 14 37 13 38 46 26
19 11 24 16 8 31 34 25 42 31 37 24 14 29 29 25 15 36 13 30 12 0 29 1 11 36 20 39 16 18 22 22 29 36 12 13 36 21 31 19 19 21 41 40 21 36 18 16 13 16 28 29 24 7 10 12 28 5 30 41 32
16 37 9 16 24 4 27 27 14 22 12 19 17 2 29 10 41 9 39 24 33 29 0 30 31 14 35 10 26 38 34 23 13 18 20 17 13 8 22 18 28 15 12 11 9 33 21 21 18 41 15 6 20 23 32 19 12 34 12 14 25
20 10 24 16 8 32 33 26 43 31 38 25 14 30 30 25 14 36 12 31 11 1 30 0 10 36 19 40 15 18 23 21 30 36 12 13 36 22 32 19 20 22 42 41 21 35 19 17 14 15 28 29 25 8 10 12 29 5 31 42 31
27 8 24 16 9 34 27 35 45 25 41 34 14 31 39 24 12 36 10 40 1 11 31 10 0 32 9 41 8 8 33 15 36 31 11 15 33 23 41 15 30 29 43 42 22 26 28 26 21 9 24 29 34 17 20 13 36 13 37 44 25
28 40 12 20 28 18 16 41 24 12 25 33 22 16 43 11 44 8 42 38 33 36 14 36 32 0 32 16 24 36 45 18 27 4 24 23 2 19 36 17 39 28 17 15 17 22 33 32 28 41 8 9 34 33 42 24 26 41 26 25 14
34 15 26 20 16 38 21 43 49 21 46 41 20 36 47 26 18 37 16 47 9 20 35 19 9 32 0 43 9 6 42 13 43 29 17 21 33 29 48 17 38 36 45 44 27 20 35 33 28 14 23 31 41 25 29 19 42 22 43 49 20
25 47 17 25 33 10 32 36 8 27 11 27 27 11 37 18 51 8 49 30 42 39 10 40 41 16 43 0 34 46 43 31 20 20 30 27 14 18 29 26 37 24 2 2 19 38 30 30 28 50 21 13 29 33 42 29 19 44 17 10 30
25 16 17 11 9 29 19 35 40 17 37 32 11 27 39 17 20 29 18 38 9 16 26 15 8 24 9 34 0 12 35 7 34 23 8 12 26 20 39 8 31 27 36 35 18 20 26 24 19 17 16 22 32 18 25 10 33 19 34 40 17
35 10 29 23 17 41 27 43 52 27 48 42 21 38 47 29 12 41 11 48 7 18 38 18 8 36 6 46 12 0 40 18 44 35 18 22 38 30 49 20 37 37 48 47 29 26 36 34 29 8 28 34 42 25 28 20 43 19 44 51 26
18 32 34 29 26 33 50 8 40 46 34 16 28 32 10 35 36 43 34 15 34 22 34 23 33 45 42 43 35 40 0 39 23 47 28 26 45 26 17 33 6 19 45 45 28 53 13 13 18 37 40 36 14 17 13 27 24 23 26 38 47
26 23 14 11 14 27 12 37 37 10 35 32 12 25 41 13 27 23 25 38 16 22 23 21 15 18 13 31 7 18 39 0 33 17 11 13 20 19 39 6 34 27 32 30 17 14 29 27 21 24 10 18 34 22 30 12 32 26 33 37 10
10 40 20 23 27 11 39 16 17 34 11 7 23 11 17 21 44 22 42 10 37 29 13 30 36 27 43 20 34 44 23 33 0 31 26 22 26 14 9 27 18 8 22 22 16 44 12 14 16 44 26 19 9 22 26 24 1 34 3 15 36
29 39 13 20 28 21 12 42 28 8 28 35 22 20 45 12 43 12 41 41 32 36 18 36 31 4 29 20 23 35 47 17 31 0 24 23 6 20 40 17 40 29 21 19 18 18 34 33 29 40 8 12 36 33 42 24 30 41 30 29 11
17 17 13 5 4 22 23 27 33 19 29 24 3 20 31 14 21 25 19 30 12 12 20 12 11 24 17 30 8 18 28 11 26 24 0 4 25 12 31 7 23 19 32 31 11 25 18 16 11 20 16 18 24 11 19 2 25 17 26 33 21
13 21 11 3 7 19 23 24 30 20 26 20 1 17 28 12 25 23 23 26 16 13 17 13 15 23 21 27 12 22 26 13 22 23 4 0 23 9 27 7 20 15 29 28 8 27 15 13 8 24 15 16 21 10 19 2 21 18 22 30 21
27 41 12 20 28 17 18 40 22 13 23 32 22 15 42 11 45 6 43 37 35 36 13 36 33 2 33 14 26 38 45 20 26 6 25 23 0 18 35 18 39 27 15 13 17 24 32 31 28 42 10 8 33 33 42 24 25 41 25 23 16
9 29 7 9 16 10 26 22 21 21 17 14 9 8 25 8 33 17 31 20 25 21 8 22 23 19 29 18 20 30 26 19 14 20 12 9 18 0 21 13 20 9 20 19 2 31 14 13 10 32 13 10 16 15 24 11 13 26 14 21 23
14 42 28 28 32 20 47 9 25 42 19 7 28 20 9 29 46 31 44 2 42 31 22 32 41 36 48 29 39 49 17 39 9 40 31 27 35 21 0 33 15 12 31 31 23 52 13 15 20 47 34 28 7 24 26 29 10 35 12 23 44
20 23 9 5 11 21 16 31 32 13 29 26 6 19 35 9 27 21 25 32 16 19 18 19 15 17 17 26 8 20 33 6 27 17 7 7 18 13 33 0 27 21 28 27 11 20 22 20 15 24 9 14 28 17 25 7 26 24 27 32 14
12 30 27 23 22 27 44 6 34 40 28 11 22 26 10 28 34 37 32 13 30 19 28 20 30 39 38 37 31 37 6 34 18 40 23 20 39 20 15 27 0 13 39 39 22 47 7 7 12 35 33 30 9 13 11 21 18 21 20 32 41
2 32 16 16 20 14 35 13 23 30 17 5 16 13 16 17 36 24 34 11 30 21 15 22 29 28 36 24 27 37 19 27 8 29 19 15 27 9 12 21 13 0 26 26 11 40 6 6 8 36 22 19 7 14 19 17 7 26 9 21 32
27 49 19 27 35 12 33 38 8 28 12 29 29 13 39 20 53 9 51 32 44 41 12 42 43 17 45 2 36 48 45 32 22 21 32 29 15 20 31 28 39 26 0 2 21 39 32 32 30 52 22 15 31 35 44 31 21 46 19 10 31
27 48 18 26 34 12 31 38 10 26 13 29 28 13 39 18 52 7 50 32 43 40 11 41 42 15 44 2 35 47 45 30 22 19 31 28 13 19 31 27 39 26 2 0 20 37 32 32 29 51 20 13 31 34 43 30 21 45 19 12 29
11 28 5 7 15 11 24 24 22 19 19 16 8 9 27 6 32 16 30 22 24 21 9 21 22 17 27 19 18 29 28 17 16 18 11 8 17 2 23 11 22 11 21 20 0 29 16 15 11 31 11 9 18 16 25 10 15 26 16 22 21
40 34 25 25 28 37 6 51 46 11 45 45 26 35 55 23 38 30 36 51 27 36 33 35 26 22 20 38 20 26 53 14 44 18 25 27 24 31 52 20 47 40 39 37 29 0 42 40 35 34 18 27 47 36 44 26 43 39 43 47 8
5 29 21 18 19 20 39 9 29 35 23 6 17 19 13 22 33 30 31 12 29 18 21 19 28 33 35 30 26 36 13 29 12 34 18 15 32 14 13 22 7 6 32 32 16 42 0 2 7 34 27 24 6 11 14 16 13 22 15 27 36
5 27 20 16 17 20 37 10 29 33 23 8 15 19 14 21 31 30 29 14 27 16 21 17 26 32 33 30 24 34 13 27 14 33 16 13 31 13 15 20 7 6 32 32 15 40 2 0 5 32 26 23 8 9 13 14 13 20 15 27 34
6 24 16 11 12 19 31 15 30 28 24 13 9 17 19 17 28 27 26 19 22 13 18 14 21 28 28 28 19 29 18 21 16 29 11 8 28 10 20 15 12 8 30 29 11 35 7 5 0 28 22 20 13 6 14 9 15 18 17 28 29
34 5 33 25 18 43 35 41 54 34 50 40 24 41 45 33 4 45 3 46 8 16 41 15 9 41 14 50 17 8 37 24 44 40 20 24 42 32 47 24 35 36 52 51 31 34 34 32 28 0 33 38 40 23 24 22 43 14 45 53 33
22 32 6 12 20 19 12 35 28 7 27 28 14 17 38 5 36 13 34 34 25 28 15 28 24 8 23 21 16 28 40 10 26 8 16 15 10 13 34 9 33 22 22 20 11 18 27 26 22 33 0 9 29 25 34 16 25 33 25 29 10
19 35 5 13 21 10 21 32 19 16 18 24 15 8 35 5 39 7 37 30 30 29 6 29 29 9 31 13 22 34 36 18 19 12 18 16 8 10 28 14 30 19 15 13 9 27 24 23 20 38 9 0 26 25 34 17 18 34 18 20 19
8 35 23 23 25 19 42 7 26 37 20 2 22 18 9 24 39 29 37 6 35 24 20 25 34 34 41 29 32 42 14 34 9 36 24 21 33 16 7 28 9 7 31 31 18 47 6 8 13 40 29 26 0 17 20 22 10 28 12 24 39
12 18 21 13 9 25 33 18 36 30 30 17 11 23 22 22 22 32 20 23 18 7 23 8 17 33 25 33 18 25 17 22 22 33 11 10 33 15 24 17 13 14 35 34 16 36 11 9 6 23 25 25 17 0 9 10 21 12 23 34 31
18 19 30 22 16 33 42 17 42 38 36 20 20 31 21 31 23 41 21 24 21 10 32 10 20 42 29 42 25 28 13 30 26 42 19 19 42 24 26 25 11 19 44 43 25 44 14 13 14 24 34 34 20 9 0 18 26 10 28 40 39
15 19 12 4 5 21 23 24 32 20 28 22 2 19 28 13 23 24 21 28 14 12 19 12 13 24 19 29 10 20 27 12 24 24 2 2 24 11 29 7 21 17 31 30 10 26 16 14 9 22 16 17 22 10 18 0 23 17 24 32 21
9 39 19 22 27 10 38 17 16 33 10 8 22 10 18 20 43 21 41 11 37 28 12 29 36 26 42 19 33 43 24 32 1 30 25 21 25 13 10 26 18 7 21 21 15 43 13 13 15 43 25 18 10 21 26 23 0 33 2 14 35
24 9 29 21 13 36 38 27 47 36 42 28 19 34 31 30 13 41 11 33 13 5 34 5 13 41 22 44 19 19 23 26 34 41 17 18 41 26 35 24 21 26 46 45 26 39 22 20 18 14 33 34 28 12 10 17 33 0 35 46 36
11 41 19 23 28 9 38 19 14 33 8 10 23 10 20 20 45 21 43 13 38 30 12 31 37 26 43 17 34 44 26 33 3 30 26 22 25 14 12 27 20 9 19 19 16 43 15 15 17 45 25 18 12 23 28 24 2 35 0 12 35
23 50 23 29 37 11 41 31 2 36 4 22 30 13 32 24 54 17 52 25 46 41 14 42 44 25 49 10 40 51 38 37 15 29 33 30 23 21 23 32 32 21 10 12 22 47 27 27 28 53 29 20 24 34 40 32 14 46 12 0 39
32 33 16 19 24 29 2 45 38 3 37 38 20 27 48 15 37 22 35 44 26 32 25 31 25 14 20 30 17 26 47 10 36 11 21 21 16 23 44 14 41 32 31 29 21 8 36 34 29 33 10 19 39 31 39 21 35 36 35 39 0
0         740      
234       422      
84        217      
207       335      
192       332      
85        248      
395       579      
0         182      
5         160      
332       513      
0         210      
154       350      
157       328      
85        290      
0         170      
589       722      
537       691      
18        204      
176       361      
0         130      
260       372      
277       425      
68        229      
165       393      
239       380      
61        195      
214       435      
21        175      
279       444      
206       378      
0         152      
260       453      
0         140      
28        208      
132       375      
139       312      
334       571      
109       241      
0         190      
359       508      
0         137      
0         133      
421       571      
0         183      
120       319      
314       531      
0         93       
0         127      
318       510      
233       422      
37        211      
69        245      
0         170      
432       605      
280       457      
162       328      
108       241      
233       401      
0         180      
89        261      
497       659      
