61
0 21 35 38 46 20 51 42 41 17 37 39 55 19 37 45 45 28 32 11 23 53 42 32 28 51 34 41 52 47 49 30 10 49 38 35 36 49 26 59 26 5 51 52 21 41 16 26 15 36 39 42 16 31 44 26 14 38 25 12 20
21 0 18 31 30 9 30 25 28 10 20 18 33 9 27 27 24 8 25 14 4 32 23 25 16 33 19 34 33 31 33 20 19 31 19 15 29 29 19 37 18 16 31 31 11 30 14 7 8 27 22 29 6 15 31 11 13 22 19 9 2
35 18 0 48 12 15 30 7 41 28 2 17 35 27 44 36 28 12 42 31 21 26 11 43 33 40 32 52 38 41 15 8 26 14 29 12 47 29 12 39 36 30 36 26 29 45 19 22 26 44 4 42 24 4 44 28 31 4 37 23 20
38 31 48 0 59 39 40 53 13 23 50 38 40 21 6 26 33 36 6 28 27 48 47 6 15 31 18 4 34 24 62 50 44 56 24 39 2 38 49 42 12 35 34 44 19 9 41 26 26 4 50 14 27 45 13 20 25 52 13 33 28
46 30 12 59 0 26 35 7 52 40 10 25 41 39 55 44 34 24 54 43 33 28 15 55 44 46 43 63 44 49 3 16 37 8 38 21 58 35 20 45 48 41 42 30 41 56 30 33 38 55 9 52 36 15 54 39 42 8 49 34 32
20 9 15 39 26 0 35 22 37 16 17 22 40 17 36 35 31 10 32 16 13 35 23 33 24 41 28 42 40 40 29 12 13 29 27 17 37 34 10 44 26 15 38 34 19 39 6 16 13 35 19 38 11 11 40 20 17 18 27 8 10
51 30 30 40 35 35 0 29 28 36 30 13 6 34 34 15 7 25 38 42 28 9 20 39 30 13 23 43 10 20 37 37 48 27 17 18 41 2 39 10 36 46 9 6 34 32 41 25 36 36 29 27 35 30 28 28 39 32 39 39 31
42 25 7 53 7 22 29 0 45 35 5 18 35 34 48 38 28 17 47 38 26 23 9 48 38 40 36 57 38 43 10 13 33 7 31 14 52 29 17 39 42 37 36 24 35 49 26 27 32 49 3 45 30 11 47 33 37 5 43 30 27
41 28 41 13 52 37 28 45 0 24 43 28 27 22 7 13 22 30 13 30 24 37 38 13 13 18 9 16 21 11 55 46 45 47 14 31 14 26 46 29 15 36 21 33 20 4 42 21 27 9 43 1 28 39 3 17 27 45 18 34 27
17 10 28 23 40 16 36 35 24 0 30 27 39 2 22 28 29 18 17 6 10 41 33 17 11 34 17 26 36 30 43 28 21 41 21 25 21 34 26 42 11 12 34 38 4 26 18 12 3 21 32 25 5 25 27 9 3 32 11 10 8
37 20 2 50 10 17 30 5 43 30 0 18 36 29 46 37 29 14 44 33 23 26 11 45 35 41 34 54 39 42 13 9 28 12 30 13 49 30 13 40 38 32 37 26 31 47 21 24 28 46 2 44 26 6 46 30 33 2 39 25 22
39 18 17 38 25 22 13 18 28 27 18 0 19 25 32 20 11 12 34 31 17 14 10 34 24 23 20 41 21 25 28 24 35 19 14 5 38 13 26 23 29 34 19 13 26 32 28 15 25 34 17 28 23 17 30 20 30 20 32 27 19
55 33 35 40 41 40 6 35 27 39 36 19 0 36 34 14 9 30 38 45 31 14 26 39 31 9 23 43 6 16 43 43 52 33 18 24 41 6 45 4 36 49 6 11 36 31 46 27 38 36 35 26 37 36 27 30 42 38 39 42 34
19 9 27 21 39 17 34 34 22 2 29 25 36 0 20 26 27 17 15 8 8 39 31 15 9 32 15 24 33 28 42 29 23 40 19 23 19 32 27 40 9 14 32 36 2 24 20 10 5 19 31 23 6 24 25 7 5 31 10 12 7
37 27 44 6 55 36 34 48 7 22 46 32 34 20 0 20 28 32 6 27 23 42 42 7 11 25 13 9 28 18 58 46 43 51 18 34 7 32 46 36 11 34 28 39 18 5 40 22 25 2 46 8 26 41 8 16 24 48 13 32 25
45 27 36 26 44 35 15 38 13 28 37 20 14 26 20 0 10 27 24 34 23 24 29 25 19 6 11 29 8 5 47 43 46 38 8 24 27 13 44 16 24 40 8 20 25 17 41 20 30 22 37 12 30 36 13 19 31 39 27 35 26
45 24 28 33 34 31 7 28 22 29 29 11 9 27 28 10 0 21 31 35 21 14 19 32 23 12 16 37 10 15 37 35 43 28 10 16 34 5 37 13 29 39 8 11 27 26 37 18 29 29 28 21 28 28 23 21 32 31 32 33 24
28 8 12 36 24 10 25 17 30 18 14 12 30 17 32 27 21 0 30 22 9 25 15 31 21 31 21 40 30 32 27 16 23 23 19 7 35 24 17 34 25 22 28 24 18 34 16 10 16 32 15 31 14 9 33 16 21 16 26 15 10
32 25 42 6 54 32 38 47 13 17 44 34 38 15 6 24 31 30 0 22 21 45 42 1 10 30 15 10 32 24 57 44 38 51 21 34 5 36 42 40 6 29 32 42 13 11 35 20 20 4 44 14 21 39 14 14 19 46 7 27 22
11 14 31 28 43 16 42 38 30 6 33 31 45 8 27 34 35 22 22 0 14 45 37 22 17 40 23 31 41 36 45 28 16 44 27 29 26 40 26 48 16 7 40 43 10 31 16 17 6 26 35 31 8 27 33 15 3 34 15 8 12
23 4 21 27 33 13 28 26 24 10 23 17 31 8 23 23 21 9 21 14 0 31 23 22 12 29 15 31 29 27 36 23 22 32 15 15 26 26 23 34 16 18 27 29 9 26 18 3 8 23 24 25 7 18 27 7 13 25 17 11 3
53 32 26 48 28 35 9 23 37 41 26 14 14 39 42 24 14 25 45 45 31 0 15 46 37 22 30 51 19 29 30 34 48 20 24 18 48 10 38 17 43 47 18 3 40 40 41 29 39 43 24 35 37 29 37 34 44 27 46 40 33
42 23 11 47 15 23 20 9 38 33 11 10 26 31 42 29 19 15 42 37 23 15 0 43 32 31 29 51 29 34 18 19 36 9 24 8 46 20 23 30 37 37 27 15 32 42 29 21 31 43 9 38 29 14 40 27 36 12 39 30 25
32 25 43 6 55 33 39 48 13 17 45 34 39 15 7 25 32 31 1 22 22 46 43 0 10 31 16 9 33 24 57 44 38 52 22 34 4 37 42 41 6 29 33 43 13 12 35 21 20 5 45 14 21 39 15 15 19 46 7 27 22
28 16 33 15 44 24 30 38 13 11 35 24 31 9 11 19 23 21 10 17 12 37 32 10 0 25 8 19 27 21 47 35 32 41 13 24 14 28 34 34 6 23 26 34 7 15 29 11 14 11 35 14 15 30 16 5 14 37 9 21 14
51 33 40 31 46 41 13 40 18 34 41 23 9 32 25 6 12 31 30 40 29 22 31 31 25 0 17 34 3 7 49 47 51 40 14 28 32 12 48 11 30 46 5 19 31 22 47 26 36 27 40 17 36 40 18 25 37 43 33 40 32
34 19 32 18 43 28 23 36 9 17 34 20 23 15 13 11 16 21 15 23 15 30 29 16 8 17 0 22 19 13 46 37 36 38 6 22 18 21 37 26 13 29 18 27 14 13 33 12 19 14 34 10 19 30 12 8 20 36 16 25 18
41 34 52 4 63 42 43 57 16 26 54 41 43 24 9 29 37 40 10 31 31 51 51 9 19 34 22 0 37 27 66 53 47 60 27 43 5 41 51 45 15 38 37 48 22 12 44 30 29 8 54 17 30 48 16 24 28 55 16 36 31
52 33 38 34 44 40 10 38 21 36 39 21 6 33 28 8 10 30 32 41 29 19 29 33 27 3 19 37 0 10 46 45 51 37 14 26 35 9 47 8 32 47 2 16 32 25 46 26 36 30 38 20 36 38 21 26 38 41 35 40 32
47 31 41 24 49 40 20 43 11 30 42 25 16 28 18 5 15 32 24 36 27 29 34 24 21 7 13 27 10 0 52 48 49 43 13 29 25 18 49 18 25 42 11 25 27 15 45 24 32 20 42 10 32 41 11 21 33 44 28 38 30
49 33 15 62 3 29 37 10 55 43 13 28 43 42 58 47 37 27 57 45 36 30 18 57 47 49 46 66 46 52 0 19 40 10 41 24 61 37 23 47 51 44 45 32 44 59 33 36 41 58 12 55 39 18 57 42 45 11 52 37 35
30 20 8 50 16 12 37 13 46 28 9 24 43 29 46 43 35 16 44 28 23 34 19 44 35 47 37 53 45 48 19 0 21 20 35 19 48 37 4 47 38 26 43 34 31 49 14 25 25 46 11 47 23 7 49 30 29 8 39 20 22
10 19 26 44 37 13 48 33 45 21 28 35 52 23 43 46 43 23 38 16 22 48 36 38 32 51 36 47 51 49 40 21 0 40 37 30 42 47 17 56 32 9 49 47 25 47 7 25 18 42 30 46 17 22 48 28 19 29 31 11 19
49 31 14 56 8 29 27 7 47 41 12 19 33 40 51 38 28 23 51 44 32 20 9 52 41 40 38 60 37 43 10 20 40 0 33 17 55 28 24 37 46 44 36 22 41 51 33 30 38 52 10 47 36 18 49 36 43 12 48 37 33
38 19 29 24 38 27 17 31 14 21 30 14 18 19 18 8 10 19 21 27 15 24 24 22 13 14 6 27 14 13 41 35 37 33 0 17 24 15 36 21 19 32 13 21 18 18 33 12 22 20 30 14 22 28 16 12 24 32 22 26 18
35 15 12 39 21 17 18 14 31 25 13 5 24 23 34 24 16 7 34 29 15 18 8 34 24 28 22 43 26 29 24 19 30 17 17 0 38 18 21 28 29 29 24 17 24 35 23 13 23 35 13 31 21 12 33 19 28 15 31 22 17
36 29 47 2 58 37 41 52 14 21 49 38 41 19 7 27 34 35 5 26 26 48 46 4 14 32 18 5 35 25 61 48 42 55 24 38 0 39 46 43 10 33 35 45 17 11 39 25 24 5 49 15 25 43 15 19 23 50 11 31 26
49 29 29 38 35 34 2 29 26 34 30 13 6 32 32 13 5 24 36 40 26 10 20 37 28 12 21 41 9 18 37 37 47 28 15 18 39 0 39 10 34 44 8 7 32 30 40 23 34 34 29 25 33 30 26 26 37 32 37 37 29
26 19 12 49 20 10 39 17 46 26 13 26 45 27 46 44 37 17 42 26 23 38 23 42 34 48 37 51 47 49 23 4 17 24 36 21 46 39 0 49 36 22 45 37 29 49 10 25 23 45 15 47 21 9 49 30 27 12 37 18 20
59 37 39 42 45 44 10 39 29 42 40 23 4 40 36 16 13 34 40 48 34 17 30 41 34 11 26 45 8 18 47 47 56 37 21 28 43 10 49 0 39 52 8 15 39 33 50 31 42 38 39 28 41 40 29 33 45 42 42 45 37
26 18 36 12 48 26 36 42 15 11 38 29 36 9 11 24 29 25 6 16 16 43 37 6 6 30 13 15 32 25 51 38 32 46 19 29 10 34 36 39 0 23 31 40 7 15 29 15 14 10 39 16 15 33 18 9 13 40 3 21 16
5 16 30 35 41 15 46 37 36 12 32 34 49 14 34 40 39 22 29 7 18 47 37 29 23 46 29 38 47 42 44 26 9 44 32 29 33 44 22 52 23 0 45 46 16 38 12 21 10 33 34 37 11 26 39 21 10 33 22 7 15
51 31 36 34 42 38 9 36 21 34 37 19 6 32 28 8 8 28 32 40 27 18 27 33 26 5 18 37 2 11 45 43 49 36 13 24 35 8 45 8 31 45 0 15 31 25 44 24 35 30 36 20 34 36 21 25 37 39 34 38 30
52 31 26 44 30 34 6 24 33 38 26 13 11 36 39 20 11 24 42 43 29 3 15 43 34 19 27 48 16 25 32 34 47 22 21 17 45 7 37 15 40 46 15 0 37 37 40 26 37 40 24 32 36 28 33 31 41 27 43 39 32
21 11 29 19 41 19 34 35 20 4 31 26 36 2 18 25 27 18 13 10 9 40 32 13 7 31 14 22 32 27 44 31 25 41 18 24 17 32 29 39 7 16 31 37 0 22 22 11 7 17 33 21 8 26 23 6 7 33 8 14 9
41 30 45 9 56 39 32 49 4 26 47 32 31 24 5 17 26 34 11 31 26 40 42 12 15 22 13 12 25 15 59 49 47 51 18 35 11 30 49 33 15 38 25 37 22 0 44 24 29 7 47 5 30 43 4 19 28 49 17 36 29
16 14 19 41 30 6 41 26 42 18 21 28 46 20 40 41 37 16 35 16 18 41 29 35 29 47 33 44 46 45 33 14 7 33 33 23 39 40 10 50 29 12 44 40 22 44 0 21 15 39 23 43 14 15 45 25 18 22 29 8 15
26 7 22 26 33 16 25 27 21 12 24 15 27 10 22 20 18 10 20 17 3 29 21 21 11 26 12 30 26 24 36 25 25 30 12 13 25 23 25 31 15 21 24 26 11 24 21 0 11 22 24 22 10 19 24 6 15 26 18 14 6
15 8 26 26 38 13 36 32 27 3 28 25 38 5 25 30 29 16 20 6 8 39 31 20 14 36 19 29 36 32 41 25 18 38 22 23 24 34 23 42 14 10 35 37 7 29 15 11 0 24 29 28 2 22 30 11 5 29 14 7 6
36 27 44 4 55 35 36 49 9 21 46 34 36 19 2 22 29 32 4 26 23 43 43 5 11 27 14 8 30 20 58 46 42 52 20 35 5 34 45 38 10 33 30 40 17 7 39 22 24 0 46 10 25 41 10 16 23 48 11 31 25
39 22 4 50 9 19 29 3 43 32 2 17 35 31 46 37 28 15 44 35 24 24 9 45 35 40 34 54 38 42 12 11 30 10 30 13 49 29 15 39 39 34 36 24 33 47 23 24 29 46 0 44 27 8 46 30 34 3 41 27 24
42 29 42 14 52 38 27 45 1 25 44 28 26 23 8 12 21 31 14 31 25 35 38 14 14 17 10 17 20 10 55 47 46 47 14 31 15 25 47 28 16 37 20 32 21 5 43 22 28 10 44 0 29 40 2 18 28 46 19 35 28
16 6 24 27 36 11 35 30 28 5 26 23 37 6 26 30 28 14 21 8 7 37 29 21 15 36 19 30 36 32 39 23 17 36 22 21 25 33 21 41 15 11 34 36 8 30 14 10 2 25 27 29 0 20 31 11 7 27 16 6 4
31 15 4 45 15 11 30 11 39 25 6 17 36 24 41 36 28 9 39 27 18 29 14 39 30 40 30 48 38 41 18 7 22 18 28 12 43 30 9 40 33 26 36 28 26 43 15 19 22 41 8 40 20 0 42 25 27 7 34 19 17
44 31 44 13 54 40 28 47 3 27 46 30 27 25 8 13 23 33 14 33 27 37 40 15 16 18 12 16 21 11 57 49 48 49 16 33 15 26 49 29 18 39 21 33 23 4 45 24 30 10 46 2 31 42 0 20 30 48 20 37 30
26 11 28 20 39 20 28 33 17 9 30 20 30 7 16 19 21 16 14 15 7 34 27 15 5 25 8 24 26 21 42 30 28 36 12 19 19 26 30 33 9 21 25 31 6 19 25 6 11 16 30 18 11 25 20 0 12 32 12 17 10
14 13 31 25 42 17 39 37 27 3 33 30 42 5 24 31 32 21 19 3 13 44 36 19 14 37 20 28 38 33 45 29 19 43 24 28 23 37 27 45 13 10 37 41 7 28 18 15 5 23 34 28 7 27 30 12 0 34 12 10 11
38 22 4 52 8 18 32 5 45 32 2 20 38 31 48 39 31 16 46 34 25 27 12 46 37 43 36 55 41 44 11 8 29 12 32 15 50 32 12 42 40 33 39 27 33 49 22 26 29 48 3 46 27 7 48 32 34 0 41 26 24
25 19 37 13 49 27 39 43 18 11 39 32 39 10 13 27 32 26 7 15 17 46 39 7 9 33 16 16 35 28 52 39 31 48 22 31 11 37 37 42 3 22 34 43 8 17 29 18 14 11 41 19 16 34 20 12 12 41 0 21 17
12 9 23 33 34 8 39 30 34 10 25 27 42 12 32 35 33 15 27 8 11 40 30 27 21 40 25 36 40 38 37 20 11 37 26 22 31 37 18 45 21 7 38 39 14 36 8 14 7 31 27 35 6 19 37 17 10 26 21 0 8
20 2 20 28 32 10 31 27 27 8 22 19 34 7 25 26 24 10 22 12 3 33 25 22 14 32 18 31 32 30 35 22 19 33 18 17 26 29 20 37 16 15 30 32 9 29 15 6 6 25 24 28 4 17 30 10 11 24 17 8 0
0         809      
3         169      
231       399      
120       268      
373       554      
8         173      
442       561      
239       372      
75        205      
0         68       
279       413      
234       368      
162       323      
0         96       
56        225      
190       300      
185       332      
360       508      
86        248      
0         97       
34        224      
391       574      
245       402      
125       250      
37        215      
161       348      
36        230      
528       715      
613       756      
503       674      
294       464      
232       436      
0         119      
278       461      
190       370      
434       604      
76        271      
203       365      
326       488      
428       560      
108       250      
0         134      
175       330      
445       592      
0         96       
54        249      
330       480      
32        170      
0         133      
87        235      
239       376      
159       329      
37        161      
275       419      
55        223      
12        198      
0         123      
249       403      
121       317      
20        161      
491       674      
