61
0 8 33 15 28 8 26 27 23 2 13 15 26 26 10 18 10 2 7 31 1 31 27 19 10 21 24 39 14 38 37 11 31 9 29 26 7 35 18 35 11 29 8 8 14 32 35 17 30 33 9 16 21 7 25 29 6 22 26 2 16
8 0 33 11 21 14 19 23 24 9 20 7 18 21 15 15 3 10 4 26 8 23 21 26 13 15 21 40 9 31 32 6 30 3 29 29 13 27 12 35 8 30 15 3 21 27 27 25 22 29 17 23 17 13 18 24 6 15 19 9 24
33 33 0 21 51 26 47 56 10 32 35 33 39 20 43 48 30 35 36 19 33 32 52 36 43 46 54 6 41 30 21 26 2 29 4 13 40 32 25 3 41 9 33 29 27 12 32 40 31 9 40 37 49 40 48 20 29 42 47 31 41
15 11 21 0 30 12 26 34 13 14 22 13 22 12 25 26 9 17 14 16 14 20 31 27 23 25 32 27 20 25 22 5 19 8 19 20 22 23 7 24 19 20 18 8 18 17 23 27 19 18 24 25 28 22 28 15 9 22 27 13 28
28 21 51 30 0 35 4 12 43 30 41 17 15 32 27 11 21 30 21 37 28 26 3 47 22 7 11 57 14 35 41 25 49 23 48 49 28 30 25 54 17 50 36 24 42 42 30 44 26 45 35 44 9 27 3 35 27 7 2 30 43
8 14 26 12 35 0 33 35 16 7 10 20 31 24 17 26 14 9 14 28 8 32 34 15 18 28 32 32 21 37 34 12 24 12 22 18 14 35 18 28 19 21 7 11 7 26 35 15 30 27 14 13 29 14 32 26 8 29 33 6 16
26 19 47 26 4 33 0 16 39 28 39 13 11 29 27 12 19 28 19 33 26 22 7 45 22 7 14 53 13 31 37 22 45 21 44 46 27 26 21 50 16 46 34 22 40 38 26 43 22 41 34 42 11 26 4 31 25 4 2 28 42
27 23 56 34 12 35 16 0 47 29 38 24 27 41 23 8 25 28 21 46 27 38 9 44 18 11 2 61 14 47 51 29 53 26 52 52 25 42 32 58 15 53 34 26 41 49 42 41 37 52 32 41 6 24 12 43 28 18 14 28 40
23 24 10 13 43 16 39 47 0 22 25 26 34 18 33 39 22 25 27 19 23 30 44 27 33 38 45 16 33 30 24 18 8 21 6 8 30 30 19 12 32 7 23 21 17 14 30 30 29 13 30 27 41 30 41 19 20 35 40 21 31
2 9 32 14 30 7 28 29 22 0 11 16 27 25 11 20 11 3 9 30 2 31 29 17 12 23 26 38 16 38 36 10 30 9 28 25 8 34 17 34 13 28 6 8 12 31 34 16 29 32 10 14 23 8 27 28 5 24 28 1 16
13 20 35 22 41 10 39 38 25 11 0 27 38 34 16 31 22 11 20 38 13 42 40 6 20 34 36 40 27 47 44 21 33 20 31 23 13 45 28 37 24 27 5 19 8 36 45 5 40 37 7 3 34 14 38 36 16 35 39 11 6
15 7 33 13 17 20 13 24 26 16 27 0 11 17 22 16 6 17 10 21 15 16 18 33 18 13 21 39 11 25 27 9 31 8 31 33 20 20 8 36 13 33 22 9 27 25 20 32 15 28 24 30 17 20 15 19 12 9 14 16 31
26 18 39 22 15 31 11 27 34 27 38 11 0 19 32 21 17 28 21 23 26 11 18 44 27 16 25 45 18 20 26 19 38 19 38 42 31 15 15 42 21 41 33 20 37 29 15 43 11 32 35 41 21 31 15 21 23 9 13 27 42
26 21 20 12 32 24 29 41 18 25 34 17 19 0 36 33 18 28 25 5 25 12 34 39 34 30 38 26 27 13 11 15 19 18 20 26 33 12 9 23 29 25 30 19 29 10 12 39 11 13 35 37 34 33 31 3 20 25 30 25 40
10 15 43 25 27 17 27 23 33 11 16 22 32 36 0 16 18 8 12 41 11 38 25 21 5 20 21 49 14 46 47 21 41 18 39 35 3 42 27 45 11 38 13 17 21 42 42 18 37 43 9 18 19 3 24 39 16 24 25 12 17
18 15 48 26 11 26 12 8 39 20 31 16 21 33 16 0 17 20 12 37 18 32 9 37 11 5 6 53 6 41 43 21 45 18 44 44 18 36 24 50 7 45 26 18 32 41 36 34 31 44 25 34 3 17 9 35 19 12 10 20 33
10 3 30 9 21 14 19 25 22 11 22 6 17 18 18 17 0 12 7 23 9 21 22 28 16 16 23 36 11 28 29 4 28 2 28 28 16 25 9 33 11 29 16 3 21 25 25 26 20 27 19 24 19 16 19 21 6 15 19 10 26
2 10 35 17 30 9 28 28 25 3 11 17 28 28 8 20 12 0 9 33 3 33 29 17 10 23 26 41 16 40 39 13 33 11 31 27 5 37 20 37 13 30 6 10 13 34 37 15 32 35 7 14 23 5 27 31 8 24 28 4 14
7 4 36 14 21 14 19 21 27 9 20 10 21 25 12 12 7 9 0 30 7 26 20 26 9 14 18 41 7 35 36 10 33 7 33 31 10 30 16 38 5 33 15 6 21 31 30 24 25 32 16 23 15 10 18 28 7 15 19 9 23
31 26 19 16 37 28 33 46 19 30 38 21 23 5 41 37 23 33 30 0 30 13 39 42 39 34 42 24 32 11 6 20 18 23 19 27 38 13 14 22 34 25 34 24 32 7 13 43 13 10 40 41 38 38 35 2 25 29 34 29 44
1 8 33 14 28 8 26 27 23 2 13 15 26 25 11 18 9 3 7 30 0 30 27 19 11 21 24 39 14 37 36 10 31 8 29 26 8 34 17 35 11 29 8 7 14 31 34 18 29 32 10 16 21 8 25 28 5 22 26 2 17
31 23 32 20 26 32 22 38 30 31 42 16 11 12 38 32 21 33 26 13 30 0 29 47 34 27 36 37 27 9 15 20 31 22 32 38 36 4 13 35 29 37 36 23 38 20 4 46 1 23 40 44 32 36 26 12 25 20 24 30 46
27 21 52 31 3 34 7 9 44 29 40 18 18 34 25 9 22 29 20 39 27 29 0 46 20 6 8 57 13 38 43 26 49 24 49 50 27 33 26 54 16 51 35 24 41 43 33 43 28 46 34 43 6 26 3 37 27 9 5 29 42
19 26 36 27 47 15 45 44 27 17 6 33 44 39 21 37 28 17 26 42 19 47 46 0 26 40 42 41 33 52 48 27 34 26 32 24 19 50 33 38 30 28 11 25 10 39 50 5 45 39 12 3 40 20 44 41 22 41 45 17 6
10 13 43 23 22 18 22 18 33 12 20 18 27 34 5 11 16 10 9 39 11 34 20 26 0 15 16 49 9 43 45 19 41 16 39 36 7 38 25 45 6 39 16 15 23 40 38 23 33 41 14 23 14 6 19 37 15 19 20 12 22
21 15 46 25 7 28 7 11 38 23 34 13 16 30 20 5 16 23 14 34 21 27 6 40 15 0 9 52 7 36 40 20 44 18 44 44 21 31 21 49 10 45 29 18 35 38 31 37 26 41 28 37 5 20 4 32 21 7 5 23 36
24 21 54 32 11 32 14 2 45 26 36 21 25 38 21 6 23 26 18 42 24 36 8 42 16 9 0 59 12 45 48 27 51 24 50 49 23 40 29 56 13 51 32 24 38 46 40 39 35 49 30 39 4 22 10 40 25 16 12 26 38
39 40 6 27 57 32 53 61 16 38 40 39 45 26 49 53 36 41 41 24 39 37 57 41 49 52 59 0 47 35 26 32 8 35 9 17 46 37 31 3 46 13 38 35 32 17 37 45 37 14 45 42 55 46 54 25 35 48 53 37 46
14 9 41 20 14 21 13 14 33 16 27 11 18 27 14 6 11 16 7 32 14 27 13 33 9 7 12 47 0 36 38 15 39 12 38 38 14 31 18 44 3 39 22 12 28 35 31 30 26 38 21 30 8 13 11 30 14 10 12 16 29
38 31 30 25 35 37 31 47 30 38 47 25 20 13 46 41 28 40 35 11 37 9 38 52 43 36 45 35 36 0 9 27 29 29 30 38 44 5 20 33 38 36 43 30 42 18 5 52 10 21 47 50 41 44 35 11 32 29 33 37 53
37 32 21 22 41 34 37 51 24 36 44 27 26 11 47 43 29 39 36 6 36 15 43 48 45 40 48 26 38 9 0 26 20 29 22 31 44 13 20 24 40 28 40 30 38 10 13 49 15 12 46 47 44 44 40 8 31 34 39 35 50
11 6 26 5 25 12 22 29 18 10 21 9 19 15 21 21 4 13 10 20 10 20 26 27 19 20 27 32 15 27 26 0 24 3 24 24 18 24 7 29 14 25 16 4 18 21 24 26 19 23 20 24 23 18 23 18 5 18 23 10 26
31 30 2 19 49 24 45 53 8 30 33 31 38 19 41 45 28 33 33 18 31 31 49 34 41 44 51 8 39 29 20 24 0 27 2 12 38 31 23 5 38 8 31 27 25 11 31 38 30 8 38 35 47 38 46 19 27 40 45 29 39
9 3 29 8 23 12 21 26 21 9 20 8 19 18 18 18 2 11 7 23 8 22 24 26 16 18 24 35 12 29 29 3 27 0 26 26 15 26 9 32 11 28 15 1 19 24 26 25 21 26 18 23 20 15 21 21 4 17 21 8 25
29 29 4 19 48 22 44 52 6 28 31 31 38 20 39 44 28 31 33 19 29 32 49 32 39 44 50 9 38 30 22 24 2 26 0 10 36 32 23 6 37 6 29 27 23 12 32 36 31 10 36 33 46 36 46 20 26 40 45 27 37
26 29 13 20 49 18 46 52 8 25 23 33 42 26 35 44 28 27 31 27 26 38 50 24 36 44 49 17 38 38 31 24 12 26 10 0 32 38 27 14 36 4 23 26 15 21 38 28 37 19 29 25 46 32 47 27 24 42 47 24 29
7 13 40 22 28 14 27 25 30 8 13 20 31 33 3 18 16 5 10 38 8 36 27 19 7 21 23 46 14 44 44 18 38 15 36 32 0 40 24 42 11 35 10 14 18 39 40 16 35 40 7 16 21 1 25 36 13 24 26 9 15
35 27 32 23 30 35 26 42 30 34 45 20 15 12 42 36 25 37 30 13 34 4 33 50 38 31 40 37 31 5 13 24 31 26 32 38 40 0 17 35 33 37 40 27 41 20 0 50 5 23 44 48 36 40 30 12 29 24 28 34 50
18 12 25 7 25 18 21 32 19 17 28 8 15 9 27 24 9 20 16 14 17 13 26 33 25 21 29 31 18 20 20 7 23 9 23 27 24 17 0 28 20 26 23 10 25 17 17 33 12 20 27 31 25 24 23 12 12 17 22 17 33
35 35 3 24 54 28 50 58 12 34 37 36 42 23 45 50 33 37 38 22 35 35 54 38 45 49 56 3 44 33 24 29 5 32 6 14 42 35 28 0 43 10 35 32 29 15 35 42 34 12 42 39 52 42 51 23 32 45 50 33 43
11 8 41 19 17 19 16 15 32 13 24 13 21 29 11 7 11 13 5 34 11 29 16 30 6 10 13 46 3 38 40 14 38 11 37 36 11 33 20 43 0 38 19 11 25 35 33 27 28 37 18 27 10 10 14 32 12 13 15 13 26
29 30 9 20 50 21 46 53 7 28 27 33 41 25 38 45 29 30 33 25 29 37 51 28 39 45 51 13 39 36 28 25 8 28 6 4 35 37 26 10 38 0 26 27 19 18 37 32 36 16 33 29 47 35 48 25 26 42 47 27 33
8 15 33 18 36 7 34 34 23 6 5 22 33 30 13 26 16 6 15 34 8 36 35 11 16 29 32 38 22 43 40 16 31 15 29 23 10 40 23 35 19 26 0 13 8 33 40 10 35 34 7 8 29 10 33 33 11 30 34 6 10
8 3 29 8 24 11 22 26 21 8 19 9 20 19 17 18 3 10 6 24 7 23 24 25 15 18 24 35 12 30 30 4 27 1 27 26 14 27 10 32 11 27 13 0 18 25 27 23 22 26 17 21 20 14 21 22 3 18 22 7 23
14 21 27 18 42 7 40 41 17 12 8 27 37 29 21 32 21 13 21 32 14 38 41 10 23 35 38 32 28 42 38 18 25 19 23 15 18 41 25 29 25 19 8 18 0 29 41 13 37 29 14 10 35 18 39 31 15 36 40 12 14
32 27 12 17 42 26 38 49 14 31 36 25 29 10 42 41 25 34 31 7 31 20 43 39 40 38 46 17 35 18 10 21 11 24 12 21 39 20 17 15 35 18 33 25 29 0 20 41 19 3 40 39 42 39 40 8 26 34 39 30 42
35 27 32 23 30 35 26 42 30 34 45 20 15 12 42 36 25 37 30 13 34 4 33 50 38 31 40 37 31 5 13 24 31 26 32 38 40 0 17 35 33 37 40 27 41 20 0 50 5 23 44 48 36 40 30 12 29 24 28 34 50
17 25 40 27 44 15 43 41 30 16 5 32 43 39 18 34 26 15 24 43 18 46 43 5 23 37 39 45 30 52 49 26 38 25 36 28 16 50 33 42 27 32 10 23 13 41 50 0 45 42 9 3 37 17 41 41 21 39 42 16 1
30 22 31 19 26 30 22 37 29 29 40 15 11 11 37 31 20 32 25 13 29 1 28 45 33 26 35 37 26 10 15 19 30 21 31 37 35 5 12 34 28 36 35 22 37 19 5 45 0 22 39 43 31 35 25 11 24 19 24 29 45
33 29 9 18 45 27 41 52 13 32 37 28 32 13 43 44 27 35 32 10 32 23 46 39 41 41 49 14 38 21 12 23 8 26 10 19 40 23 20 12 37 16 34 26 29 3 23 42 22 0 41 39 45 40 43 11 27 37 42 31 43
9 17 40 24 35 14 34 32 30 10 7 24 35 35 9 25 19 7 16 40 10 40 34 12 14 28 30 45 21 47 46 20 38 18 36 29 7 44 27 42 18 33 7 17 14 40 44 9 39 41 0 9 28 8 32 38 15 31 33 11 8
16 23 37 25 44 13 42 41 27 14 3 30 41 37 18 34 24 14 23 41 16 44 43 3 23 37 39 42 30 50 47 24 35 23 33 25 16 48 31 39 27 29 8 21 10 39 48 3 43 39 9 0 37 17 41 39 19 38 42 14 4
21 17 49 28 9 29 11 6 41 23 34 17 21 34 19 3 19 23 15 38 21 32 6 40 14 5 4 55 8 41 44 23 47 20 46 46 21 36 25 52 10 47 29 20 35 42 36 37 31 45 28 37 0 20 7 36 22 12 9 23 36
7 13 40 22 27 14 26 24 30 8 14 20 31 33 3 17 16 5 10 38 8 36 26 20 6 20 22 46 13 44 44 18 38 15 36 32 1 40 24 42 10 35 10 14 18 39 40 17 35 40 8 17 20 0 24 36 13 23 25 9 16
25 18 48 28 3 32 4 12 41 27 38 15 15 31 24 9 19 27 18 35 25 26 3 44 19 4 10 54 11 35 40 23 46 21 46 47 25 30 23 51 14 48 33 21 39 40 30 41 25 43 32 41 7 24 0 33 24 6 2 27 40
29 24 20 15 35 26 31 43 19 28 36 19 21 3 39 35 21 31 28 2 28 12 37 41 37 32 40 25 30 11 8 18 19 21 20 27 36 12 12 23 32 25 33 22 31 8 12 41 11 11 38 39 36 36 33 0 23 27 32 28 42
6 6 29 9 27 8 25 28 20 5 16 12 23 20 16 19 6 8 7 25 5 25 27 22 15 21 25 35 14 32 31 5 27 4 26 24 13 29 12 32 12 26 11 3 15 26 29 21 24 27 15 19 22 13 24 23 0 21 25 5 21
22 15 42 22 7 29 4 18 35 24 35 9 9 25 24 12 15 24 15 29 22 20 9 41 19 7 16 48 10 29 34 18 40 17 40 42 24 24 17 45 13 42 30 18 36 34 24 39 19 37 31 38 12 23 6 27 21 0 5 24 38
26 19 47 27 2 33 2 14 40 28 39 14 13 30 25 10 19 28 19 34 26 24 5 45 20 5 12 53 12 33 39 23 45 21 45 47 26 28 22 50 15 47 34 22 40 39 28 42 24 42 33 42 9 25 2 32 25 5 0 28 41
2 9 31 13 30 6 28 28 21 1 11 16 27 25 12 20 10 4 9 29 2 30 29 17 12 23 26 37 16 37 35 10 29 8 27 24 9 34 17 33 13 27 6 7 12 30 34 16 29 31 11 14 23 9 27 28 5 24 28 0 16
16 24 41 28 43 16 42 40 31 16 6 31 42 40 17 33 26 14 23 44 17 46 42 6 22 36 38 46 29 53 50 26 39 25 37 29 15 50 33 43 26 33 10 23 14 42 50 1 45 43 8 4 36 16 40 42 21 38 41 16 0
0         679      
48        206      
233       471      
151       334      
40        271      
0         97       
55        273      
433       583      
265       437      
0         114      
0         158      
188       310      
75        224      
165       333      
0         74       
75        208      
0         206      
0         88       
0         212      
206       396      
0         68       
134       297      
16        226      
429       643      
0         148      
13        241      
476       653      
227       475      
67        233      
87        287      
143       304      
179       382      
252       432      
0         197      
234       437      
285       472      
0         96       
70        258      
127       277      
367       569      
162       383      
247       383      
0         116      
125       324      
0         167      
275       456      
283       526      
0         166      
104       293      
207       419      
0         156      
0         125      
12        223      
0         117      
19        231      
109       280      
45        199      
30        236      
434       552      
0         113      
448       662      
