61
0 16 29 19 32 24 5 44 38 44 20 25 43 46 44 14 42 26 39 23 22 31 23 44 5 25 33 32 38 47 28 26 39 44 30 15 33 28 4 7 44 12 39 15 20 23 28 43 39 27 37 13 35 41 33 53 24 25 37 8 19
16 0 13 14 29 8 12 31 35 48 16 10 31 42 43 18 40 22 41 30 32 16 18 32 21 9 25 17 34 41 16 33 28 46 37 1 30 12 20 10 33 21 44 23 9 15 30 37 43 31 22 29 20 35 37 43 20 32 34 19 17
29 13 0 24 37 6 24 29 43 57 26 10 31 47 51 31 48 31 51 42 45 8 27 31 34 4 28 11 40 44 19 45 30 55 49 14 39 3 33 22 35 34 55 36 16 22 41 40 54 42 17 42 10 38 48 45 29 44 42 32 27
19 14 24 0 15 18 19 26 21 33 2 16 25 29 29 9 26 9 27 18 23 23 5 26 22 23 15 22 21 29 11 21 21 32 25 13 16 26 22 18 26 13 30 14 8 5 16 25 29 17 25 27 26 23 23 34 7 20 20 15 3
32 29 37 15 0 31 34 27 6 20 13 27 24 15 14 18 10 6 14 16 23 33 10 25 32 36 13 32 7 17 19 17 19 18 20 27 2 39 33 33 22 21 20 19 20 15 9 15 18 11 31 36 36 13 15 25 8 16 5 24 13
24 8 6 18 31 0 20 26 37 51 20 5 27 41 45 25 41 25 45 36 39 8 20 27 29 6 23 9 34 39 14 39 26 49 43 9 33 8 28 18 31 28 48 30 10 16 34 35 47 35 15 37 12 33 41 41 22 38 36 27 21
5 12 24 19 34 20 0 42 40 48 21 22 41 48 46 16 44 28 42 27 26 28 24 42 10 20 32 29 40 48 26 30 38 47 34 12 35 23 9 2 43 16 43 19 18 22 30 44 43 30 34 18 32 42 37 52 26 29 39 12 21
44 31 29 26 27 26 42 0 30 45 26 21 3 25 37 35 34 24 40 41 47 21 23 2 47 31 14 18 22 18 16 44 8 41 47 31 29 32 47 40 7 39 47 39 24 21 36 16 45 38 12 53 20 17 42 16 24 43 30 41 28
38 35 43 21 6 37 40 30 0 15 19 33 27 12 8 24 5 12 10 18 25 39 16 28 38 42 18 38 8 17 25 19 22 12 20 33 5 45 39 39 25 26 17 24 26 21 11 16 15 13 36 40 42 14 13 26 14 18 1 30 19
44 48 57 33 20 51 48 45 15 0 31 47 41 23 8 31 11 26 6 22 27 53 30 42 44 56 32 52 22 30 39 20 37 3 17 46 18 59 45 47 39 32 7 29 40 35 17 30 6 18 50 44 56 28 11 39 28 20 15 36 30
20 16 26 2 13 20 21 26 19 31 0 17 24 27 27 9 23 7 25 17 22 24 3 25 23 25 13 23 19 27 12 20 19 30 24 15 14 28 23 20 24 13 28 13 10 6 15 23 27 16 26 27 27 21 22 33 5 19 18 15 2
25 10 10 16 27 5 22 21 33 47 17 0 22 36 41 24 37 21 41 34 38 7 17 22 30 11 18 7 29 34 9 37 21 45 41 10 29 12 29 20 26 28 45 29 8 12 32 30 44 33 12 38 11 28 39 36 19 36 32 27 19
43 31 31 25 24 27 41 3 27 41 24 22 0 21 34 33 30 21 37 38 44 23 21 1 46 33 11 20 19 16 15 41 5 38 44 30 26 34 46 39 4 37 44 37 23 20 33 13 42 35 14 51 22 14 39 14 21 40 27 39 26
46 42 47 29 15 41 48 25 12 23 27 36 21 0 15 33 12 20 19 30 37 40 24 22 47 47 18 38 8 7 27 31 18 20 31 41 15 48 48 47 17 36 26 34 33 27 22 8 24 24 34 51 41 8 24 16 22 29 12 39 27
44 43 51 29 14 45 46 37 8 8 27 41 34 15 0 30 3 20 6 22 28 47 24 35 44 50 26 46 14 22 33 21 29 5 19 41 12 53 45 46 31 32 12 29 34 29 16 22 10 17 44 44 50 20 12 31 22 21 8 36 26
14 18 31 9 18 25 16 35 24 31 9 24 33 33 30 0 28 14 25 12 14 31 12 34 14 27 22 31 25 35 20 15 28 30 19 17 19 30 15 16 33 4 27 5 16 14 14 31 26 14 34 18 35 29 21 41 12 14 23 6 7
42 40 48 26 10 41 44 34 5 11 23 37 30 12 3 28 0 16 7 20 27 43 20 31 42 46 22 42 11 19 29 21 26 8 19 37 9 49 43 43 28 30 14 27 30 25 14 19 12 15 40 42 46 17 12 28 18 20 5 34 23
26 22 31 9 6 25 28 24 12 26 7 21 21 20 20 14 16 0 20 17 23 27 4 22 28 30 10 26 12 21 13 20 16 24 23 21 8 33 29 27 21 18 25 17 14 9 12 17 24 14 26 32 30 15 19 27 2 19 11 20 7
39 41 51 27 14 45 42 40 10 6 25 41 37 19 6 25 7 20 0 17 22 47 24 38 39 50 27 46 18 26 33 15 32 5 13 40 12 53 40 41 35 27 7 24 34 29 11 26 5 12 45 39 50 24 6 35 22 15 10 31 24
23 30 42 18 16 36 27 41 18 22 17 34 38 30 22 12 20 17 17 0 7 41 19 39 22 39 27 40 23 33 29 3 33 22 7 29 15 42 23 28 38 11 15 8 26 23 7 31 16 5 43 22 44 29 11 41 18 2 17 15 15
22 32 45 23 23 39 26 47 25 27 22 38 44 37 28 14 27 23 22 7 0 45 24 45 19 41 33 45 30 40 34 7 39 27 10 31 22 44 20 27 44 11 20 9 30 28 14 38 21 12 48 17 49 36 16 48 24 7 24 14 20
31 16 8 23 33 8 28 21 39 53 24 7 23 40 47 31 43 27 47 41 45 0 24 23 36 11 23 3 34 37 14 44 23 51 48 16 35 11 35 26 27 35 52 36 15 19 39 33 51 40 9 44 4 32 46 37 25 43 38 34 26
23 18 27 5 10 20 24 23 16 30 3 17 21 24 24 12 20 4 24 19 24 24 0 22 26 25 10 22 16 24 10 22 16 28 25 17 12 28 26 23 21 16 28 16 10 5 15 20 27 16 24 30 26 18 22 30 2 21 15 18 5
44 32 31 26 25 27 42 2 28 42 25 22 1 22 35 34 31 22 38 39 45 23 22 0 47 33 12 20 20 16 16 42 6 39 45 31 27 34 47 40 5 38 45 38 24 21 34 14 43 36 14 52 22 15 40 14 22 41 28 40 27
5 21 34 22 32 29 10 47 38 44 23 30 46 47 44 14 42 28 39 22 19 36 26 47 0 30 36 37 39 49 32 25 42 44 28 20 33 33 1 12 47 12 37 15 24 26 28 45 38 27 42 8 40 43 33 55 26 24 37 8 21
25 9 4 23 36 6 20 31 42 56 25 11 33 47 50 27 46 30 50 39 41 11 25 33 30 0 29 14 40 45 20 42 32 53 46 10 37 3 29 18 37 30 53 32 15 21 39 41 52 40 20 38 14 39 46 47 27 41 40 28 26
33 25 28 15 13 23 32 14 18 32 13 18 11 18 26 22 22 10 27 27 33 23 10 12 36 29 0 20 12 16 9 30 6 30 33 24 15 30 36 31 11 26 33 26 16 10 22 12 31 24 18 40 24 10 28 20 10 29 17 28 15
32 17 11 22 32 9 29 18 38 52 23 7 20 38 46 31 42 26 46 40 45 3 22 20 37 14 20 0 32 34 13 43 20 50 47 17 34 14 36 27 24 35 50 36 15 18 37 30 49 38 6 45 4 30 44 34 24 42 37 34 25
38 34 40 21 7 34 40 22 8 22 19 29 19 8 14 25 11 12 18 23 30 34 16 20 39 40 12 32 0 10 20 24 15 19 26 33 8 41 40 39 17 28 25 26 25 19 16 8 23 18 30 43 36 6 20 18 14 23 8 31 19
47 41 44 29 17 39 48 18 17 30 27 34 16 7 22 35 19 21 26 33 40 37 24 16 49 45 16 34 10 0 25 34 14 27 36 40 18 46 50 47 12 38 33 36 32 26 26 4 31 28 30 53 37 6 29 9 22 33 17 41 27
28 16 19 11 19 14 26 16 25 39 12 9 15 27 33 20 29 13 33 29 34 14 10 16 32 20 9 13 20 25 0 32 12 37 35 15 21 21 31 24 17 24 38 25 8 6 24 21 37 26 14 37 17 19 31 27 11 31 24 25 14
26 33 45 21 17 39 30 44 19 20 20 37 41 31 21 15 21 20 15 3 7 44 22 42 25 42 30 43 24 34 32 0 36 20 4 32 16 45 26 31 39 14 13 11 29 26 8 32 14 6 46 24 47 30 9 42 21 1 18 18 18
39 28 30 21 19 26 38 8 22 37 19 21 5 18 29 28 26 16 32 33 39 23 16 6 42 32 6 20 15 14 12 36 0 34 39 27 21 33 42 36 5 32 39 32 20 16 28 10 37 30 16 46 23 10 34 15 16 35 22 34 21
44 46 55 32 18 49 47 41 12 3 30 45 38 20 5 30 8 24 5 22 27 51 28 39 44 53 30 50 19 27 37 20 34 0 18 45 16 56 45 46 36 32 9 29 38 33 16 27 7 17 48 44 54 25 11 36 26 20 13 36 29
30 37 49 25 20 43 34 47 20 17 24 41 44 31 19 19 19 23 13 7 10 48 25 45 28 46 33 47 26 36 35 4 39 18 0 36 18 49 29 35 42 18 10 15 33 30 11 34 11 9 49 27 51 32 7 44 24 5 19 22 22
15 1 14 13 27 9 12 31 33 46 15 10 30 41 41 17 37 21 40 29 31 16 17 31 20 10 24 17 33 40 15 32 27 45 36 0 29 13 19 10 32 20 43 22 8 14 29 36 42 30 22 28 20 34 36 42 19 31 32 18 16
33 30 39 16 2 33 35 29 5 18 14 29 26 15 12 19 9 8 12 15 22 35 12 27 33 37 15 34 8 18 21 16 21 16 18 29 0 40 34 34 24 22 18 19 22 17 8 16 16 10 33 36 38 14 13 26 10 15 4 25 14
28 12 3 26 39 8 23 32 45 59 28 12 34 48 53 30 49 33 53 42 44 11 28 34 33 3 30 14 41 46 21 45 33 56 49 13 40 0 32 21 38 33 56 35 18 24 42 42 55 43 20 41 13 40 49 48 30 44 43 31 29
4 20 33 22 33 28 9 47 39 45 23 29 46 48 45 15 43 29 40 23 20 35 26 47 1 29 36 36 40 50 31 26 42 45 29 19 34 32 0 11 47 13 38 16 24 26 29 46 39 28 41 9 39 44 34 56 27 25 38 9 22
7 10 22 18 33 18 2 40 39 47 20 20 39 47 46 16 43 27 41 28 27 26 23 40 12 18 31 27 39 47 24 31 36 46 35 10 34 21 11 0 41 17 43 20 16 21 30 43 42 30 32 20 30 41 37 51 25 30 38 13 20
44 33 35 26 22 31 43 7 25 39 24 26 4 17 31 33 28 21 35 38 44 27 21 5 47 37 11 24 17 12 17 39 5 36 42 32 24 38 47 41 0 37 42 37 25 21 31 9 40 33 18 51 26 11 37 10 21 38 25 39 26
12 21 34 13 21 28 16 39 26 32 13 28 37 36 32 4 30 18 27 11 11 35 16 38 12 30 26 35 28 38 24 14 32 32 18 20 22 33 13 17 37 0 26 3 20 18 16 35 26 15 38 15 39 33 21 45 16 13 25 4 11
39 44 55 30 20 48 43 47 17 7 28 45 44 26 12 27 14 25 7 15 20 52 28 45 37 53 33 50 25 33 38 13 39 9 10 43 18 56 38 43 42 26 0 23 38 33 13 33 2 13 51 37 54 31 6 42 26 13 17 30 26
15 23 36 14 19 30 19 39 24 29 13 29 37 34 29 5 27 17 24 8 9 36 16 38 15 32 26 36 26 36 25 11 32 29 15 22 19 35 16 20 37 3 23 0 21 19 13 33 23 12 39 17 40 31 18 43 16 10 23 7 11
20 9 16 8 20 10 18 24 26 40 10 8 23 33 34 16 30 14 34 26 30 15 10 24 24 15 16 15 25 32 8 29 20 38 33 8 22 18 24 16 25 20 38 21 0 6 24 28 37 25 18 31 19 26 31 35 12 28 25 19 11
23 15 22 5 15 16 22 21 21 35 6 12 20 27 29 14 25 9 29 23 28 19 5 21 26 21 10 18 19 26 6 26 16 33 30 14 17 24 26 21 21 18 33 19 6 0 20 22 32 21 20 32 22 20 27 30 7 25 20 20 8
28 30 41 16 9 34 30 36 11 17 15 32 33 22 16 14 14 12 11 7 14 39 15 34 28 39 22 37 16 26 24 8 28 16 11 29 8 42 29 30 31 16 13 13 24 20 0 24 12 2 38 29 41 22 7 34 13 7 10 20 13
43 37 40 25 15 35 44 16 16 30 23 30 13 8 22 31 19 17 26 31 38 33 20 14 45 41 12 30 8 4 21 32 10 27 34 36 16 42 46 43 9 35 33 33 28 22 24 0 31 26 26 49 33 2 28 10 18 31 16 37 23
39 43 54 29 18 47 43 45 15 6 27 44 42 24 10 26 12 24 5 16 21 51 27 43 38 52 31 49 23 31 37 14 37 7 11 42 16 55 39 42 40 26 2 23 37 32 12 31 0 12 49 38 53 29 5 40 25 14 15 30 25
27 31 42 17 11 35 30 38 13 18 16 33 35 24 17 14 15 14 12 5 12 40 16 36 27 40 24 38 18 28 26 6 30 17 9 30 10 43 28 30 33 15 13 12 25 21 2 26 12 0 40 27 42 24 7 36 15 5 12 19 14
37 22 17 25 31 15 34 12 36 50 26 12 14 34 44 34 40 26 45 43 48 9 24 14 42 20 18 6 30 30 14 46 16 48 49 22 33 20 41 32 18 38 51 39 18 20 38 26 49 40 0 49 8 26 45 28 25 45 35 37 28
13 29 42 27 36 37 18 53 40 44 27 38 51 51 44 18 42 32 39 22 17 44 30 52 8 38 40 45 43 53 37 24 46 44 27 28 36 41 9 20 51 15 37 17 31 32 29 49 38 27 49 0 48 47 33 59 30 24 39 12 25
35 20 10 26 36 12 32 20 42 56 27 11 22 41 50 35 46 30 50 44 49 4 26 22 40 14 24 4 36 37 17 47 23 54 51 20 38 13 39 30 26 39 54 40 19 22 41 33 53 42 8 48 0 33 48 36 28 46 41 38 29
41 35 38 23 13 33 42 17 14 28 21 28 14 8 20 29 17 15 24 29 36 32 18 15 43 39 10 30 6 6 19 30 10 25 32 34 14 40 44 41 11 33 31 31 26 20 22 2 29 24 26 47 33 0 26 12 16 29 14 35 21
33 37 48 23 15 41 37 42 13 11 22 39 39 24 12 21 12 19 6 11 16 46 22 40 33 46 28 44 20 29 31 9 34 11 7 36 13 49 34 37 37 21 6 18 31 27 7 28 5 7 45 33 48 26 0 38 20 9 12 25 20
53 43 45 34 25 41 52 16 26 39 33 36 14 16 31 41 28 27 35 41 48 37 30 14 55 47 20 34 18 9 27 42 15 36 44 42 26 48 56 51 10 45 42 43 35 30 34 10 40 36 28 59 36 12 38 0 28 41 26 47 33
24 20 29 7 8 22 26 24 14 28 5 19 21 22 22 12 18 2 22 18 24 25 2 22 26 27 10 24 14 22 11 21 16 26 24 19 10 30 27 25 21 16 26 16 12 7 13 18 25 15 25 30 28 16 20 28 0 20 13 18 5
25 32 44 20 16 38 29 43 18 20 19 36 40 29 21 14 20 19 15 2 7 43 21 41 24 41 29 42 23 33 31 1 35 20 5 31 15 44 25 30 38 13 13 10 28 25 7 31 14 5 45 24 46 29 9 41 20 0 17 17 17
37 34 42 20 5 36 39 30 1 15 18 32 27 12 8 23 5 11 10 17 24 38 15 28 37 40 17 37 8 17 24 18 22 13 19 32 4 43 38 38 25 25 17 23 25 20 10 16 15 12 35 39 41 14 12 26 13 17 0 29 18
8 19 32 15 24 27 12 41 30 36 15 27 39 39 36 6 34 20 31 15 14 34 18 40 8 28 28 34 31 41 25 18 34 36 22 18 25 31 9 13 39 4 30 7 19 20 20 37 30 19 37 12 38 35 25 47 18 17 29 0 13
19 17 27 3 13 21 21 28 19 30 2 19 26 27 26 7 23 7 24 15 20 26 5 27 21 26 15 25 19 27 14 18 21 29 22 16 14 29 22 20 26 11 26 11 11 8 13 23 25 14 28 25 29 21 20 33 5 17 18 13 0
0         697      
252       485      
254       490      
161       355      
99        322      
237       447      
0         118      
111       274      
0         182      
454       652      
160       346      
181       379      
268       403      
43        232      
32        222      
0         129      
19        226      
112       357      
7         172      
0         179      
382       603      
194       348      
115       332      
99        238      
358       543      
287       433      
217       382      
282       467      
72        210      
70        274      
209       388      
0         150      
112       276      
22        200      
0         193      
337       531      
25        214      
357       524      
0         116      
440       642      
110       308      
364       562      
1         147      
0         100      
188       337      
224       393      
388       592      
63        251      
0         213      
534       664      
207       341      
0         153      
179       343      
115       296      
12        135      
45        218      
164       333      
378       531      
10        204      
0         150      
450       658      
