61
0 22 30 28 32 16 38 27 10 41 34 11 3 31 31 28 32 8 21 35 13 34 19 12 23 37 18 24 7 32 27 1 10 17 18 11 35 11 9 29 39 14 22 24 19 9 28 22 36 2 34 23 15 12 13 5 12 25 18 6 40
22 0 28 37 30 19 53 17 30 39 42 32 25 42 41 49 53 30 43 47 22 49 41 33 27 42 32 4 16 37 31 23 32 23 8 33 50 24 16 46 42 8 44 39 40 16 28 44 41 24 52 17 35 32 35 20 32 33 38 20 58
30 28 0 18 2 14 37 11 30 11 23 41 33 25 23 44 44 37 47 29 18 32 47 33 10 17 24 24 30 14 8 31 39 14 20 39 33 21 22 35 14 28 47 28 36 33 3 52 17 32 40 11 34 31 36 25 32 18 33 23 41
28 37 18 0 20 17 18 26 20 21 6 35 29 7 5 26 26 29 35 11 16 14 37 22 10 11 11 35 32 7 10 29 31 13 28 30 15 17 24 17 17 34 36 10 21 35 15 42 9 28 22 23 21 20 25 24 21 3 18 23 23
32 30 2 20 0 16 38 13 32 9 23 43 35 27 25 46 46 39 49 31 20 34 49 35 12 16 26 26 32 14 10 33 41 16 22 41 35 23 24 37 12 30 49 30 38 35 5 54 17 34 42 13 36 33 38 27 34 20 35 25 43
16 19 14 17 16 0 33 14 17 24 23 27 19 23 21 33 35 22 34 27 4 30 33 21 9 24 14 18 16 19 13 17 24 4 11 25 31 8 8 27 25 17 35 20 25 19 12 37 23 17 33 10 22 19 24 10 19 14 22 9 39
38 53 37 18 38 33 0 44 28 38 15 43 38 10 12 18 13 37 36 7 31 3 39 28 28 25 20 51 43 24 28 38 39 29 44 37 2 28 36 10 33 46 36 13 22 45 33 44 23 37 7 41 25 26 30 34 27 19 20 34 6
27 17 11 26 13 14 44 0 31 22 32 38 30 33 31 47 48 34 47 37 18 40 45 35 16 27 27 13 25 23 17 28 36 16 12 37 41 22 18 40 25 20 48 33 39 26 12 49 27 29 46 4 36 33 38 22 33 24 36 21 49
10 30 30 20 32 17 28 31 0 38 25 15 10 22 22 18 22 9 17 26 13 25 17 4 21 31 9 30 17 27 25 10 11 16 23 10 26 9 14 18 37 23 18 15 9 19 27 22 29 9 24 27 5 2 7 10 2 18 8 10 30
41 39 11 21 9 24 38 22 38 0 23 51 43 28 26 47 47 46 55 31 27 35 55 41 17 13 30 35 40 14 13 41 48 22 31 48 36 29 32 38 5 39 55 31 42 43 12 60 15 41 43 22 40 39 44 34 39 22 39 33 44
34 42 23 6 23 23 15 32 25 23 0 40 35 5 4 26 24 34 39 8 22 12 41 27 16 10 16 41 38 9 15 35 36 19 34 35 13 23 30 15 18 40 39 12 24 41 20 46 8 34 20 29 25 25 30 30 26 9 20 29 21
11 32 41 35 43 27 43 38 15 51 40 0 8 37 37 28 33 6 13 41 24 40 9 15 34 46 24 34 16 42 38 10 4 28 29 6 41 21 20 33 50 24 14 30 21 16 39 12 44 9 37 34 18 17 13 16 16 33 23 17 44
3 25 33 29 35 19 38 30 10 43 35 8 0 32 32 27 31 5 18 36 16 35 16 11 26 39 19 27 9 34 30 2 7 20 21 8 36 13 12 28 42 17 19 25 18 10 31 19 38 1 34 26 14 12 12 8 11 26 18 9 40
31 42 25 7 27 23 10 33 22 28 5 37 32 0 2 21 19 31 34 5 21 7 36 22 17 15 13 41 35 14 17 32 33 19 34 31 8 20 28 10 23 38 34 7 19 38 22 41 13 31 15 30 20 20 25 27 21 9 15 26 16
31 41 23 5 25 21 12 31 22 26 4 37 32 2 0 23 21 31 35 6 20 9 37 23 15 13 13 39 35 12 15 32 33 17 32 32 10 20 28 12 21 38 35 8 20 38 20 42 11 31 17 28 21 21 26 27 22 7 16 26 18
28 49 44 26 46 33 18 47 18 47 26 28 27 21 23 0 6 23 18 21 29 18 22 16 34 36 20 48 35 33 36 28 24 31 41 22 18 26 32 11 43 41 18 16 9 37 41 27 34 27 11 43 13 16 15 28 16 26 11 28 18
32 53 44 26 46 35 13 48 22 47 24 33 31 19 21 6 0 28 24 18 31 14 28 20 34 34 21 52 39 33 36 32 29 32 45 27 14 29 36 9 42 45 24 16 13 41 41 33 32 31 6 45 17 20 21 32 20 26 14 32 12
8 30 37 29 39 22 37 34 9 46 34 6 5 31 31 23 28 0 13 35 20 34 11 9 29 40 18 32 14 36 33 7 2 23 26 3 35 16 17 27 45 22 14 24 15 15 34 15 38 6 31 31 12 11 8 12 10 27 17 13 38
21 43 47 35 49 34 36 47 17 55 39 13 18 34 35 18 24 13 0 36 30 33 4 13 38 46 24 45 27 42 41 20 11 33 39 10 34 26 30 26 52 35 1 26 15 27 44 9 44 19 29 43 14 15 10 25 15 33 18 26 36
35 47 29 11 31 27 7 37 26 31 8 41 36 5 6 21 18 35 36 0 26 4 39 26 21 18 17 45 40 17 21 36 37 23 38 35 5 25 33 10 26 43 36 11 21 42 26 44 16 35 12 34 23 24 28 31 25 13 18 31 13
13 22 18 16 20 4 31 18 13 27 22 24 16 21 20 29 31 20 30 26 0 27 30 17 9 24 10 21 16 19 13 14 22 4 14 22 28 4 8 24 25 18 31 17 21 19 15 35 23 15 30 14 18 15 20 8 15 13 18 7 36
34 49 32 14 34 30 3 40 25 35 12 40 35 7 9 18 14 34 33 4 27 0 36 25 24 22 17 48 40 21 24 35 36 26 41 34 1 25 33 7 30 43 33 10 19 42 29 41 20 34 8 37 22 23 27 31 24 16 17 31 9
19 41 47 37 49 33 39 45 17 55 41 9 16 36 37 22 28 11 4 39 30 36 0 14 38 48 26 43 25 44 42 18 9 33 37 8 37 26 28 29 54 33 5 29 18 25 44 5 46 17 33 42 16 16 11 23 16 34 21 24 40
12 33 33 22 35 21 28 35 4 41 27 15 11 22 23 16 20 9 13 26 17 25 14 0 24 33 11 33 19 29 28 12 11 19 27 9 26 13 18 18 39 26 14 15 7 21 30 19 31 11 23 31 3 2 3 13 2 20 8 14 30
23 27 10 10 12 9 28 16 21 17 16 34 26 17 15 34 34 29 38 21 9 24 38 24 0 15 14 25 25 10 4 23 31 5 19 31 25 12 17 25 16 26 38 18 26 28 7 43 14 24 30 13 24 22 27 17 22 8 23 16 33
37 42 17 11 16 24 25 27 31 13 10 46 39 15 13 36 34 40 46 18 24 22 48 33 15 0 22 39 40 5 11 38 42 20 34 41 23 26 32 25 8 41 47 21 32 43 15 52 2 38 30 26 32 31 36 32 32 13 29 31 31
18 32 24 11 26 14 20 27 9 30 16 24 19 13 13 20 21 18 24 17 10 17 26 11 14 22 0 31 22 18 17 19 20 11 24 19 18 8 16 14 28 26 25 7 12 25 21 30 20 18 20 24 10 9 14 14 10 9 9 14 26
24 4 24 35 26 18 51 13 30 35 41 34 27 41 39 48 52 32 45 45 21 48 43 33 25 39 31 0 18 34 28 25 34 22 7 35 49 23 16 45 38 10 46 38 39 18 24 46 38 26 51 13 35 32 36 20 32 32 38 20 57
7 16 30 32 32 16 43 25 17 40 38 16 9 35 35 35 39 14 27 40 16 40 25 19 25 40 22 18 0 35 29 7 16 20 13 17 40 15 8 35 41 8 28 29 26 3 28 28 39 8 41 21 22 19 20 8 19 29 25 9 47
32 37 14 7 14 19 24 23 27 14 9 42 34 14 12 33 33 36 42 17 19 21 44 29 10 5 18 34 35 0 6 33 38 15 29 37 22 21 27 24 10 36 43 17 28 38 11 48 4 33 29 21 28 27 32 27 28 9 25 26 30
27 31 8 10 10 13 28 17 25 13 15 38 30 17 15 36 36 33 41 21 13 24 42 28 4 11 17 28 29 6 0 27 35 9 23 35 25 16 21 27 12 30 42 20 29 32 5 47 10 28 32 15 27 26 31 21 26 10 26 20 33
1 23 31 29 33 17 38 28 10 41 35 10 2 32 32 28 32 7 20 36 14 35 18 12 23 38 19 25 7 33 27 0 9 18 19 10 36 12 10 28 39 15 21 25 19 9 29 21 37 1 34 24 15 12 13 6 12 26 18 7 40
10 32 39 31 41 24 39 36 11 48 36 4 7 33 33 24 29 2 11 37 22 36 9 11 31 42 20 34 16 38 35 9 0 25 28 2 37 18 19 29 47 24 12 26 17 16 36 13 40 8 33 33 14 13 9 14 12 29 19 15 40
17 23 14 13 16 4 29 16 16 22 19 28 20 19 17 31 32 23 33 23 4 26 33 19 5 20 11 22 20 15 9 18 25 0 15 25 27 7 12 24 21 21 33 17 23 23 11 38 19 19 30 13 20 17 22 12 18 10 20 11 35
18 8 20 28 22 11 44 12 23 31 34 29 21 34 32 41 45 26 39 38 14 41 37 27 19 34 24 7 13 29 23 19 28 15 0 29 42 16 9 38 34 8 40 31 32 15 20 40 33 20 44 9 28 25 30 14 25 25 31 13 50
11 33 39 30 41 25 37 37 10 48 35 6 8 31 32 22 27 3 10 35 22 34 8 9 31 41 19 35 17 37 35 10 2 25 29 0 35 18 20 27 46 25 11 24 15 18 36 13 39 9 31 34 12 11 7 15 10 28 17 16 38
35 50 33 15 35 31 2 41 26 36 13 41 36 8 10 18 14 35 34 5 28 1 37 26 25 23 18 49 40 22 25 36 37 27 42 35 0 26 34 8 31 44 34 11 20 43 30 42 21 35 8 38 23 24 28 32 25 17 18 32 8
11 24 21 17 23 8 28 22 9 29 23 21 13 20 20 26 29 16 26 25 4 25 26 13 12 26 8 23 15 21 16 12 18 7 16 18 26 0 8 22 28 18 27 15 17 18 18 31 25 12 28 18 14 11 16 7 11 14 15 6 34
9 16 22 24 24 8 36 18 14 32 30 20 12 28 28 32 36 17 30 33 8 33 28 18 17 32 16 16 8 27 21 10 19 12 9 20 34 8 0 30 33 10 31 23 23 11 20 31 31 11 36 14 19 16 21 5 16 21 22 4 42
29 46 35 17 37 27 10 40 18 38 15 33 28 10 12 11 9 27 26 10 24 7 29 18 25 25 14 45 35 24 27 28 29 24 38 27 8 22 30 0 33 40 26 7 12 37 32 34 23 27 6 36 15 16 20 28 17 17 10 27 12
39 42 14 17 12 25 33 25 37 5 18 50 42 23 21 43 42 45 52 26 25 30 54 39 16 8 28 38 41 10 12 39 47 21 34 46 31 28 33 33 0 41 53 27 38 44 14 58 10 40 38 25 38 37 42 33 38 19 35 32 39
14 8 28 34 30 17 46 20 23 39 40 24 17 38 38 41 45 22 35 43 18 43 33 26 26 41 26 10 8 36 30 15 24 21 8 25 44 18 10 40 41 0 36 33 32 8 27 36 40 16 46 17 28 25 27 13 25 31 31 13 52
22 44 47 36 49 35 36 48 18 55 39 14 19 34 35 18 24 14 1 36 31 33 5 14 38 47 25 46 28 43 42 21 12 33 40 11 34 27 31 26 53 36 0 27 15 28 44 9 45 20 29 44 15 16 11 26 16 34 18 27 36
24 39 28 10 30 20 13 33 15 31 12 30 25 7 8 16 16 24 26 11 17 10 29 15 18 21 7 38 29 17 20 25 26 17 31 24 11 15 23 7 27 33 27 0 11 32 25 34 19 24 13 29 13 13 18 21 14 10 8 21 19
19 40 36 21 38 25 22 39 9 42 24 21 18 19 20 9 13 15 15 21 21 19 18 7 26 32 12 39 26 28 29 19 17 23 32 15 20 17 23 12 38 32 15 11 0 28 33 23 30 18 16 35 4 7 8 19 7 20 3 19 23
9 16 33 35 35 19 45 26 19 43 41 16 10 38 38 37 41 15 27 42 19 42 25 21 28 43 25 18 3 38 32 9 16 23 15 18 43 18 11 37 44 8 28 32 28 0 31 28 42 10 43 24 24 21 22 11 21 32 27 12 49
28 28 3 15 5 12 33 12 27 12 20 39 31 22 20 41 41 34 44 26 15 29 44 30 7 15 21 24 28 11 5 29 36 11 20 36 30 18 20 32 14 27 44 25 33 31 0 49 15 29 37 11 31 28 33 22 29 15 30 21 38
22 44 52 42 54 37 44 49 22 60 46 12 19 41 42 27 33 15 9 44 35 41 5 19 43 52 30 46 28 48 47 21 13 38 40 13 42 31 31 34 58 36 9 34 23 28 49 0 50 20 38 45 21 21 16 27 21 39 26 28 45
36 41 17 9 17 23 23 27 29 15 8 44 38 13 11 34 32 38 44 16 23 20 46 31 14 2 20 38 39 4 10 37 40 19 33 39 21 25 31 23 10 40 45 19 30 42 15 50 0 36 28 25 30 29 34 31 30 11 27 30 29
2 24 32 28 34 17 37 29 9 41 34 9 1 31 31 27 31 6 19 35 15 34 17 11 24 38 18 26 8 33 28 1 8 19 20 9 35 12 11 27 40 16 20 24 18 10 29 20 36 0 33 25 14 11 12 7 11 25 17 8 39
34 52 40 22 42 33 7 46 24 43 20 37 34 15 17 11 6 31 29 12 30 8 33 23 30 30 20 51 41 29 32 34 33 30 44 31 8 28 36 6 38 46 29 13 16 43 37 38 28 33 0 42 20 21 24 34 22 22 15 33 7
23 17 11 23 13 10 41 4 27 22 29 34 26 30 28 43 45 31 43 34 14 37 42 31 13 26 24 13 21 21 15 24 33 13 9 34 38 18 14 36 25 17 44 29 35 24 11 45 25 25 42 0 32 29 34 19 29 21 32 18 46
15 35 34 21 36 22 25 36 5 40 25 18 14 20 21 13 17 12 14 23 18 22 16 3 24 32 10 35 22 28 27 15 14 20 28 12 23 14 19 15 38 28 15 13 4 24 31 21 30 14 20 32 0 3 5 15 3 19 5 15 27
12 32 31 20 33 19 26 33 2 39 25 17 12 20 21 16 20 11 15 24 15 23 16 2 22 31 9 32 19 27 26 12 13 17 25 11 24 11 16 16 37 25 16 13 7 21 28 21 29 11 21 29 3 0 5 12 1 18 6 12 28
13 35 36 25 38 24 30 38 7 44 30 13 12 25 26 15 21 8 10 28 20 27 11 3 27 36 14 36 20 32 31 13 9 22 30 7 28 16 21 20 42 27 11 18 8 22 33 16 34 12 24 34 5 5 0 16 5 23 10 17 31
5 20 25 24 27 10 34 22 10 34 30 16 8 27 27 28 32 12 25 31 8 31 23 13 17 32 14 20 8 27 21 6 14 12 14 15 32 7 5 28 33 13 26 21 19 11 22 27 31 7 34 19 15 12 16 0 12 21 18 1 40
12 32 32 21 34 19 27 33 2 39 26 16 11 21 22 16 20 10 15 25 15 24 16 2 22 32 10 32 19 28 26 12 12 18 25 10 25 11 16 17 38 25 16 14 7 21 29 21 30 11 22 29 3 1 5 12 0 19 7 12 29
25 33 18 3 20 14 19 24 18 22 9 33 26 9 7 26 26 27 33 13 13 16 34 20 8 13 9 32 29 9 10 26 29 10 25 28 17 14 21 17 19 31 34 10 20 32 15 39 11 25 22 21 19 18 23 21 19 0 17 20 25
18 38 33 18 35 22 20 36 8 39 20 23 18 15 16 11 14 17 18 18 18 17 21 8 23 29 9 38 25 25 26 18 19 20 31 17 18 15 22 10 35 31 18 8 3 27 30 26 27 17 15 32 5 6 10 18 7 17 0 18 22
6 20 23 23 25 9 34 21 10 33 29 17 9 26 26 28 32 13 26 31 7 31 24 14 16 31 14 20 9 26 20 7 15 11 13 16 32 6 4 27 32 13 27 21 19 12 21 28 30 8 33 18 15 12 17 1 12 20 18 0 39
40 58 41 23 43 39 6 49 30 44 21 44 40 16 18 18 12 38 36 13 36 9 40 30 33 31 26 57 47 30 33 40 40 35 50 38 8 34 42 12 39 52 36 19 23 49 38 45 29 39 7 46 27 28 31 40 29 25 22 39 0
0         693      
92        233      
13        149      
142       286      
0         132      
35        195      
182       321      
129       243      
314       454      
13        143      
152       287      
0         80       
0         99       
166       278      
232       353      
359       503      
177       340      
0         99       
398       533      
166       286      
0         110      
200       330      
391       520      
329       449      
0         131      
248       365      
315       415      
385       620      
50        197      
239       369      
130       257      
0         58       
382       533      
0         157      
88        222      
0         94       
145       286      
305       424      
0         126      
199       311      
249       366      
61        195      
388       495      
217       344      
358       469      
62        219      
2         146      
380       524      
258       417      
0         90       
160       323      
31        184      
334       459      
329       456      
318       474      
0         110      
542       681      
274       402      
310       456      
57        192      
425       583      
