61
0 43 40 17 30 24 16 24 35 47 62 40 58 24 20 36 34 22 43 39 54 19 49 29 10 27 39 45 29 35 42 12 45 31 27 32 43 21 24 32 33 28 32 6 21 32 58 46 13 31 61 40 1 37 44 49 33 48 30 49 1
43 0 4 28 13 21 28 32 22 16 19 4 16 29 32 19 28 26 24 26 11 33 13 34 38 21 15 8 27 8 11 31 3 33 19 19 26 29 27 10 10 20 15 37 24 11 16 32 30 19 19 6 43 32 19 9 25 21 18 11 42
40 4 0 25 9 17 24 31 18 19 23 5 20 25 30 15 24 24 21 26 15 31 13 33 35 20 12 8 26 4 8 27 7 32 15 15 28 27 26 6 6 16 11 33 22 7 20 29 27 15 23 3 39 33 22 13 21 24 14 12 38
17 28 25 0 18 16 13 10 27 29 45 24 42 22 7 28 29 5 35 23 38 7 37 15 10 10 30 32 13 22 31 7 29 16 18 24 27 5 8 20 20 20 22 12 4 19 42 41 6 23 45 27 18 21 27 33 27 31 21 36 16
30 13 9 18 0 8 15 25 13 25 32 12 29 17 24 12 17 18 20 27 24 25 19 29 26 16 12 15 22 4 13 18 15 28 7 9 30 21 21 2 3 8 5 24 16 2 28 27 18 8 31 9 30 31 26 21 14 29 6 18 29
24 21 17 16 8 0 8 26 12 33 40 20 37 9 23 13 13 19 20 33 32 23 24 30 23 20 15 22 26 12 18 14 23 31 3 9 36 21 22 10 11 5 8 18 17 10 36 25 14 8 39 17 24 35 33 29 11 37 6 26 23
16 28 24 13 15 8 0 23 19 37 47 27 44 9 20 20 18 17 27 34 39 20 32 28 16 21 23 30 25 19 26 8 30 29 11 16 38 18 20 17 18 12 16 11 16 17 43 30 8 15 46 24 16 33 37 36 17 41 14 33 15
24 32 31 10 25 26 23 0 37 28 47 28 43 32 4 36 39 7 44 17 41 5 44 5 14 11 37 39 7 29 38 17 33 7 27 33 21 5 5 27 27 29 29 20 9 26 45 50 16 32 47 34 25 13 24 34 36 28 30 43 23
35 22 18 27 13 12 19 37 0 36 37 22 37 12 34 3 6 30 8 40 30 34 17 41 35 29 7 17 35 14 12 26 25 41 9 4 43 32 33 13 14 7 8 30 27 13 34 14 26 5 38 16 34 44 37 31 3 41 7 21 34
47 16 19 29 25 33 37 28 36 0 22 14 17 42 29 34 41 25 40 14 18 30 28 27 38 19 31 24 21 22 27 35 14 25 32 32 13 27 24 23 22 33 28 41 25 23 21 48 34 32 21 22 47 22 5 10 38 5 31 25 45
62 19 23 45 32 40 47 47 37 22 0 21 5 47 48 34 43 43 38 36 8 49 22 48 55 37 30 20 41 27 25 49 16 46 38 36 35 45 43 29 29 38 33 55 42 30 3 46 48 36 1 23 61 44 27 13 40 26 36 17 60
40 4 5 24 12 20 27 28 22 14 21 0 18 29 28 20 28 22 26 22 13 29 17 30 34 17 17 12 23 8 13 28 5 29 19 19 23 25 23 10 9 20 15 34 21 10 18 34 27 19 21 8 40 29 17 9 25 19 18 15 39
58 16 20 42 29 37 44 43 37 17 5 18 0 45 44 34 43 39 38 31 7 45 22 43 52 33 30 20 37 24 25 46 13 42 35 34 30 41 39 26 26 36 31 52 38 27 5 46 45 34 4 21 58 39 22 9 40 21 34 17 57
24 29 25 22 17 9 9 32 12 42 47 29 45 0 29 15 10 26 19 41 39 29 29 37 25 28 19 28 33 21 23 17 32 38 10 12 45 27 29 19 20 9 14 19 24 19 44 22 17 12 47 24 23 42 42 38 9 46 11 32 23
20 32 30 7 24 23 20 4 34 29 48 28 44 29 0 35 36 6 42 19 41 1 43 9 10 11 36 38 9 28 37 13 33 11 25 31 23 3 5 26 26 27 28 16 8 25 46 48 12 30 48 33 21 17 26 35 34 30 28 42 19
36 19 15 28 12 13 20 36 3 34 34 20 34 15 35 0 9 29 8 38 27 35 14 41 36 28 4 14 34 12 9 27 22 40 10 4 41 32 32 12 12 8 7 31 27 12 31 15 27 5 35 13 36 43 36 28 6 39 7 18 35
34 28 24 29 17 13 18 39 6 41 43 28 43 10 36 9 0 32 10 44 36 36 23 43 34 33 13 23 39 20 18 26 31 44 12 9 47 34 35 18 19 10 13 29 30 18 40 12 26 9 44 22 33 48 42 37 3 46 11 27 33
22 26 24 5 18 19 17 7 30 25 43 22 39 26 6 29 32 0 37 18 35 7 37 11 13 6 30 32 8 22 31 12 27 12 20 26 22 3 3 20 20 22 22 17 2 19 40 43 11 25 43 27 23 16 23 30 29 27 23 36 21
43 24 21 35 20 20 27 44 8 40 38 26 38 19 42 8 10 37 0 46 31 42 16 48 43 36 9 18 42 19 13 34 26 48 17 11 48 40 40 19 20 15 15 38 35 20 35 8 34 12 39 18 42 51 43 32 10 45 14 21 42
39 26 26 23 27 33 34 17 40 14 36 22 31 41 19 38 44 18 46 0 32 20 39 14 29 13 37 34 10 27 34 30 25 12 33 36 4 18 15 27 26 35 31 35 19 26 35 53 29 35 35 29 40 8 9 24 41 12 33 36 38
54 11 15 38 24 32 39 41 30 18 8 13 7 39 41 27 36 35 31 32 0 42 15 42 47 30 23 13 35 19 18 41 8 41 30 28 31 38 36 21 21 30 25 47 34 22 5 39 40 28 8 15 53 40 23 8 33 23 28 10 52
19 33 31 7 25 23 20 5 34 30 49 29 45 29 1 35 36 7 42 20 42 0 44 10 9 12 37 39 10 29 38 12 34 12 25 31 24 4 6 27 27 27 29 15 9 26 47 48 12 30 49 34 20 18 27 36 34 31 28 43 18
49 13 13 37 19 24 32 44 17 28 22 17 22 29 43 14 23 37 16 39 15 44 0 46 45 33 10 5 39 15 6 37 14 45 21 17 39 40 39 17 17 20 16 42 35 18 19 24 37 18 23 10 48 45 32 20 20 33 18 5 47
29 34 33 15 29 30 28 5 41 27 48 30 43 37 9 41 43 11 48 14 42 10 46 0 19 13 41 41 7 31 40 22 35 2 31 37 17 10 8 30 30 33 33 25 13 29 46 54 21 36 47 36 30 8 23 35 40 26 34 45 28
10 38 35 10 26 23 16 14 35 38 55 34 52 25 10 36 34 13 43 29 47 9 45 19 0 19 38 41 19 30 39 9 39 21 26 32 33 12 15 28 29 28 30 7 14 28 52 46 9 31 55 35 11 27 36 43 33 40 29 44 9
27 21 20 10 16 20 21 11 29 19 37 17 33 28 11 28 33 6 36 13 30 12 33 13 19 0 28 28 6 18 27 17 22 12 21 25 17 8 6 17 17 23 21 22 6 16 35 43 16 24 37 23 28 15 17 24 30 21 22 32 26
39 15 12 30 12 15 23 37 7 31 30 17 30 19 36 4 13 30 9 37 23 37 10 41 38 28 0 10 34 10 5 29 18 40 12 7 39 33 33 11 11 11 8 33 28 12 27 17 29 8 31 9 39 42 34 24 10 36 9 14 38
45 8 8 32 15 22 30 39 17 24 20 12 20 28 38 14 23 32 18 34 13 39 5 41 41 28 10 0 34 10 5 33 10 40 19 16 34 35 34 12 12 19 14 39 30 13 17 26 33 16 21 5 45 40 27 15 20 29 17 5 44
29 27 26 13 22 26 25 7 35 21 41 23 37 33 9 34 39 8 42 10 35 10 39 7 19 6 34 34 0 24 33 20 28 6 27 31 14 8 5 23 23 29 27 25 9 22 39 49 19 30 41 29 30 9 17 28 36 21 28 38 28
35 8 4 22 4 12 19 29 14 22 27 8 24 21 28 12 20 22 19 27 19 29 15 31 30 18 10 10 24 0 9 22 11 30 11 11 29 25 24 2 2 12 7 28 20 3 24 27 22 11 27 5 34 33 24 17 17 27 10 14 33
42 11 8 31 13 18 26 38 12 27 25 13 25 23 37 9 18 31 13 34 18 38 6 40 39 27 5 5 33 9 0 31 13 39 15 11 36 34 33 11 11 14 10 36 29 12 22 21 31 12 26 5 42 41 30 19 15 32 12 9 41
12 31 27 7 18 14 8 17 26 35 49 28 46 17 13 27 26 12 34 30 41 12 37 22 9 17 29 33 20 22 31 0 33 23 17 23 34 12 15 20 21 19 21 6 11 20 46 38 1 22 49 27 12 28 34 37 24 38 20 36 11
45 3 7 29 15 23 30 33 25 14 16 5 13 32 33 22 31 27 26 25 8 34 14 35 39 22 18 10 28 11 13 33 0 34 22 22 26 30 28 13 13 23 18 39 26 14 13 34 32 22 16 9 45 33 18 6 28 19 21 11 44
31 33 32 16 28 31 29 7 41 25 46 29 42 38 11 40 44 12 48 12 41 12 45 2 21 12 40 40 6 30 39 23 34 0 32 37 15 11 9 29 29 34 33 27 14 28 44 55 22 36 46 35 32 6 21 33 41 24 34 44 30
27 19 15 18 7 3 11 27 9 32 38 19 35 10 25 10 12 20 17 33 30 25 21 31 26 21 12 19 27 11 15 17 22 32 0 6 36 23 23 9 10 2 5 21 18 9 35 23 17 5 38 15 27 36 32 28 9 36 3 24 26
32 19 15 24 9 9 16 33 4 32 36 19 34 12 31 4 9 26 11 36 28 31 17 37 32 25 7 16 31 11 11 23 22 37 6 0 39 29 29 9 10 4 4 27 24 9 33 18 23 1 36 13 32 40 33 28 6 37 3 20 31
43 26 28 27 30 36 38 21 43 13 35 23 30 45 23 41 47 22 48 4 31 24 39 17 33 17 39 34 14 29 36 34 26 15 36 39 0 22 19 30 29 38 34 39 23 29 34 56 33 38 34 31 44 10 8 23 44 9 36 37 42
21 29 27 5 21 21 18 5 32 27 45 25 41 27 3 32 34 3 40 18 38 4 40 10 12 8 33 35 8 25 34 12 30 11 23 29 22 0 3 23 23 25 25 17 5 22 43 46 11 28 45 30 22 16 24 32 32 28 26 39 20
24 27 26 8 21 22 20 5 33 24 43 23 39 29 5 32 35 3 40 15 36 6 39 8 15 6 33 34 5 24 33 15 28 9 23 29 19 3 0 22 22 25 25 20 5 21 41 46 14 28 43 29 25 13 21 30 32 25 26 38 23
32 10 6 20 2 10 17 27 13 23 29 10 26 19 26 12 18 20 19 27 21 27 17 30 28 17 11 12 23 2 11 20 13 29 9 9 30 23 22 0 1 10 5 26 18 1 26 27 20 9 29 7 32 32 25 19 15 28 8 16 31
33 10 6 20 3 11 18 27 14 22 29 9 26 20 26 12 19 20 20 26 21 27 17 30 29 17 11 12 23 2 11 21 13 29 10 10 29 23 22 1 0 11 6 27 18 1 26 27 21 10 29 7 33 31 24 18 16 27 9 16 32
28 20 16 20 8 5 12 29 7 33 38 20 36 9 27 8 10 22 15 35 30 27 20 33 28 23 11 19 29 12 14 19 23 34 2 4 38 25 25 10 11 0 5 23 20 10 35 21 19 3 38 15 28 38 34 29 7 37 2 23 27
32 15 11 22 5 8 16 29 8 28 33 15 31 14 28 7 13 22 15 31 25 29 16 33 30 21 8 14 27 7 10 21 18 33 5 4 34 25 25 5 6 5 0 26 20 5 30 22 21 4 33 10 32 36 29 24 10 33 3 19 31
6 37 33 12 24 18 11 20 30 41 55 34 52 19 16 31 29 17 38 35 47 15 42 25 7 22 33 39 25 28 36 6 39 27 21 27 39 17 20 26 27 23 26 0 16 26 52 41 7 26 55 33 6 33 39 43 28 43 24 42 5
21 24 22 4 16 17 16 9 27 25 42 21 38 24 8 27 30 2 35 19 34 9 35 13 14 6 28 30 9 20 29 11 26 14 18 24 23 5 5 18 18 20 20 16 0 17 39 41 10 23 42 25 22 18 23 29 27 27 21 34 20
32 11 7 19 2 10 17 26 13 23 30 10 27 19 25 12 18 19 20 26 22 26 18 29 28 16 12 13 22 3 12 20 14 28 9 9 29 22 21 1 1 10 5 26 17 0 27 27 20 9 30 8 32 31 24 19 15 28 8 17 31
58 16 20 42 28 36 43 45 34 21 3 18 5 44 46 31 40 40 35 35 5 47 19 46 52 35 27 17 39 24 22 46 13 44 35 33 34 43 41 26 26 35 30 52 39 27 0 43 45 33 4 20 58 43 26 11 37 25 33 14 57
46 32 29 41 27 25 30 50 14 48 46 34 46 22 48 15 12 43 8 53 39 48 24 54 46 43 17 26 49 27 21 38 34 55 23 18 56 46 46 27 27 21 22 41 41 27 43 0 38 19 47 26 45 58 51 40 14 53 21 29 45
13 30 27 6 18 14 8 16 26 34 48 27 45 17 12 27 26 11 34 29 40 12 37 21 9 16 29 33 19 22 31 1 32 22 17 23 33 11 14 20 21 19 21 7 10 20 45 38 0 22 48 27 13 27 33 36 24 37 20 36 12
31 19 15 23 8 8 15 32 5 32 36 19 34 12 30 5 9 25 12 35 28 30 18 36 31 24 8 16 30 11 12 22 22 36 5 1 38 28 28 9 10 3 4 26 23 9 33 19 22 0 36 13 31 39 33 28 6 37 2 21 30
61 19 23 45 31 39 46 47 38 21 1 21 4 47 48 35 44 43 39 35 8 49 23 47 55 37 31 21 41 27 26 49 16 46 38 36 34 45 43 29 29 38 33 55 42 30 4 47 48 36 0 23 61 43 26 13 41 25 36 18 60
40 6 3 27 9 17 24 34 16 22 23 8 21 24 33 13 22 27 18 29 15 34 10 36 35 23 9 5 29 5 5 27 9 35 15 13 31 30 29 7 7 15 10 33 25 8 20 26 27 13 23 0 39 36 25 15 19 27 13 9 38
1 43 39 18 30 24 16 25 34 47 61 40 58 23 21 36 33 23 42 40 53 20 48 30 11 28 39 45 30 34 42 12 45 32 27 32 44 22 25 32 33 28 32 6 22 32 58 45 13 31 61 39 0 38 45 49 32 49 30 48 2
37 32 33 21 31 35 33 13 44 22 44 29 39 42 17 43 48 16 51 8 40 18 45 8 27 15 42 40 9 33 41 28 33 6 36 40 10 16 13 32 31 38 36 33 18 31 43 58 27 39 43 36 38 0 17 32 45 19 37 43 36
44 19 22 27 26 33 37 24 37 5 27 17 22 42 26 36 42 23 43 9 23 27 32 23 36 17 34 27 17 24 30 34 18 21 32 33 8 24 21 25 24 34 29 39 23 24 26 51 33 33 26 25 45 17 0 15 39 4 32 29 43
49 9 13 33 21 29 36 34 31 10 13 9 9 38 35 28 37 30 32 24 8 36 20 35 43 24 24 15 28 17 19 37 6 33 28 28 23 32 30 19 18 29 24 43 29 19 11 40 36 28 13 15 49 32 15 0 34 15 27 15 48
33 25 21 27 14 11 17 36 3 38 40 25 40 9 34 6 3 29 10 41 33 34 20 40 33 30 10 20 36 17 15 24 28 41 9 6 44 32 32 15 16 7 10 28 27 15 37 14 24 6 41 19 32 45 39 34 0 43 8 24 32
48 21 24 31 29 37 41 28 41 5 26 19 21 46 30 39 46 27 45 12 23 31 33 26 40 21 36 29 21 27 32 38 19 24 36 37 9 28 25 28 27 37 33 43 27 28 25 53 37 37 25 27 49 19 4 15 43 0 35 30 47
30 18 14 21 6 6 14 30 7 31 36 18 34 11 28 7 11 23 14 33 28 28 18 34 29 22 9 17 28 10 12 20 21 34 3 3 36 26 26 8 9 2 3 24 21 8 33 21 20 2 36 13 30 37 32 27 8 35 0 21 29
49 11 12 36 18 26 33 43 21 25 17 15 17 32 42 18 27 36 21 36 10 43 5 45 44 32 14 5 38 14 9 36 11 44 24 20 37 39 38 16 16 23 19 42 34 17 14 29 36 21 18 9 48 43 29 15 24 30 21 0 47
1 42 38 16 29 23 15 23 34 45 60 39 57 23 19 35 33 21 42 38 52 18 47 28 9 26 38 44 28 33 41 11 44 30 26 31 42 20 23 31 32 27 31 5 20 31 57 45 12 30 60 38 2 36 43 48 32 47 29 47 0
0         737      
509       650      
94        256      
0         137      
129       333      
171       335      
201       318      
0         99       
193       395      
32        199      
507       674      
301       486      
90        270      
167       362      
16        160      
309       428      
190       391      
0         91       
265       424      
25        171      
69        245      
0         153      
147       304      
0         169      
0         153      
38        179      
213       421      
102       285      
28        190      
175       284      
137       289      
0         126      
84        293      
379       508      
161       319      
165       322      
23        231      
0         99       
0         110      
148       292      
260       430      
217       393      
148       325      
0         70       
329       522      
134       322      
89        280      
264       393      
437       635      
189       303      
122       241      
101       273      
0         104      
41        209      
354       465      
72        239      
212       339      
56        215      
158       350      
418       595      
0         72       
