61
0 13 16 11 37 26 11 10 33 5 24 31 11 9 35 16 35 34 27 13 21 27 35 22 19 15 20 24 16 27 17 32 24 25 32 38 30 25 19 26 15 11 16 15 24 15 13 10 3 29 35 20 21 33 26 8 18 15 24 31 12
13 0 23 4 41 35 5 23 38 13 37 38 7 12 39 29 40 41 31 19 8 32 40 31 6 12 26 37 24 33 18 31 11 38 45 41 35 23 32 39 12 23 29 28 23 28 26 15 11 42 40 32 33 45 28 9 31 28 37 37 21
16 23 0 18 21 12 17 20 17 12 32 15 25 25 20 25 19 18 12 3 29 11 19 9 27 14 4 21 2 11 10 20 28 22 25 23 14 17 30 33 14 10 26 15 15 22 12 26 15 24 19 17 17 25 13 13 27 21 23 15 27
11 4 18 0 37 30 1 21 34 9 35 33 8 12 35 27 36 36 27 15 12 28 36 27 10 8 22 34 20 29 14 27 13 34 41 37 31 20 30 37 8 19 27 25 19 26 22 15 8 39 36 28 29 41 24 5 29 26 34 33 21
37 41 21 37 0 19 36 41 6 33 53 15 45 46 2 46 7 14 10 24 45 10 7 21 43 29 17 35 22 13 23 12 41 36 34 3 8 19 51 53 29 30 46 34 18 42 32 47 35 35 3 33 32 32 13 33 48 41 38 13 48
26 35 12 30 19 0 29 26 13 23 35 5 36 35 18 29 13 8 15 15 41 12 13 4 39 26 10 16 11 7 20 25 40 17 17 21 11 25 34 35 26 16 30 17 23 25 16 36 26 17 16 15 14 15 18 25 31 24 20 6 36
11 5 17 1 36 29 0 21 33 8 35 32 9 13 34 27 35 35 26 14 12 27 35 26 10 7 21 33 19 28 13 26 13 33 40 36 30 19 30 37 7 18 27 24 18 26 21 16 8 38 35 27 28 40 23 4 29 26 33 32 21
10 23 20 21 41 26 21 0 35 13 14 31 19 14 39 6 37 34 32 19 31 31 37 22 29 24 23 19 18 28 25 39 34 18 27 42 33 33 10 16 24 10 6 10 32 5 10 12 13 24 38 14 16 28 32 18 8 5 16 31 10
33 38 17 34 6 13 33 35 0 29 47 9 42 42 6 40 2 8 8 20 43 6 2 15 41 26 13 29 18 7 20 15 40 30 28 9 3 19 45 47 26 25 41 28 18 36 27 43 32 29 3 27 26 26 12 30 42 35 32 7 44
5 13 12 9 33 23 8 13 29 0 27 27 13 13 31 19 31 30 23 9 20 23 31 19 18 11 16 24 12 23 12 27 21 25 31 34 26 20 23 29 11 10 19 16 19 18 13 14 3 29 31 19 20 32 21 5 21 18 25 27 17
24 37 32 35 53 35 35 14 47 27 0 40 31 25 51 8 48 43 44 31 44 43 48 31 43 38 36 21 30 39 39 51 48 20 29 54 44 46 5 2 38 22 8 18 44 10 20 22 27 26 49 20 21 32 44 32 6 11 17 40 16
31 38 15 33 15 5 32 31 9 27 40 0 40 40 15 34 8 3 13 18 44 10 8 9 42 29 13 21 15 6 23 23 43 22 19 18 9 24 39 40 29 21 35 22 23 30 21 41 30 21 12 20 19 17 17 28 36 29 25 2 41
11 7 25 8 45 36 9 19 42 13 31 40 0 6 43 24 44 43 35 22 13 36 44 32 12 16 29 35 25 36 22 35 17 36 43 45 39 28 26 33 16 22 23 26 27 24 24 9 10 40 44 31 32 44 32 12 25 24 35 40 15
9 12 25 12 46 35 13 14 42 13 25 40 6 0 44 18 44 43 35 22 19 36 44 31 18 20 29 32 25 36 23 38 23 32 40 46 39 31 20 27 20 20 18 23 30 19 21 3 10 37 44 28 29 42 33 13 19 19 30 40 9
35 39 20 35 2 18 34 39 6 31 51 15 43 44 0 44 7 14 8 22 43 8 7 20 41 27 15 34 20 12 21 11 39 35 34 3 7 17 49 52 27 28 44 33 16 40 30 45 33 35 3 32 31 32 11 31 46 39 37 13 47
16 29 25 27 46 29 27 6 40 19 8 34 24 18 44 0 41 37 37 25 36 36 41 25 35 30 29 19 23 33 31 45 40 18 27 47 38 39 4 10 30 15 1 12 38 4 13 16 19 24 43 16 18 30 37 24 2 5 15 34 11
35 40 19 36 7 13 35 37 2 31 48 8 44 44 7 41 0 7 10 22 45 8 0 16 43 28 15 29 19 8 22 17 42 30 27 10 5 21 45 48 28 26 42 29 20 37 28 45 34 29 4 28 27 25 14 32 43 36 33 7 46
34 41 18 36 14 8 35 34 8 30 43 3 43 43 14 37 7 0 13 21 47 11 7 12 45 31 15 24 18 8 25 22 45 25 21 17 8 25 41 43 31 24 38 25 23 33 24 44 33 23 11 23 22 18 17 31 39 32 28 3 44
27 31 12 27 10 15 26 32 8 23 44 13 35 35 8 37 10 13 0 14 36 3 10 15 33 19 8 29 13 8 13 10 33 30 32 11 5 11 41 45 19 21 37 26 10 33 23 37 25 32 9 27 26 30 4 23 39 32 32 11 39
13 19 3 15 24 15 14 19 20 9 31 18 22 22 22 25 22 21 14 0 26 14 22 12 24 11 7 23 5 14 8 20 25 24 28 25 17 15 29 33 11 10 25 16 13 21 13 23 12 27 22 19 19 28 13 10 27 21 25 18 25
21 8 29 12 45 41 12 31 43 20 44 44 13 19 43 36 45 47 36 26 0 37 45 38 2 16 32 44 31 39 22 35 6 45 51 45 40 27 39 46 16 30 36 36 27 36 33 22 19 49 44 39 40 52 32 16 38 36 45 44 28
27 32 11 28 10 12 27 31 6 23 43 10 36 36 8 36 8 11 3 14 37 0 8 13 35 20 7 27 12 5 14 13 34 28 29 11 3 14 40 44 20 20 36 25 13 32 22 37 26 29 8 25 24 27 7 24 38 31 30 8 38
35 40 19 36 7 13 35 37 2 31 48 8 44 44 7 41 0 7 10 22 45 8 0 16 43 28 15 29 19 8 22 17 42 30 27 10 5 21 45 48 28 26 42 29 20 37 28 45 34 29 4 28 27 25 14 32 43 36 33 7 46
22 31 9 27 21 4 26 22 15 19 31 9 32 31 20 25 16 12 15 12 38 13 16 0 36 23 9 14 7 8 19 25 37 15 17 23 13 24 29 32 23 12 26 13 22 21 12 32 22 17 18 12 11 16 18 22 27 20 17 9 32
19 6 27 10 43 39 10 29 41 18 43 42 12 18 41 35 43 45 33 24 2 35 43 36 0 14 30 42 29 37 20 33 5 43 49 43 38 25 38 45 14 28 35 34 25 34 31 21 17 47 42 37 38 50 30 14 37 34 43 42 27
15 12 14 8 29 26 7 24 26 11 38 29 16 20 27 30 28 31 19 11 16 20 28 23 14 0 16 34 16 23 6 19 14 34 39 29 23 12 34 40 0 20 30 26 11 29 23 23 12 38 28 29 30 39 16 7 32 29 35 28 27
20 26 4 22 17 10 21 23 13 16 36 13 29 29 15 29 15 15 8 7 32 7 15 9 30 16 0 23 5 7 10 16 30 24 26 18 10 15 33 37 16 13 29 18 13 25 15 30 19 26 15 19 19 25 9 17 31 24 25 12 31
24 37 21 34 35 16 33 19 29 24 21 21 35 32 34 19 29 24 29 23 44 27 29 14 42 34 23 0 19 22 31 39 45 1 8 37 27 38 23 20 34 14 20 9 36 15 12 31 26 5 32 5 4 11 32 29 21 14 4 22 28
16 24 2 20 22 11 19 18 18 12 30 15 25 25 20 23 19 18 13 5 31 12 19 7 29 16 5 19 0 11 12 21 30 20 23 23 15 19 27 31 16 8 24 13 17 20 10 26 15 22 20 15 15 23 14 15 25 19 21 15 27
27 33 11 29 13 7 28 28 7 23 39 6 36 36 12 33 8 8 8 14 39 5 8 8 37 23 7 22 11 0 17 18 37 23 24 15 5 18 37 40 23 18 34 21 17 29 20 37 26 24 10 20 19 22 11 24 35 28 25 5 38
17 18 10 14 23 20 13 25 20 12 39 23 22 23 21 31 22 25 13 8 22 14 22 19 20 6 10 31 12 17 0 15 20 32 35 23 17 8 35 40 6 18 31 24 7 29 21 26 15 34 22 27 27 35 10 10 33 28 33 22 29
32 31 20 27 12 25 26 39 15 27 51 23 35 38 11 45 17 22 10 20 35 13 17 25 33 19 16 39 21 18 15 0 30 40 42 11 14 8 48 52 19 29 45 34 8 41 31 41 30 42 14 35 35 40 7 25 46 40 41 21 44
24 11 28 13 41 40 13 34 40 21 48 43 17 23 39 40 42 45 33 25 6 34 42 37 5 14 30 45 30 37 20 30 0 46 52 40 37 22 43 50 14 31 40 37 23 39 34 26 21 50 41 40 41 53 29 17 42 39 46 42 32
25 38 22 34 36 17 33 18 30 25 20 22 36 32 35 18 30 25 30 24 45 28 30 15 43 34 24 1 20 23 32 40 46 0 9 38 28 39 22 19 34 14 19 10 37 14 12 30 26 6 33 5 5 12 33 29 20 13 3 23 27
32 45 25 41 34 17 40 27 28 31 29 19 43 40 34 27 27 21 32 28 51 29 27 17 49 39 26 8 23 24 35 42 52 9 0 37 28 41 31 28 39 21 28 17 39 23 19 39 33 3 31 13 11 3 35 36 29 22 12 21 36
38 41 23 37 3 21 36 42 9 34 54 18 45 46 3 47 10 17 11 25 45 11 10 23 43 29 18 37 23 15 23 11 40 38 37 0 10 18 50 54 29 31 47 36 18 43 33 48 36 38 6 35 34 35 13 33 48 42 40 16 49
30 35 14 31 8 11 30 33 3 26 44 9 39 39 7 38 5 8 5 17 40 3 5 13 38 23 10 27 15 5 17 14 37 28 28 10 0 16 42 45 23 23 39 26 15 34 25 40 29 28 5 25 24 26 9 27 40 33 30 7 41
25 23 17 20 19 25 19 33 19 20 46 24 28 31 17 39 21 25 11 15 27 14 21 24 25 12 15 38 19 18 8 8 22 39 41 18 16 0 43 48 12 25 39 31 2 36 28 34 23 41 19 34 34 40 7 18 41 36 40 22 37
19 32 30 30 51 34 30 10 45 23 5 39 26 20 49 4 45 41 41 29 39 40 45 29 38 34 33 23 27 37 35 48 43 22 31 50 42 43 0 7 34 19 4 16 42 8 17 17 22 28 47 20 22 34 41 27 2 9 19 38 11
26 39 33 37 53 35 37 16 47 29 2 40 33 27 52 10 48 43 45 33 46 44 48 32 45 40 37 20 31 40 40 52 50 19 28 54 45 48 7 0 40 23 10 19 46 12 21 24 29 25 50 20 21 31 45 34 8 12 16 41 18
15 12 14 8 29 26 7 24 26 11 38 29 16 20 27 30 28 31 19 11 16 20 28 23 14 0 16 34 16 23 6 19 14 34 39 29 23 12 34 40 0 20 30 26 11 29 23 23 12 38 28 29 30 39 16 7 32 29 35 28 27
11 23 10 19 30 16 18 10 25 10 22 21 22 20 28 15 26 24 21 10 30 20 26 12 28 20 13 14 8 18 18 29 31 14 21 31 23 25 19 23 20 0 16 6 23 12 3 20 12 19 28 9 10 22 22 15 17 11 15 21 20
16 29 26 27 46 30 27 6 41 19 8 35 23 18 44 1 42 38 37 25 36 36 42 26 35 30 29 20 24 34 31 45 40 19 28 47 39 39 4 10 30 16 0 13 38 5 14 15 19 25 44 17 19 31 38 24 2 6 16 35 10
15 28 15 25 34 17 24 10 28 16 18 22 26 23 33 12 29 25 26 16 36 25 29 13 34 26 18 9 13 21 24 34 37 10 17 36 26 31 16 19 26 6 13 0 29 8 3 22 17 14 31 5 6 19 27 21 14 7 9 22 20
24 23 15 19 18 23 18 32 18 19 44 23 27 30 16 38 20 23 10 13 27 13 20 22 25 11 13 36 17 17 7 8 23 37 39 18 15 2 42 46 11 23 38 29 0 34 26 33 22 39 18 32 32 38 6 17 40 34 38 21 36
15 28 22 26 42 25 26 5 36 18 10 30 24 19 40 4 37 33 33 21 36 32 37 21 34 29 25 15 20 29 29 41 39 14 23 43 34 36 8 12 29 12 5 8 34 0 10 17 18 20 39 12 14 26 34 23 6 1 12 30 13
13 26 12 22 32 16 21 10 27 13 20 21 24 21 30 13 28 24 23 13 33 22 28 12 31 23 15 12 10 20 21 31 34 12 19 33 25 28 17 21 23 3 14 3 26 10 0 21 15 17 30 7 8 21 24 18 15 9 12 21 20
10 15 26 15 47 36 16 12 43 14 22 41 9 3 45 16 45 44 37 23 22 37 45 32 21 23 30 31 26 37 26 41 26 30 39 48 40 34 17 24 23 20 15 22 33 17 21 0 12 36 45 26 28 40 35 16 17 17 28 41 6
3 11 15 8 35 26 8 13 32 3 27 30 10 10 33 19 34 33 25 12 19 26 34 22 17 12 19 26 15 26 15 30 21 26 33 36 29 23 22 29 12 12 19 17 22 18 15 12 0 31 34 21 22 34 24 5 21 18 26 30 15
29 42 24 39 35 17 38 24 29 29 26 21 40 37 35 24 29 23 32 27 49 29 29 17 47 38 26 5 22 24 34 42 50 6 3 38 28 41 28 25 38 19 25 14 39 20 17 36 31 0 32 10 9 6 35 34 26 19 9 22 33
35 40 19 36 3 16 35 38 3 31 49 12 44 44 3 43 4 11 9 22 44 8 4 18 42 28 15 32 20 10 22 14 41 33 31 6 5 19 47 50 28 28 44 31 18 39 30 45 34 32 0 30 29 29 12 32 45 38 35 10 46
20 32 17 28 33 15 27 14 27 19 20 20 31 28 32 16 28 23 27 19 39 25 28 12 37 29 19 5 15 20 27 35 40 5 13 35 25 34 20 20 29 9 17 5 32 12 7 26 21 10 30 0 2 14 28 24 18 11 6 21 24
21 33 17 29 32 14 28 16 26 20 21 19 32 29 31 18 27 22 26 19 40 24 27 11 38 30 19 4 15 19 27 35 41 5 11 34 24 34 22 21 30 10 19 6 32 14 8 28 22 9 29 2 0 13 28 25 20 13 6 20 26
33 45 25 41 32 15 40 28 26 32 32 17 44 42 32 30 25 18 30 28 52 27 25 16 50 39 25 11 23 22 35 40 53 12 3 35 26 40 34 31 39 22 31 19 38 26 21 40 34 6 29 14 13 0 33 37 32 25 15 19 38
26 28 13 24 13 18 23 32 12 21 44 17 32 33 11 37 14 17 4 13 32 7 14 18 30 16 9 32 14 11 10 7 29 33 35 13 9 7 41 45 16 22 38 27 6 34 24 35 24 35 12 28 28 33 0 20 39 33 34 15 38
8 9 13 5 33 25 4 18 30 5 32 28 12 13 31 24 32 31 23 10 16 24 32 22 14 7 17 29 15 24 10 25 17 29 36 33 27 18 27 34 7 15 24 21 17 23 18 16 5 34 32 24 25 37 20 0 26 23 30 28 20
18 31 27 29 48 31 29 8 42 21 6 36 25 19 46 2 43 39 39 27 38 38 43 27 37 32 31 21 25 35 33 46 42 20 29 48 40 41 2 8 32 17 2 14 40 6 15 17 21 26 45 18 20 32 39 26 0 7 17 36 11
15 28 21 26 41 24 26 5 35 18 11 29 24 19 39 5 36 32 32 21 36 31 36 20 34 29 24 14 19 28 28 40 39 13 22 42 33 36 9 12 29 11 6 7 34 1 9 17 18 19 38 11 13 25 33 23 7 0 11 29 14
24 37 23 34 38 20 33 16 32 25 17 25 35 30 37 15 33 28 32 25 45 30 33 17 43 35 25 4 21 25 33 41 46 3 12 40 30 40 19 16 35 15 16 9 38 12 12 28 26 9 35 6 6 15 34 30 17 11 0 26 25
31 37 15 33 13 6 32 31 7 27 40 2 40 40 13 34 7 3 11 18 44 8 7 9 42 28 12 22 15 5 22 21 42 23 21 16 7 22 38 41 28 21 35 22 21 30 21 41 30 22 10 21 20 19 15 28 36 29 26 0 41
12 21 27 21 48 36 21 10 44 17 16 41 15 9 47 11 46 44 39 25 28 38 46 32 27 27 31 28 27 38 29 44 32 27 36 49 41 37 11 18 27 20 10 20 36 13 20 6 15 33 46 24 26 38 38 20 11 14 25 41 0
0         701      
0         83       
281       459      
0         109      
255       464      
48        253      
0         150      
135       408      
8         170      
0         118      
355       584      
47        238      
200       429      
197       468      
24        242      
163       357      
0         144      
0         249      
248       505      
27        244      
172       421      
0         151      
4         165      
341       542      
0         97       
398       590      
100       274      
339       591      
65        220      
71        206      
0         129      
263       493      
0         143      
101       302      
470       644      
13        180      
6         227      
503       675      
103       306      
114       314      
0         143      
76        269      
77        334      
62        298      
0         174      
136       281      
146       302      
223       363      
134       352      
362       504      
0         213      
96        247      
73        292      
304       571      
0         204      
0         129      
144       365      
157       368      
50        306      
0         237      
487       651      
