61
0 50 39 43 37 40 43 31 6 43 14 36 20 8 41 30 57 32 46 24 35 45 42 40 33 6 31 20 35 27 36 38 53 21 37 28 46 17 38 39 21 33 40 22 37 16 33 34 8 11 34 6 7 41 34 43 9 42 25 48 33
50 0 13 29 21 22 7 22 47 21 48 38 45 51 14 24 13 33 8 25 32 10 19 18 21 51 44 49 29 40 24 42 15 45 15 48 28 32 32 46 37 21 25 48 12 51 24 31 42 38 16 49 55 23 22 15 43 41 49 2 17
39 13 0 19 8 22 7 18 35 12 36 25 32 39 15 20 17 31 7 15 30 6 10 7 18 39 31 36 16 27 11 29 15 32 2 35 19 22 20 33 31 8 25 35 7 39 21 29 31 28 6 37 43 23 9 8 32 29 36 12 6
43 29 19 0 11 41 26 34 37 7 32 11 26 39 34 35 26 46 20 27 46 18 9 12 35 40 18 29 8 18 9 14 20 25 18 23 3 33 5 18 44 14 43 27 25 32 37 45 35 37 21 39 45 42 12 13 34 13 25 28 21
37 21 8 11 0 30 15 23 33 7 31 17 26 36 23 25 21 36 13 18 36 11 5 3 24 36 23 30 8 19 3 21 16 26 7 27 13 24 12 25 35 5 33 28 14 33 27 34 29 29 11 35 41 31 3 6 30 21 28 20 11
40 22 22 41 30 0 17 10 40 34 45 45 43 45 8 11 35 12 26 20 11 26 32 29 8 44 47 48 36 42 32 49 35 44 22 49 41 25 41 53 21 26 3 47 15 49 7 10 36 30 19 43 47 1 28 30 38 50 49 20 20
43 7 7 26 15 17 0 15 39 19 41 32 38 43 9 17 18 28 9 18 27 9 17 14 15 43 38 43 23 34 18 36 18 39 9 42 26 25 27 40 30 15 20 42 5 44 18 26 35 31 9 42 47 18 16 14 36 36 43 5 10
31 22 18 34 23 10 15 0 30 30 35 36 33 35 10 2 33 13 24 10 12 24 27 24 2 34 38 38 29 32 24 40 33 34 17 39 36 15 33 44 15 19 11 37 11 39 4 11 26 20 12 33 37 11 21 26 28 42 39 20 13
6 47 35 37 33 40 39 30 0 38 9 30 14 5 39 29 52 32 42 21 35 41 38 36 32 4 25 15 29 21 31 32 49 15 33 22 40 15 32 33 22 29 40 17 34 12 33 34 4 10 30 3 8 41 30 39 3 36 20 44 29
43 21 12 7 7 34 19 30 38 0 36 17 30 41 27 31 19 42 13 25 42 11 2 5 30 42 24 34 10 23 7 21 13 30 12 29 7 31 11 25 42 12 37 32 19 37 33 41 35 35 17 40 46 35 10 6 35 20 31 21 17
14 48 36 32 31 45 41 35 9 36 0 23 6 7 43 34 52 39 42 25 42 41 36 34 37 9 17 6 26 14 29 24 47 7 34 14 35 20 27 25 29 28 45 8 36 4 38 41 10 16 32 8 13 46 28 37 8 28 11 46 31
36 38 25 11 17 45 32 36 30 17 23 0 17 29 39 37 36 47 30 27 48 28 19 20 38 31 7 19 9 9 14 4 30 16 24 12 14 29 6 8 41 18 47 16 30 23 40 47 28 31 25 30 35 46 17 23 27 6 14 37 25
20 45 32 26 26 43 38 33 14 30 6 17 0 13 41 33 47 41 38 23 43 37 30 29 35 15 11 5 20 8 23 18 42 1 30 8 29 21 21 19 32 24 44 4 34 7 37 42 13 19 29 14 19 44 24 32 12 22 6 43 28
8 51 39 39 36 45 43 35 5 41 7 29 13 0 43 34 56 37 46 25 40 45 41 39 37 2 24 13 31 20 34 31 52 14 37 21 42 20 33 32 27 32 45 15 38 8 38 39 9 15 34 2 6 46 33 42 7 35 18 48 33
41 14 15 34 23 8 9 10 39 27 43 39 41 43 0 11 27 19 18 18 18 18 25 22 8 43 43 46 30 38 25 43 27 42 15 46 34 24 34 47 24 20 11 45 8 47 10 17 35 30 13 41 47 9 22 23 36 43 46 12 14
30 24 20 35 25 11 17 2 29 31 34 37 33 34 11 0 35 11 26 10 11 26 29 26 3 33 38 38 30 32 26 41 35 34 19 39 38 14 35 44 13 21 11 37 13 38 4 10 25 19 14 32 36 12 23 28 27 43 39 22 14
57 13 17 26 21 35 18 33 52 19 52 36 47 56 27 35 0 46 10 32 45 12 18 17 33 56 43 51 28 40 23 40 6 47 19 47 24 39 30 44 48 24 38 49 23 54 36 44 48 45 23 54 60 36 23 14 49 39 49 15 23
32 33 31 46 36 12 28 13 32 42 39 47 41 37 19 11 46 0 37 20 3 37 40 37 13 36 47 45 40 42 37 51 46 42 30 49 49 20 45 54 11 32 10 45 24 43 10 2 29 23 25 35 39 12 34 39 31 53 47 31 25
46 8 7 20 13 26 9 24 42 13 42 30 38 46 18 26 10 37 0 22 36 2 11 10 24 46 36 42 21 32 16 34 9 38 9 40 20 29 24 38 38 14 29 41 13 45 27 35 38 35 13 44 50 27 14 7 39 33 41 9 13
24 25 15 27 18 20 18 10 21 25 25 27 23 25 18 10 32 20 22 0 21 21 23 20 12 25 27 28 20 22 18 31 30 24 14 29 30 7 25 34 17 13 21 27 13 29 14 20 17 13 10 23 29 21 15 22 18 33 29 23 9
35 32 30 46 36 11 27 12 35 42 42 48 43 40 18 11 45 3 36 21 0 36 39 36 12 39 48 47 41 43 36 52 45 44 29 50 48 22 45 55 14 31 8 47 23 46 9 1 31 25 24 38 42 10 33 38 33 54 49 30 25
45 10 6 18 11 26 9 24 41 11 41 28 37 45 18 26 12 37 2 21 36 0 9 8 24 45 34 41 19 30 14 32 9 37 8 38 18 28 22 36 37 13 29 39 13 44 27 35 37 34 12 43 49 27 13 5 38 31 39 10 12
42 19 10 9 5 32 17 27 38 2 36 19 30 41 25 29 18 40 11 23 39 9 0 3 28 41 25 34 10 23 7 23 12 30 10 29 9 29 13 27 40 10 35 32 17 37 31 38 34 34 15 40 46 33 8 4 35 22 31 19 15
40 18 7 12 3 29 14 24 36 5 34 20 29 39 22 26 17 37 10 20 36 8 3 0 25 39 26 33 11 22 6 24 12 29 7 30 12 26 14 28 37 7 32 31 14 36 28 35 32 32 12 38 44 30 6 3 33 23 31 18 12
33 21 18 35 24 8 15 2 32 30 37 38 35 37 8 3 33 13 24 12 12 24 28 25 0 36 39 40 30 34 25 42 33 36 18 41 37 17 34 46 16 20 9 39 11 41 3 11 28 22 13 35 39 9 22 26 30 43 41 19 13
6 51 39 40 36 44 43 34 4 42 9 31 15 2 43 33 56 36 46 25 39 45 41 39 36 0 26 15 32 22 34 33 51 16 37 23 43 19 35 34 25 32 44 17 38 10 37 38 8 14 34 1 5 45 33 42 6 37 20 48 32
31 44 31 18 23 47 38 38 25 24 17 7 11 24 43 38 43 47 36 27 48 34 25 26 39 26 0 11 15 5 20 7 37 10 29 5 21 27 13 8 39 23 48 9 35 16 41 47 24 28 30 25 30 48 22 29 22 11 7 43 29
20 49 36 29 30 48 43 38 15 34 6 19 5 13 46 38 51 45 42 28 47 41 34 33 40 15 11 0 24 11 28 18 45 4 34 8 32 25 24 19 35 29 49 2 39 5 42 46 16 22 34 14 19 49 28 36 14 22 5 48 33
35 29 16 8 8 36 23 29 29 10 26 9 20 31 30 30 28 40 21 20 41 19 10 11 30 32 15 24 0 13 5 13 22 20 15 19 11 25 5 17 37 10 39 22 22 27 33 40 27 29 17 31 37 37 8 14 26 14 21 28 17
27 40 27 18 19 42 34 32 21 23 14 9 8 20 38 32 40 42 32 22 43 30 23 22 34 22 5 11 13 0 17 11 34 7 25 8 21 22 13 13 34 19 43 9 30 14 36 42 19 23 25 21 26 43 18 25 18 15 9 39 24
36 24 11 9 3 32 18 24 31 7 29 14 23 34 25 26 23 37 16 18 36 14 7 6 25 34 20 28 5 17 0 18 18 24 10 24 12 24 9 22 35 5 34 26 17 30 28 35 28 28 12 33 39 33 3 9 28 18 26 23 12
38 42 29 14 21 49 36 40 32 21 24 4 18 31 43 41 40 51 34 31 52 32 23 24 42 33 7 18 13 11 18 0 34 17 28 11 17 33 10 4 45 22 51 16 34 23 44 51 30 34 29 32 37 50 21 27 29 4 14 41 29
53 15 15 20 16 35 18 33 49 13 47 30 42 52 27 35 6 46 9 30 45 9 12 12 33 51 37 45 22 34 18 34 0 41 17 41 18 37 24 38 46 19 38 43 22 48 36 44 44 43 21 50 56 36 18 9 45 33 43 16 21
21 45 32 25 26 44 39 34 15 30 7 16 1 14 42 34 47 42 38 24 44 37 30 29 36 16 10 4 20 7 24 17 41 0 30 7 28 22 20 18 33 25 45 3 35 7 38 43 14 20 30 15 20 45 24 32 13 21 5 44 29
37 15 2 18 7 22 9 17 33 12 34 24 30 37 15 19 19 30 9 14 29 8 10 7 18 37 29 34 15 25 10 28 17 30 0 33 19 21 19 32 30 6 25 33 7 37 21 28 29 27 5 35 41 23 7 9 30 28 34 14 5
28 48 35 23 27 49 42 39 22 29 14 12 8 21 46 39 47 49 40 29 50 38 29 30 41 23 5 8 19 8 24 11 41 7 33 0 26 29 18 11 40 27 50 6 38 13 43 49 21 27 33 22 27 50 26 33 20 15 3 47 32
46 28 19 3 13 41 26 36 40 7 35 14 29 42 34 38 24 49 20 30 48 18 9 12 37 43 21 32 11 21 12 17 18 28 19 26 0 36 8 20 47 17 44 30 26 35 40 47 38 40 24 42 47 42 15 13 37 15 28 28 24
17 32 22 33 24 25 25 15 15 31 20 29 21 20 24 14 39 20 29 7 22 28 29 26 17 19 27 25 25 22 24 33 37 22 21 29 36 0 29 35 12 19 25 25 20 24 18 21 11 6 17 18 23 26 21 29 13 35 27 30 16
38 32 20 5 12 41 27 33 32 11 27 6 21 33 34 35 30 45 24 25 45 22 13 14 34 35 13 24 5 13 9 10 24 20 19 18 8 29 0 14 41 14 43 22 26 27 37 44 30 33 21 34 39 42 12 17 29 9 20 32 21
39 46 33 18 25 53 40 44 33 25 25 8 19 32 47 44 44 54 38 34 55 36 27 28 46 34 8 19 17 13 22 4 38 18 32 11 20 35 14 0 47 26 55 17 38 24 48 54 32 36 33 33 38 54 25 31 30 5 14 45 33
21 37 31 44 35 21 30 15 22 42 29 41 32 27 24 13 48 11 38 17 14 37 40 37 16 25 39 35 37 34 35 45 46 33 30 40 47 12 41 47 0 30 20 36 26 33 15 13 19 13 25 25 28 22 32 39 21 47 38 35 25
33 21 8 14 5 26 15 19 29 12 28 18 24 32 20 21 24 32 14 13 31 13 10 7 20 32 23 29 10 19 5 22 19 25 6 27 17 19 14 26 30 0 29 27 12 31 23 30 25 25 7 31 37 27 2 10 26 23 28 20 7
40 25 25 43 33 3 20 11 40 37 45 47 44 45 11 11 38 10 29 21 8 29 35 32 9 44 48 49 39 43 34 51 38 45 25 50 44 25 43 55 20 29 0 48 18 49 7 8 36 30 22 43 47 2 31 33 38 52 50 23 22
22 48 35 27 28 47 42 37 17 32 8 16 4 15 45 37 49 45 41 27 47 39 32 31 39 17 9 2 22 9 26 16 43 3 33 6 30 25 22 17 36 27 48 0 38 7 41 46 17 23 33 16 21 48 27 34 15 20 3 47 32
37 12 7 25 14 15 5 11 34 19 36 30 34 38 8 13 23 24 13 13 23 13 17 14 11 38 35 39 22 30 17 34 22 35 7 38 26 20 26 38 26 12 18 38 0 40 14 22 30 26 5 36 42 16 14 15 31 35 39 10 6
16 51 39 32 33 49 44 39 12 37 4 23 7 8 47 38 54 43 45 29 46 44 37 36 41 10 16 5 27 14 30 23 48 7 37 13 35 24 27 24 33 31 49 7 40 0 42 45 14 20 35 10 14 50 31 39 12 27 10 49 34
33 24 21 37 27 7 18 4 33 33 38 40 37 38 10 4 36 10 27 14 9 27 31 28 3 37 41 42 33 36 28 44 36 38 21 43 40 18 37 48 15 23 7 41 14 42 0 8 29 23 16 36 40 8 25 29 31 46 43 22 16
34 31 29 45 34 10 26 11 34 41 41 47 42 39 17 10 44 2 35 20 1 35 38 35 11 38 47 46 40 42 35 51 44 43 28 49 47 21 44 54 13 30 8 46 22 45 8 0 30 24 23 37 41 10 32 37 32 53 48 29 24
8 42 31 35 29 36 35 26 4 35 10 28 13 9 35 25 48 29 38 17 31 37 34 32 28 8 24 16 27 19 28 30 44 14 29 21 38 11 30 32 19 25 36 17 30 14 29 30 0 6 26 7 12 37 26 35 2 34 19 40 25
11 38 28 37 29 30 31 20 10 35 16 31 19 15 30 19 45 23 35 13 25 34 34 32 22 14 28 22 29 23 28 34 43 20 27 27 40 6 33 36 13 25 30 23 26 20 23 24 6 0 23 13 17 31 26 35 8 37 25 36 22
34 16 6 21 11 19 9 12 30 17 32 25 29 34 13 14 23 25 13 10 24 12 15 12 13 34 30 34 17 25 12 29 21 30 5 33 24 17 21 33 25 7 22 33 5 35 16 23 26 23 0 32 38 20 9 14 27 30 34 14 1
6 49 37 39 35 43 42 33 3 40 8 30 14 2 41 32 54 35 44 23 38 43 40 38 35 1 25 14 31 21 33 32 50 15 35 22 42 18 34 33 25 31 43 16 36 10 36 37 7 13 32 0 6 44 32 41 5 36 19 46 31
7 55 43 45 41 47 47 37 8 46 13 35 19 6 47 36 60 39 50 29 42 49 46 44 39 5 30 19 37 26 39 37 56 20 41 27 47 23 39 38 28 37 47 21 42 14 40 41 12 17 38 6 0 48 38 47 11 41 24 52 37
41 23 23 42 31 1 18 11 41 35 46 46 44 46 9 12 36 12 27 21 10 27 33 30 9 45 48 49 37 43 33 50 36 45 23 50 42 26 42 54 22 27 2 48 16 50 8 10 37 31 20 44 48 0 29 31 39 50 50 21 21
34 22 9 12 3 28 16 21 30 10 28 17 24 33 22 23 23 34 14 15 33 13 8 6 22 33 22 28 8 18 3 21 18 24 7 26 15 21 12 25 32 2 31 27 14 31 25 32 26 26 9 32 38 29 0 9 27 21 27 21 9
43 15 8 13 6 30 14 26 39 6 37 23 32 42 23 28 14 39 7 22 38 5 4 3 26 42 29 36 14 25 9 27 9 32 9 33 13 29 17 31 39 10 33 34 15 39 29 37 35 35 14 41 47 31 9 0 36 26 34 15 14
9 43 32 34 30 38 36 28 3 35 8 27 12 7 36 27 49 31 39 18 33 38 35 33 30 6 22 14 26 18 28 29 45 13 30 20 37 13 29 30 21 26 38 15 31 12 31 32 2 8 27 5 11 39 27 36 0 33 18 41 26
42 41 29 13 21 50 36 42 36 20 28 6 22 35 43 43 39 53 33 33 54 31 22 23 43 37 11 22 14 15 18 4 33 21 28 15 15 35 9 5 47 23 52 20 35 27 46 53 34 37 30 36 41 50 21 26 33 0 18 41 30
25 49 36 25 28 49 43 39 20 31 11 14 6 18 46 39 49 47 41 29 49 39 31 31 41 20 7 5 21 9 26 14 43 5 34 3 28 27 20 14 38 28 50 3 39 10 43 48 19 25 34 19 24 50 27 34 18 18 0 48 33
48 2 12 28 20 20 5 20 44 21 46 37 43 48 12 22 15 31 9 23 30 10 19 18 19 48 43 48 28 39 23 41 16 44 14 47 28 30 32 45 35 20 23 47 10 49 22 29 40 36 14 46 52 21 21 15 41 41 48 0 15
33 17 6 21 11 20 10 13 29 17 31 25 28 33 14 14 23 25 13 9 25 12 15 12 13 32 29 33 17 24 12 29 21 29 5 32 24 16 21 33 25 7 22 32 6 34 16 24 25 22 1 31 37 21 9 14 26 30 33 15 0
0         734      
152       265      
91        228      
52        159      
64        173      
171       286      
149       265      
189       309      
0         79       
53        171      
0         105      
30        157      
0         114      
0         63       
162       281      
187       298      
471       610      
201       311      
127       254      
249       370      
214       350      
119       228      
117       241      
64        184      
242       350      
0         66       
289       405      
8         125      
276       379      
29        139      
57        194      
282       407      
415       520      
0         114      
98        223      
17        140      
461       574      
351       476      
29        160      
288       410      
200       333      
66        163      
176       287      
0         119      
100       221      
301       427      
176       292      
191       315      
0         83       
0         74       
83        202      
533       656      
315       454      
381       483      
61        177      
104       230      
0         96       
565       692      
0         122      
428       555      
511       619      
