61
0 15 39 41 9 15 24 23 18 23 30 23 43 21 17 28 29 46 17 8 42 20 18 31 40 18 26 10 17 23 18 32 14 8 39 13 20 20 25 27 42 42 28 33 15 31 30 17 36 27 29 13 19 28 32 35 27 44 38 27 39
15 0 40 44 7 30 27 21 31 14 39 8 41 13 28 38 21 55 32 23 52 32 27 38 45 20 11 16 32 19 32 33 12 21 37 2 10 5 37 29 43 40 38 34 30 40 29 32 41 17 14 6 18 24 41 39 36 53 39 15 38
39 40 0 10 35 46 15 19 37 27 24 40 9 27 29 27 22 30 38 40 30 33 25 18 15 21 40 29 49 21 51 8 28 46 7 41 31 43 32 13 4 8 27 7 44 26 11 49 16 30 42 34 22 17 23 13 22 29 1 33 7
41 44 10 0 37 43 17 24 33 33 17 46 19 33 26 20 30 20 35 39 20 28 23 11 5 23 46 31 46 27 48 10 31 47 17 44 37 48 25 14 7 18 20 9 41 19 19 46 7 38 48 37 25 25 15 6 15 19 9 41 17
9 7 35 37 0 24 20 16 24 14 32 14 36 12 21 31 21 47 25 17 44 25 20 31 38 14 17 9 26 15 27 28 7 17 32 7 11 12 30 23 38 35 31 29 24 33 24 26 35 18 20 4 13 20 34 33 29 46 34 18 33
15 30 46 43 24 0 31 34 11 37 29 38 52 34 17 26 42 44 9 7 40 16 21 32 41 28 41 19 3 35 5 38 27 10 48 28 35 35 21 33 48 51 26 39 2 29 40 3 37 42 44 28 29 39 32 37 28 43 45 42 49
24 27 15 17 20 31 0 9 22 18 17 30 21 18 15 19 19 30 24 25 28 19 11 13 18 6 31 14 34 12 36 8 14 31 17 27 22 32 21 3 18 20 19 9 29 19 10 34 15 23 33 20 9 14 18 13 13 29 14 26 18
23 21 19 24 16 34 9 0 29 9 26 21 20 9 22 28 10 39 31 26 37 27 19 22 26 7 22 14 36 3 38 14 9 31 16 22 13 25 30 12 22 19 28 15 33 28 8 36 24 14 24 15 4 5 27 21 22 38 18 17 17
18 31 37 33 24 11 22 29 0 35 18 38 43 33 7 15 38 33 2 10 29 5 11 22 31 22 41 17 14 31 16 28 25 18 39 30 35 36 10 23 38 42 15 29 9 18 32 14 27 41 44 28 25 34 21 27 18 32 35 42 40
23 14 27 33 14 37 18 9 35 0 35 13 27 2 29 36 7 48 36 29 46 34 26 31 35 14 13 18 39 6 41 23 10 31 23 16 5 17 37 21 31 26 36 24 36 37 16 39 33 6 15 10 10 10 36 30 31 47 27 8 24
30 39 24 17 32 29 17 26 18 35 0 45 33 34 13 3 36 16 20 26 13 13 12 6 14 21 46 23 32 29 34 18 28 34 30 39 38 44 8 16 23 32 3 18 27 2 27 32 10 40 49 34 25 31 3 11 4 15 23 43 30
23 8 40 46 14 38 30 21 38 13 45 0 40 12 35 45 20 60 39 31 57 39 34 42 47 24 3 23 40 18 40 35 17 29 36 10 8 5 44 33 43 39 45 36 38 47 28 40 45 12 6 11 21 23 46 42 41 58 39 9 37
43 41 9 19 36 52 21 20 43 27 33 40 0 28 36 36 20 39 45 46 39 40 32 27 24 24 39 32 55 22 56 15 29 49 4 42 32 44 40 20 12 1 36 15 50 35 12 55 25 28 40 35 23 17 32 22 29 38 10 31 3
21 13 27 33 12 34 18 9 33 2 34 12 28 0 27 35 9 48 34 27 46 32 24 31 35 13 13 16 37 6 39 23 8 29 24 14 4 16 35 21 31 27 35 24 34 36 16 37 33 8 16 8 9 11 35 30 30 47 27 9 25
17 28 29 26 21 17 15 22 7 29 13 35 36 27 0 11 32 29 9 13 25 5 4 16 25 15 37 12 20 25 22 21 19 21 32 27 29 33 9 16 31 35 11 22 15 14 25 20 21 35 40 24 19 27 16 20 12 28 28 36 33
28 38 27 20 31 26 19 28 15 36 3 45 36 35 11 0 38 18 17 24 14 10 11 9 17 22 46 22 29 31 31 20 28 32 32 38 38 43 5 18 26 34 0 21 24 3 29 29 13 42 49 34 26 33 6 14 6 17 26 44 33
29 21 22 30 21 42 19 10 38 7 36 20 20 9 32 38 0 47 40 35 46 37 29 31 33 17 19 23 45 7 46 20 15 37 17 23 12 24 40 20 26 19 38 21 41 38 11 45 31 8 20 17 13 5 36 28 32 45 22 11 18
46 55 30 20 47 44 30 39 33 48 16 60 39 48 29 18 47 0 35 41 4 28 27 17 15 35 61 38 47 42 49 26 43 49 37 54 52 59 23 27 27 38 18 26 42 15 35 47 15 53 63 49 39 41 13 18 18 1 29 56 37
17 32 38 35 25 9 24 31 2 36 20 39 45 34 9 17 40 35 0 10 31 7 13 24 33 24 42 18 12 33 14 30 26 17 41 30 36 37 12 25 40 44 17 31 7 20 34 12 29 42 45 29 27 36 23 29 20 34 37 43 42
8 23 40 39 17 7 25 26 10 29 26 31 46 27 13 24 35 41 10 0 38 14 16 29 38 20 34 12 10 28 12 32 20 8 41 21 28 28 19 27 42 44 24 33 7 26 32 10 34 35 37 21 22 31 29 33 25 40 39 35 41
42 52 30 20 44 40 28 37 29 46 13 57 39 46 25 14 46 4 31 38 0 24 24 15 15 33 59 35 43 40 45 25 40 46 37 51 50 56 19 25 27 38 14 25 38 12 34 43 14 51 61 46 36 40 10 17 15 3 29 54 37
20 32 33 28 25 16 19 27 5 34 13 39 40 32 5 10 37 28 7 14 24 0 8 17 26 20 41 16 19 30 21 25 24 22 36 31 34 37 5 20 34 39 10 26 14 13 29 19 22 40 44 28 24 32 16 22 13 27 32 41 37
18 27 25 23 20 21 11 19 11 26 12 34 32 24 4 11 29 27 13 16 24 8 0 13 22 12 35 11 24 22 26 17 17 24 28 27 27 32 11 12 27 31 11 18 19 13 21 24 18 32 38 23 16 24 14 17 9 26 24 33 29
31 38 18 11 31 32 13 22 22 31 6 42 27 31 16 9 31 17 24 29 15 17 13 0 9 18 44 22 35 25 37 12 26 37 24 38 35 43 14 10 17 26 9 12 30 8 21 35 5 36 46 32 22 25 6 5 4 16 17 39 24
40 45 15 5 38 41 18 26 31 35 14 47 24 35 25 17 33 15 33 38 15 26 22 9 0 24 48 30 44 29 46 12 32 46 22 45 39 50 22 15 12 23 17 12 39 15 21 44 4 40 50 38 27 27 12 5 13 14 14 43 22
18 20 21 23 14 28 6 7 22 14 21 24 24 13 15 22 17 35 24 20 33 20 12 18 24 0 26 8 30 10 32 14 8 25 20 21 17 25 23 9 24 23 22 15 27 23 12 30 21 20 29 14 4 12 22 19 17 34 20 22 21
26 11 40 46 17 41 31 22 41 13 46 3 39 13 37 46 19 61 42 34 59 41 35 44 48 26 0 25 43 19 43 36 18 32 36 13 9 7 46 34 44 38 46 37 41 48 29 43 46 11 3 13 22 23 48 43 42 60 40 8 37
10 16 29 31 9 19 14 14 17 18 23 23 32 16 12 22 23 38 18 12 35 16 11 22 30 8 25 0 22 16 24 22 8 17 28 16 18 21 21 17 32 31 22 23 19 24 20 22 27 24 28 12 10 19 25 25 20 37 28 25 29
17 32 49 46 26 3 34 36 14 39 32 40 55 37 20 29 45 47 12 10 43 19 24 35 44 30 43 22 0 38 2 41 30 11 50 30 37 37 24 36 51 53 29 42 5 32 42 0 40 44 46 30 32 41 35 40 31 46 48 44 51
23 19 21 27 15 35 12 3 31 6 29 18 22 6 25 31 7 42 33 28 40 30 22 25 29 10 19 16 38 0 40 17 9 31 18 20 10 22 33 15 25 21 31 18 35 31 10 38 27 11 21 13 6 5 30 24 25 41 21 14 19
18 32 51 48 27 5 36 38 16 41 34 40 56 39 22 31 46 49 14 12 45 21 26 37 46 32 43 24 2 40 0 43 31 11 52 30 38 37 26 38 53 55 31 44 7 34 44 2 42 45 46 31 34 43 37 42 33 48 50 45 53
32 33 8 10 28 38 8 14 28 23 18 35 15 23 21 20 20 26 30 32 25 25 17 12 12 14 36 22 41 17 43 0 21 39 12 34 27 38 24 5 10 14 20 1 36 20 9 41 11 28 38 27 15 15 18 8 14 25 7 31 13
14 12 28 31 7 27 14 9 25 10 28 17 29 8 19 28 15 43 26 20 40 24 17 26 32 8 18 8 30 9 31 21 0 22 25 13 10 17 28 17 31 28 28 22 26 30 17 30 29 16 21 6 6 14 29 27 24 41 27 17 26
8 21 46 47 17 10 31 31 18 31 34 29 49 29 21 32 37 49 17 8 46 22 24 37 46 25 32 17 11 31 11 39 22 0 45 19 28 26 27 34 49 48 32 40 11 34 37 11 42 35 35 21 27 36 37 41 33 48 45 35 46
39 37 7 17 32 48 17 16 39 23 30 36 4 24 32 32 17 37 41 41 37 36 28 24 22 20 36 28 50 18 52 12 25 45 0 38 28 40 36 16 11 3 32 12 46 32 8 50 23 25 37 31 19 13 30 20 26 36 8 28 1
13 2 41 44 7 28 27 22 30 16 39 10 42 14 27 38 23 54 30 21 51 31 27 38 45 21 13 16 30 20 30 34 13 19 38 0 12 7 36 30 44 41 38 35 28 40 30 30 42 19 16 7 19 25 41 40 36 53 40 17 39
20 10 31 37 11 35 22 13 35 5 38 8 32 4 29 38 12 52 36 28 50 34 27 35 39 17 9 18 37 10 38 27 10 28 28 12 0 12 38 25 35 31 38 28 35 40 20 37 37 7 12 7 13 15 39 34 34 51 31 7 29
20 5 43 48 12 35 32 25 36 17 44 5 44 16 33 43 24 59 37 28 56 37 32 43 50 25 7 21 37 22 37 38 17 26 40 7 12 0 42 34 47 43 43 39 35 45 32 37 46 17 9 11 23 27 46 44 41 58 43 14 41
25 37 32 25 30 21 21 30 10 37 8 44 40 35 9 5 40 23 12 19 19 5 11 14 22 23 46 21 24 33 26 24 28 27 36 36 38 42 0 21 31 38 5 25 19 8 31 24 18 43 49 33 27 35 11 19 10 22 31 44 37
27 29 13 14 23 33 3 12 23 21 16 33 20 21 16 18 20 27 25 27 25 20 12 10 15 9 34 17 36 15 38 5 17 34 16 30 25 34 21 0 15 19 18 6 31 18 11 36 12 26 36 23 12 15 16 10 12 26 12 29 17
42 43 4 7 38 48 18 22 38 31 23 43 12 31 31 26 26 27 40 42 27 34 27 17 12 24 44 32 51 25 53 10 31 49 11 44 35 47 31 15 0 11 26 9 46 25 15 51 14 34 46 37 25 21 22 12 21 26 4 37 11
42 40 8 18 35 51 20 19 42 26 32 39 1 27 35 34 19 38 44 44 38 39 31 26 23 23 38 31 53 21 55 14 28 48 3 41 31 43 38 19 11 0 34 14 49 34 11 53 24 27 39 34 22 16 31 21 28 37 9 30 2
28 38 27 20 31 26 19 28 15 36 3 45 36 35 11 0 38 18 17 24 14 10 11 9 17 22 46 22 29 31 31 20 28 32 32 38 38 43 5 18 26 34 0 21 24 3 29 29 13 42 49 34 26 33 6 14 6 17 26 44 33
33 34 7 9 29 39 9 15 29 24 18 36 15 24 22 21 21 26 31 33 25 26 18 12 12 15 37 23 42 18 44 1 22 40 12 35 28 39 25 6 9 14 21 0 37 20 10 42 11 29 39 28 16 16 18 8 15 25 6 32 12
15 30 44 41 24 2 29 33 9 36 27 38 50 34 15 24 41 42 7 7 38 14 19 30 39 27 41 19 5 35 7 36 26 11 46 28 35 35 19 31 46 49 24 37 0 27 39 5 35 42 44 28 29 38 30 35 26 41 43 42 47
31 40 26 19 33 29 19 28 18 37 2 47 35 36 14 3 38 15 20 26 12 13 13 8 15 23 48 24 32 31 34 20 30 34 32 40 40 45 8 18 25 34 3 20 27 0 29 32 11 42 51 36 27 33 3 13 6 14 25 45 32
30 29 11 19 24 40 10 8 32 16 27 28 12 16 25 29 11 35 34 32 34 29 21 21 21 12 29 20 42 10 44 9 17 37 8 30 20 32 31 11 15 11 29 10 39 29 0 42 20 19 31 23 11 6 27 17 23 34 11 22 9
17 32 49 46 26 3 34 36 14 39 32 40 55 37 20 29 45 47 12 10 43 19 24 35 44 30 43 22 0 38 2 41 30 11 50 30 37 37 24 36 51 53 29 42 5 32 42 0 40 44 46 30 32 41 35 40 31 46 48 44 51
36 41 16 7 35 37 15 24 27 33 10 45 25 33 21 13 31 15 29 34 14 22 18 5 4 21 46 27 40 27 42 11 29 42 23 42 37 46 18 12 14 24 13 11 35 11 20 40 0 38 48 35 24 26 8 3 9 14 15 41 23
27 17 30 38 18 42 23 14 41 6 40 12 28 8 35 42 8 53 42 35 51 40 32 36 40 20 11 24 44 11 45 28 16 35 25 19 7 17 43 26 34 27 42 29 42 42 19 44 38 0 12 14 16 13 41 35 36 52 30 3 26
29 14 42 48 20 44 33 24 44 15 49 6 40 16 40 49 20 63 45 37 61 44 38 46 50 29 3 28 46 21 46 38 21 35 37 16 12 9 49 36 46 39 49 39 44 51 31 46 48 12 0 16 25 25 50 45 45 62 42 9 38
13 6 34 37 4 28 20 15 28 10 34 11 35 8 24 34 17 49 29 21 46 28 23 32 38 14 13 12 30 13 31 27 6 21 31 7 7 11 33 23 37 34 34 28 28 36 23 30 35 14 16 0 12 18 35 33 30 47 33 14 32
19 18 22 25 13 29 9 4 25 10 25 21 23 9 19 26 13 39 27 22 36 24 16 22 27 4 22 10 32 6 34 15 6 27 19 19 13 23 27 12 25 22 26 16 29 27 11 32 24 16 25 12 0 9 26 22 21 38 21 18 20
28 24 17 25 20 39 14 5 34 10 31 23 17 11 27 33 5 41 36 31 40 32 24 25 27 12 23 19 41 5 43 15 14 36 13 25 15 27 35 15 21 16 33 16 38 33 6 41 26 13 25 18 9 0 31 23 27 40 17 16 14
32 41 23 15 34 32 18 27 21 36 3 46 32 35 16 6 36 13 23 29 10 16 14 6 12 22 48 25 35 30 37 18 29 37 30 41 39 46 11 16 22 31 6 18 30 3 27 35 8 41 50 35 26 31 0 10 5 12 22 44 30
35 39 13 6 33 37 13 21 27 30 11 42 22 30 20 14 28 18 29 33 17 22 17 5 5 19 43 25 40 24 42 8 27 41 20 40 34 44 19 10 12 21 14 8 35 13 17 40 3 35 45 33 22 23 10 0 9 17 12 38 20
27 36 22 15 29 28 13 22 18 31 4 41 29 30 12 6 32 18 20 25 15 13 9 4 13 17 42 20 31 25 33 14 24 33 26 36 34 41 10 12 21 28 6 15 26 6 23 31 9 36 45 30 21 27 5 9 0 17 21 39 27
44 53 29 19 46 43 29 38 32 47 15 58 38 47 28 17 45 1 34 40 3 27 26 16 14 34 60 37 46 41 48 25 41 48 36 53 51 58 22 26 26 37 17 25 41 14 34 46 14 52 62 47 38 40 12 17 17 0 28 55 36
38 39 1 9 34 45 14 18 35 27 23 39 10 27 28 26 22 29 37 39 29 32 24 17 14 20 40 28 48 21 50 7 27 45 8 40 31 43 31 12 4 9 26 6 43 25 11 48 15 30 42 33 21 17 22 12 21 28 0 33 8
27 15 33 41 18 42 26 17 42 8 43 9 31 9 36 44 11 56 43 35 54 41 33 39 43 22 8 25 44 14 45 31 17 35 28 17 7 14 44 29 37 30 44 32 42 45 22 44 41 3 9 14 18 16 44 38 39 55 33 0 29
39 38 7 17 33 49 18 17 40 24 30 37 3 25 33 33 18 37 42 41 37 37 29 24 22 21 37 29 51 19 53 13 26 46 1 39 29 41 37 17 11 2 33 12 47 32 9 51 23 26 38 32 20 14 30 20 27 36 8 29 0
0         785      
303       498      
163       373      
54        195      
503       775      
0         126      
27        237      
241       370      
0         156      
191       389      
34        250      
221       447      
171       365      
244       443      
0         189      
67        263      
327       493      
397       591      
0         112      
0         203      
385       550      
0         129      
66        328      
112       292      
67        237      
0         183      
316       439      
26        200      
0         109      
80        283      
0         90       
44        238      
274       447      
0         111      
116       301      
216       436      
229       454      
251       421      
346       542      
28        197      
163       310      
189       418      
77        230      
141       311      
0         94       
50        211      
151       368      
444       624      
77        278      
232       418      
212       447      
233       440      
117       329      
162       317      
88        211      
33        206      
26        228      
494       713      
302       559      
225       418      
517       637      
