61
0 16 22 34 11 19 31 16 10 30 28 16 20 29 28 21 13 21 14 23 24 20 13 26 27 28 7 12 10 18 15 27 9 29 25 17 13 12 14 10 17 34 12 8 28 6 22 10 24 6 20 23 20 32 13 26 24 20 15 37 26
16 0 37 43 24 35 33 32 26 44 44 25 33 44 41 21 28 31 17 38 39 34 21 12 43 43 22 16 9 30 6 42 8 42 41 25 13 10 23 25 6 49 4 23 43 19 37 9 38 22 13 36 35 40 12 31 30 32 8 53 42
22 37 0 22 22 15 48 12 15 26 16 30 9 7 11 28 19 30 34 1 2 23 28 44 19 8 17 23 28 12 33 22 31 12 6 31 26 28 18 15 39 28 33 14 25 18 5 28 24 16 36 28 2 22 34 40 20 27 33 28 11
34 43 22 0 40 36 65 33 34 48 38 48 15 25 11 25 39 50 48 23 22 44 46 45 41 16 34 27 34 16 38 44 40 11 28 49 29 32 20 33 47 50 40 29 47 28 27 34 45 31 36 49 23 2 46 58 12 47 36 50 33
11 24 22 40 0 12 26 11 6 20 22 8 25 27 32 32 4 10 14 22 23 10 8 36 20 30 6 23 21 24 26 18 16 32 22 9 24 23 24 7 23 25 20 11 19 16 20 21 14 9 31 12 19 39 16 18 33 9 26 29 22
19 35 15 36 12 0 35 4 9 12 10 19 23 17 26 36 8 16 26 15 16 8 20 45 8 23 12 27 29 24 34 8 27 26 12 20 30 30 26 9 34 15 30 13 11 20 11 28 9 13 39 13 13 36 28 27 34 13 34 18 10
31 33 48 65 26 35 0 36 32 37 44 17 50 52 58 50 28 19 17 48 49 28 19 45 41 56 31 42 36 49 38 37 28 58 47 16 41 38 45 32 27 42 32 36 36 37 45 35 31 33 45 25 45 63 22 8 55 22 40 47 45
16 32 12 33 11 4 36 0 6 16 12 18 19 16 23 32 7 18 25 12 13 11 19 42 12 20 9 24 26 20 31 12 24 23 11 19 27 27 22 6 31 19 27 10 15 17 9 25 13 10 36 16 10 33 26 28 30 15 31 22 11
10 26 15 34 6 9 32 6 0 20 18 14 19 21 26 28 5 16 19 16 17 12 13 36 17 23 3 19 20 19 25 17 18 26 17 15 22 21 20 1 25 24 21 6 19 12 14 20 15 5 30 16 13 33 20 24 28 13 25 27 17
30 44 26 48 20 12 37 16 20 0 12 23 35 24 37 48 16 18 31 25 26 10 25 56 8 33 23 39 40 36 45 4 36 37 21 23 42 41 38 21 42 5 40 25 1 32 21 39 6 25 50 12 25 48 34 29 46 15 45 10 16
28 44 16 38 22 10 44 12 18 12 0 29 25 13 27 42 18 25 36 15 16 16 30 54 4 22 21 36 38 27 43 9 36 27 10 30 38 39 32 18 43 12 39 22 11 29 11 37 14 22 48 20 15 38 38 36 36 22 43 12 5
16 25 30 48 8 19 17 18 14 23 29 0 33 34 40 37 11 6 9 30 31 13 4 37 26 37 14 28 25 32 28 22 17 40 29 1 29 27 30 15 20 28 21 19 22 22 27 24 17 17 35 12 27 47 13 10 40 8 30 33 29
20 33 9 15 25 23 50 19 19 35 25 33 0 15 8 20 24 35 34 10 10 30 30 37 28 10 19 17 24 3 29 31 27 9 15 34 20 23 10 18 35 37 29 14 34 14 14 24 32 16 28 35 10 14 32 43 11 32 27 37 20
29 44 7 25 27 17 52 16 21 24 13 34 15 0 14 35 23 33 40 6 5 25 34 51 16 9 24 30 35 18 40 21 38 14 5 35 33 35 25 21 46 25 40 21 23 25 7 35 25 23 43 30 9 25 41 44 26 30 40 25 8
28 41 11 11 32 26 58 23 26 37 27 40 8 14 0 26 30 41 42 12 11 34 38 45 30 5 27 25 32 11 37 33 35 1 17 41 28 31 18 25 43 39 37 22 36 22 16 32 35 24 36 39 13 11 40 50 15 38 35 39 22
21 21 28 25 32 36 50 32 28 48 42 37 20 35 26 0 33 42 32 29 30 40 33 20 44 30 26 9 13 17 14 44 21 27 34 38 8 11 10 27 26 51 19 23 47 16 32 14 43 23 11 44 27 23 27 46 13 41 12 54 38
13 28 19 39 4 8 28 7 5 16 18 11 24 23 30 33 0 11 18 19 20 7 12 39 16 27 7 24 23 24 28 14 20 30 18 12 26 25 25 6 27 21 24 11 15 17 16 23 11 10 33 11 17 38 20 21 33 8 28 25 18
21 31 30 50 10 16 19 18 16 18 25 6 35 33 41 42 11 0 15 30 31 9 10 43 22 38 16 33 30 34 34 18 23 41 28 6 34 32 34 17 26 23 27 21 17 26 27 29 12 19 40 6 28 49 19 11 43 3 35 28 26
14 17 34 48 14 26 17 25 19 31 36 9 34 40 42 32 18 15 0 34 35 21 6 29 33 41 16 25 19 32 22 30 11 43 36 9 24 21 28 19 12 36 15 20 30 20 33 18 25 18 29 21 31 46 5 14 38 17 24 41 36
23 38 1 23 22 15 48 12 16 25 15 30 10 6 12 29 19 30 34 0 1 23 29 45 18 8 18 24 29 13 34 21 32 12 5 31 27 29 19 16 40 27 34 15 24 19 4 29 24 17 37 28 3 23 35 40 21 27 34 27 10
24 39 2 22 23 16 49 13 17 26 16 31 10 5 11 30 20 31 35 1 0 24 30 46 19 7 19 25 30 13 35 22 33 11 6 32 28 30 20 17 41 28 35 16 25 20 5 30 25 18 38 29 4 22 36 41 21 28 35 28 11
20 34 23 44 10 8 28 11 12 10 16 13 30 25 34 40 7 9 21 23 24 0 15 46 13 31 14 31 30 30 35 9 26 34 20 14 33 32 32 13 32 15 30 18 9 24 19 30 4 17 40 5 21 44 24 20 40 6 35 20 18
13 21 28 46 8 20 19 19 13 25 30 4 30 34 38 33 12 10 6 29 30 15 0 33 27 36 12 24 21 29 24 24 13 39 30 5 25 23 27 14 16 30 17 16 24 19 27 20 19 14 31 15 26 44 9 13 37 11 26 35 30
26 12 44 45 36 45 45 42 36 56 54 37 37 51 45 20 39 43 29 45 46 46 33 0 53 47 33 21 15 34 10 53 20 46 49 37 18 16 27 35 18 60 16 32 54 25 45 16 50 31 9 48 41 43 24 43 33 44 11 63 50
27 43 19 41 20 8 41 12 17 8 4 26 28 16 30 44 16 22 33 18 19 13 27 53 0 25 20 35 37 29 42 5 35 30 13 27 38 38 34 17 42 9 38 21 7 28 14 36 10 21 47 16 18 41 36 33 39 19 42 10 8
28 43 8 16 30 23 56 20 23 33 22 37 10 9 5 30 27 38 41 8 7 31 36 47 25 0 25 27 34 13 39 29 37 5 12 38 30 33 20 23 45 34 39 21 32 24 12 34 32 23 38 36 10 16 41 47 19 35 37 34 17
7 22 17 34 6 12 31 9 3 23 21 14 19 24 27 26 7 16 16 18 19 14 12 33 20 25 0 17 17 18 22 20 15 27 20 15 19 18 18 3 22 27 18 5 22 10 17 17 18 3 27 18 15 33 17 24 27 15 22 30 20
12 16 23 27 23 27 42 24 19 39 36 28 17 30 25 9 24 33 25 24 25 31 24 21 35 27 17 0 7 14 12 35 14 26 29 29 3 6 7 18 20 42 13 14 38 7 26 8 34 14 13 35 22 25 20 37 15 32 10 45 32
10 9 28 34 21 29 36 26 20 40 38 25 24 35 32 13 23 30 19 29 30 30 21 15 37 34 17 7 0 21 5 37 8 33 33 26 5 2 14 20 13 44 6 17 38 10 30 1 34 16 10 33 26 32 14 33 22 30 5 47 35
18 30 12 16 24 24 49 20 19 36 27 32 3 18 11 17 24 34 32 13 13 30 29 34 29 13 18 14 21 0 26 32 25 12 18 33 17 20 7 18 33 38 26 13 35 12 16 21 33 15 25 35 12 15 30 42 10 32 24 39 22
15 6 33 38 26 34 38 31 25 45 43 28 29 40 37 14 28 34 22 34 35 35 24 10 42 39 22 12 5 26 0 42 11 38 38 29 9 6 19 25 12 49 7 22 43 15 35 6 39 21 7 38 31 36 17 36 26 34 2 52 40
27 42 22 44 18 8 37 12 17 4 9 22 31 21 33 44 14 18 30 21 22 9 24 53 5 29 20 35 37 32 42 0 34 33 17 23 38 38 34 17 40 7 38 21 3 28 17 36 6 21 47 12 21 44 33 29 42 15 42 11 13
9 8 31 40 16 27 28 24 18 36 36 17 27 38 35 21 20 23 11 32 33 26 13 20 35 37 15 14 8 25 11 34 0 36 34 18 13 10 20 18 8 41 4 17 35 13 31 7 30 15 18 28 29 38 6 25 29 24 13 45 35
29 42 12 11 32 26 58 23 26 37 27 40 9 14 1 27 30 41 43 12 11 34 39 46 30 5 27 26 33 12 38 33 36 0 17 41 29 32 19 26 44 39 38 23 36 23 16 33 35 25 37 39 13 11 41 50 15 38 36 39 22
25 41 6 28 22 12 47 11 17 21 10 29 15 5 17 34 18 28 36 5 6 20 30 49 13 12 20 29 33 18 38 17 34 17 0 30 32 33 24 17 42 22 36 17 20 23 3 33 21 19 42 25 7 28 37 39 26 25 38 22 5
17 25 31 49 9 20 16 19 15 23 30 1 34 35 41 38 12 6 9 31 32 14 5 37 27 38 15 29 26 33 29 23 18 41 30 0 30 28 31 16 20 28 22 20 22 23 28 25 17 18 36 12 28 48 13 9 41 8 31 33 30
13 13 26 29 24 30 41 27 22 42 38 29 20 33 28 8 26 34 24 27 28 33 25 18 38 30 19 3 5 17 9 38 13 29 32 30 0 3 10 21 18 45 11 17 41 10 29 6 37 17 10 36 25 27 19 38 17 33 7 48 35
12 10 28 32 23 30 38 27 21 41 39 27 23 35 31 11 25 32 21 29 30 32 23 16 38 33 18 6 2 20 6 38 10 32 33 28 3 0 13 21 15 45 8 17 40 10 30 3 36 17 9 35 26 30 16 35 20 32 5 48 35
14 23 18 20 24 26 45 22 20 38 32 30 10 25 18 10 25 34 28 19 20 32 27 27 34 20 18 7 14 7 19 34 20 19 24 31 10 13 0 19 27 41 19 14 37 8 21 14 35 15 18 36 17 18 26 40 10 33 17 44 27
10 25 15 33 7 9 32 6 1 21 18 15 18 21 25 27 6 17 19 16 17 13 14 35 17 23 3 18 20 18 25 17 18 26 17 16 21 21 19 0 25 24 21 5 20 11 14 19 16 4 30 17 13 32 20 25 27 14 25 27 17
17 6 39 47 23 34 27 31 25 42 43 20 35 46 43 26 27 26 12 40 41 32 16 18 42 45 22 20 13 33 12 40 8 44 42 20 18 15 27 25 0 46 7 25 40 21 39 12 35 23 19 31 37 45 7 25 35 27 14 51 42
34 49 28 50 25 15 42 19 24 5 12 28 37 25 39 51 21 23 36 27 28 15 30 60 9 34 27 42 44 38 49 7 41 39 22 28 45 45 41 24 46 0 45 28 6 35 23 43 11 28 54 17 27 50 39 34 48 20 49 5 17
12 4 33 40 20 30 32 27 21 40 39 21 29 40 37 19 24 27 15 34 35 30 17 16 38 39 18 13 6 26 7 38 4 38 36 22 11 8 19 21 7 45 0 19 39 15 33 5 34 18 14 32 31 37 10 29 28 28 9 48 38
8 23 14 29 11 13 36 10 6 25 22 19 14 21 22 23 11 21 20 15 16 18 16 32 21 21 5 14 17 13 22 21 17 23 17 20 17 17 14 5 25 28 19 0 24 7 14 16 21 2 26 22 12 28 20 29 22 19 22 31 19
28 43 25 47 19 11 36 15 19 1 11 22 34 23 36 47 15 17 30 24 25 9 24 54 7 32 22 38 38 35 43 3 35 36 20 22 41 40 37 20 40 6 39 24 0 31 20 38 5 24 48 11 24 47 33 28 45 14 43 11 15
6 19 18 28 16 20 37 17 12 32 29 22 14 25 22 16 17 26 20 19 20 24 19 25 28 24 10 7 10 12 15 28 13 23 23 23 10 10 8 11 21 35 15 7 31 0 20 10 27 7 19 28 16 26 18 32 18 25 15 38 25
22 37 5 27 20 11 45 9 14 21 11 27 14 7 16 32 16 27 33 4 5 19 27 45 14 12 17 26 30 16 35 17 31 16 3 28 29 30 21 14 39 23 33 14 20 20 0 30 20 16 39 24 4 27 34 37 25 24 35 23 6
10 9 28 34 21 28 35 25 20 39 37 24 24 35 32 14 23 29 18 29 30 30 20 16 36 34 17 8 1 21 6 36 7 33 33 25 6 3 14 19 12 43 5 16 38 10 30 0 34 15 11 33 26 32 13 32 23 29 6 46 35
24 38 24 45 14 9 31 13 15 6 14 17 32 25 35 43 11 12 25 24 25 4 19 50 10 32 18 34 34 33 39 6 30 35 21 17 37 36 35 16 35 11 34 21 5 27 20 34 0 20 44 6 22 45 28 23 43 9 39 16 17
6 22 16 31 9 13 33 10 5 25 22 17 16 23 24 23 10 19 18 17 18 17 14 31 21 23 3 14 16 15 21 21 15 25 19 18 17 17 15 4 23 28 18 2 24 7 16 15 20 0 26 21 14 30 18 27 24 18 21 31 20
20 13 36 36 31 39 45 36 30 50 48 35 28 43 36 11 33 40 29 37 38 40 31 9 47 38 27 13 10 25 7 47 18 37 42 36 10 9 18 30 19 54 14 26 48 19 39 11 44 26 0 43 35 34 24 43 24 40 5 57 44
23 36 28 49 12 13 25 16 16 12 20 12 35 30 39 44 11 6 21 28 29 5 15 48 16 36 18 35 33 35 38 12 28 39 25 12 36 35 36 17 31 17 32 22 11 28 24 33 6 21 43 0 26 49 24 17 44 4 38 22 23
20 35 2 23 19 13 45 10 13 25 15 27 10 9 13 27 17 28 31 3 4 21 26 41 18 10 15 22 26 12 31 21 29 13 7 28 25 26 17 13 37 27 31 12 24 16 4 26 22 14 35 26 0 23 32 37 21 25 31 27 10
32 40 22 2 39 36 63 33 33 48 38 47 14 25 11 23 38 49 46 23 22 44 44 43 41 16 33 25 32 15 36 44 38 11 28 48 27 30 18 32 45 50 37 28 47 26 27 32 45 30 34 49 23 0 44 57 10 46 34 50 33
13 12 34 46 16 28 22 26 20 34 38 13 32 41 40 27 20 19 5 35 36 24 9 24 36 41 17 20 14 30 17 33 6 41 37 13 19 16 26 20 7 39 10 20 33 18 34 13 28 18 24 24 32 44 0 19 35 20 19 44 37
26 31 40 58 18 27 8 28 24 29 36 10 43 44 50 46 21 11 14 40 41 20 13 43 33 47 24 37 33 42 36 29 25 50 39 9 38 35 40 25 25 34 29 29 28 32 37 32 23 27 43 17 37 57 19 0 50 14 38 39 37
24 30 20 12 33 34 55 30 28 46 36 40 11 26 15 13 33 43 38 21 21 40 37 33 39 19 27 15 22 10 26 42 29 15 26 41 17 20 10 27 35 48 28 22 45 18 25 23 43 24 24 44 21 10 35 50 0 41 24 48 31
20 32 27 47 9 13 22 15 13 15 22 8 32 30 38 41 8 3 17 27 28 6 11 44 19 35 15 32 30 32 34 15 24 38 25 8 33 32 33 14 27 20 28 19 14 25 24 29 9 18 40 4 25 46 20 14 41 0 35 25 23
15 8 33 36 26 34 40 31 25 45 43 30 27 40 35 12 28 35 24 34 35 35 26 11 42 37 22 10 5 24 2 42 13 36 38 31 7 5 17 25 14 49 9 22 43 15 35 6 39 21 5 38 31 34 19 38 24 35 0 52 40
37 53 28 50 29 18 47 22 27 10 12 33 37 25 39 54 25 28 41 27 28 20 35 63 10 34 30 45 47 39 52 11 45 39 22 33 48 48 44 27 51 5 48 31 11 38 23 46 16 31 57 22 27 50 44 39 48 25 52 0 17
26 42 11 33 22 10 45 11 17 16 5 29 20 8 22 38 18 26 36 10 11 18 30 50 8 17 20 32 35 22 40 13 35 22 5 30 35 35 27 17 42 17 38 19 15 25 6 35 17 20 44 23 10 33 37 37 31 23 40 17 0
0         798      
136       252      
0         145      
343       465      
165       299      
235       373      
624       766      
0         124      
0         91       
185       372      
363       503      
151       344      
0         185      
589       708      
0         153      
293       441      
0         100      
165       327      
160       269      
0         153      
0         138      
165       355      
121       310      
487       635      
208       347      
0         153      
0         79       
77        219      
127       232      
30        208      
69        222      
190       339      
135       268      
0         128      
0         122      
169       318      
260       450      
74        237      
82        225      
0         117      
126       275      
395       555      
131       234      
257       399      
206       360      
83        216      
0         101      
78        243      
184       365      
0         64       
320       481      
161       364      
0         131      
58        183      
242       447      
435       620      
49        181      
380       537      
276       412      
353       540      
559       685      
