61
0 5 23 20 25 31 15 20 44 27 25 26 8 20 22 12 24 22 7 33 3 39 18 37 27 26 25 12 9 25 8 14 5 15 27 12 31 31 12 15 22 34 8 25 12 28 17 13 17 39 11 26 10 25 6 31 23 12 24 16 23
5 0 20 15 20 27 18 15 40 25 30 29 4 23 25 12 19 27 2 34 7 37 13 33 30 25 23 15 11 28 7 9 10 10 23 17 28 34 8 20 18 33 8 21 17 23 14 11 15 37 16 22 5 28 5 32 26 15 23 21 18
23 20 0 19 12 31 38 18 48 37 46 49 16 43 45 15 12 44 18 53 26 52 14 42 50 42 36 35 19 48 15 15 28 11 32 34 39 54 21 36 24 50 16 31 35 25 6 11 29 52 34 32 16 48 24 48 46 34 39 38 5
20 15 19 0 9 13 28 1 29 19 45 35 14 34 33 22 8 40 14 37 21 34 5 23 41 26 18 25 23 38 18 7 23 10 13 30 20 42 9 35 5 34 19 13 30 8 17 18 14 34 29 13 11 38 16 33 36 26 24 35 14
25 20 12 9 0 19 35 8 36 28 49 44 17 41 42 21 1 47 18 46 27 43 7 30 48 35 27 32 24 46 19 11 30 10 21 37 28 51 16 39 13 43 20 21 37 13 13 17 23 43 36 21 15 46 23 42 43 33 33 41 7
31 27 31 13 19 0 34 13 17 15 56 40 27 40 39 35 19 50 26 38 31 29 17 12 47 27 17 32 36 44 31 20 34 22 9 41 14 47 19 46 9 32 32 11 39 6 29 30 19 30 38 10 24 44 26 33 42 33 27 46 26
15 18 38 28 35 34 0 29 42 22 26 11 22 6 7 27 35 17 20 18 12 27 28 33 13 14 20 3 24 10 23 25 10 27 26 13 26 16 19 20 28 21 23 24 9 34 32 28 15 27 8 25 21 10 13 18 8 3 13 17 35
20 15 18 1 8 13 29 0 30 20 45 36 14 35 34 21 7 41 14 38 21 35 4 24 42 27 19 26 23 39 18 7 24 9 14 31 21 43 10 35 6 35 19 14 31 8 16 17 15 35 30 14 11 39 17 34 37 27 25 36 13
44 40 48 29 36 17 42 30 0 18 66 42 42 46 43 51 36 59 41 38 43 25 34 7 51 29 20 39 51 47 46 35 45 39 17 51 14 48 32 58 24 31 47 19 47 23 46 47 28 26 46 18 38 47 38 33 46 40 30 55 43
27 25 37 19 28 15 22 20 18 0 48 25 28 27 25 37 27 39 26 23 25 15 23 11 33 12 2 21 36 29 32 23 27 27 7 33 4 32 18 40 14 17 33 6 29 18 34 35 10 16 28 6 25 29 21 18 28 22 12 37 33
25 30 46 45 49 56 26 45 66 48 0 32 32 24 28 31 48 9 32 40 25 53 43 59 25 40 45 25 27 27 31 39 22 39 49 15 51 33 37 10 47 45 30 47 17 53 40 35 38 52 18 48 35 27 29 42 26 23 37 10 47
26 29 49 35 44 40 11 36 42 25 32 0 33 9 5 38 43 23 31 8 23 21 37 35 9 13 23 14 35 6 34 35 21 38 31 23 28 7 28 30 34 13 34 29 19 40 43 39 21 20 18 30 32 6 24 10 6 14 13 26 46
8 4 16 14 17 27 22 14 42 28 32 33 0 27 29 9 16 30 2 38 10 40 11 35 34 28 26 19 9 32 4 7 13 7 24 20 31 38 10 22 18 36 5 23 20 22 10 7 18 41 19 24 3 32 9 35 30 19 27 24 15
20 23 43 34 41 40 6 35 46 27 24 9 27 0 4 32 40 15 25 17 17 28 34 38 7 17 25 9 29 5 28 30 15 33 32 14 31 11 25 21 34 21 28 30 10 40 37 33 21 28 10 31 27 5 18 18 3 8 16 17 41
22 25 45 33 42 39 7 34 43 25 28 5 29 4 0 34 41 19 27 13 19 24 34 36 8 14 23 10 31 5 30 32 17 34 30 18 29 10 25 25 33 17 30 28 14 39 39 35 20 24 13 29 28 5 20 14 3 10 13 21 42
12 12 15 22 21 35 27 21 51 37 31 38 9 32 34 0 21 30 11 45 15 49 17 43 39 36 35 24 4 37 5 15 17 12 33 21 40 43 19 21 26 44 4 32 23 29 9 4 27 49 23 33 12 37 16 43 35 24 34 23 16
24 19 12 8 1 19 35 7 36 27 48 43 16 40 41 21 0 46 17 45 26 42 6 30 47 34 26 31 23 45 18 10 29 9 21 36 28 50 15 38 13 42 19 21 36 13 12 17 22 42 35 21 14 45 22 41 43 32 32 40 7
22 27 44 40 47 50 17 41 59 39 9 23 30 15 19 30 46 0 29 31 20 43 40 50 16 31 37 18 25 18 29 36 17 37 42 10 43 24 31 10 41 36 28 40 10 47 38 33 31 43 11 41 32 18 24 33 17 16 30 6 45
7 2 18 14 18 26 20 14 41 26 32 31 2 25 27 11 17 29 0 36 9 38 11 33 32 26 24 17 10 30 6 7 12 8 23 19 29 36 8 22 17 34 7 21 19 22 12 9 16 39 18 22 3 30 7 33 28 17 25 23 16
33 34 53 37 46 38 18 38 38 23 40 8 38 17 13 45 45 31 36 0 30 14 40 33 17 12 21 21 42 14 41 38 28 41 29 31 26 11 31 38 35 7 41 27 27 39 47 45 23 14 26 28 37 14 29 5 14 21 13 34 49
3 7 26 21 27 31 12 21 43 25 25 23 10 17 19 15 26 20 9 30 0 36 20 36 24 23 23 9 12 22 11 16 3 17 26 10 29 28 12 15 22 31 11 24 10 28 20 16 15 36 9 25 12 22 5 28 20 9 21 15 25
39 37 52 34 43 29 27 35 25 15 53 21 40 28 24 49 42 43 38 14 36 0 38 20 30 13 16 28 48 27 44 37 36 41 22 39 15 25 30 46 29 7 45 21 36 33 47 47 22 1 34 21 37 27 33 10 26 29 15 43 48
18 13 14 5 7 17 28 4 34 23 43 37 11 34 34 17 6 40 11 40 20 38 0 28 41 29 22 25 19 38 14 4 23 5 18 30 25 44 9 33 10 37 15 17 30 12 12 13 17 38 29 18 8 38 16 36 36 26 27 34 10
37 33 42 23 30 12 33 24 7 11 59 35 35 38 36 43 30 50 33 33 36 20 28 0 44 22 13 32 43 40 39 29 38 33 10 44 7 42 25 51 18 26 40 12 40 17 40 41 21 21 39 11 31 40 31 28 39 33 23 48 37
27 30 50 41 48 47 13 42 51 33 25 9 34 7 8 39 47 16 32 17 24 30 41 44 0 21 30 16 35 3 35 37 22 40 38 19 36 8 32 24 41 22 35 36 16 47 44 40 28 29 16 37 34 3 25 19 5 15 21 20 48
26 25 42 26 35 27 14 27 29 12 40 13 28 17 14 36 34 31 26 12 23 13 29 22 21 0 10 15 35 18 32 27 23 30 18 26 15 20 20 33 23 8 32 16 23 28 37 35 12 13 21 17 27 18 20 7 17 16 2 30 38
25 23 36 18 27 17 20 19 20 2 45 23 26 25 23 35 26 37 24 21 23 16 22 13 30 10 0 19 34 27 30 22 25 26 8 31 6 30 16 38 14 16 31 6 27 18 33 33 8 16 26 7 23 27 19 17 26 20 10 35 32
12 15 35 25 32 32 3 26 39 21 25 14 19 9 10 24 31 18 17 21 9 28 25 32 16 15 19 0 21 13 20 22 8 24 24 11 25 19 16 18 25 23 20 22 8 31 29 25 13 28 6 23 18 13 10 20 11 1 13 15 32
9 11 19 23 24 36 24 23 51 36 27 35 9 29 31 4 23 25 10 42 12 48 19 43 35 35 34 21 0 34 5 16 14 14 33 17 39 40 18 17 27 43 4 31 19 31 13 8 26 48 19 32 12 34 15 40 32 21 33 19 20
25 28 48 38 46 44 10 39 47 29 27 6 32 5 5 37 45 18 30 14 22 27 38 40 3 18 27 13 34 0 33 35 20 37 35 19 33 6 29 25 38 19 33 33 15 44 42 38 25 26 15 34 31 0 23 16 2 13 18 21 45
8 7 15 18 19 31 23 18 46 32 31 34 4 28 30 5 18 29 6 41 11 44 14 39 35 32 30 20 5 33 0 11 13 9 28 19 35 39 14 21 22 40 1 27 20 26 9 5 22 44 19 28 7 33 12 39 31 20 30 23 16
14 9 15 7 11 20 25 7 35 23 39 35 7 30 32 15 10 36 7 38 16 37 4 29 37 27 22 22 16 35 11 0 19 4 19 26 26 41 7 29 11 35 12 18 26 15 11 12 15 38 25 19 4 35 12 34 33 22 25 30 12
5 10 28 23 30 34 10 24 45 27 22 21 13 15 17 17 29 17 12 28 3 36 23 38 22 23 25 8 14 20 13 19 0 20 28 7 31 26 14 13 24 31 13 26 7 30 22 18 17 36 6 27 15 20 7 28 18 7 21 12 28
15 10 11 10 10 22 27 9 39 27 39 38 7 33 34 12 9 37 8 41 17 41 5 33 40 30 26 24 14 37 9 4 20 0 23 27 30 43 10 29 15 38 10 22 27 17 7 8 18 41 26 23 5 37 13 37 35 23 28 31 8
27 23 32 13 21 9 26 14 17 7 49 31 24 32 30 33 21 42 23 29 26 22 18 10 38 18 8 24 33 35 28 19 28 23 0 35 7 38 15 41 8 24 29 2 32 11 30 31 11 23 30 1 21 35 21 25 33 25 18 39 27
12 17 34 30 37 41 13 31 51 33 15 23 20 14 18 21 36 10 19 31 10 39 30 44 19 26 31 11 17 19 19 26 7 27 35 0 36 25 21 7 31 34 18 33 4 37 28 23 24 39 5 34 22 19 14 31 17 10 24 5 35
31 28 39 20 28 14 26 21 14 4 51 28 31 31 29 40 28 43 29 26 29 15 25 7 36 15 6 25 39 33 35 26 31 30 7 36 0 35 21 43 15 19 36 8 33 18 37 38 14 16 31 7 28 33 25 21 32 26 16 40 34
31 34 54 42 51 47 16 43 48 32 33 7 38 11 10 43 50 24 36 11 28 25 44 42 8 20 30 19 40 6 39 41 26 43 38 25 35 0 35 31 41 18 39 36 21 47 48 44 28 25 21 37 37 6 29 15 8 19 20 27 51
12 8 21 9 16 19 19 10 32 18 37 28 10 25 25 19 15 31 8 31 12 30 9 25 32 20 16 16 18 29 14 7 14 10 15 21 21 35 0 27 10 28 15 13 21 16 17 17 8 31 20 14 7 29 7 27 27 17 18 26 18
15 20 36 35 39 46 20 35 58 40 10 30 22 21 25 21 38 10 22 38 15 46 33 51 24 33 38 18 17 25 21 29 13 29 41 7 43 31 27 0 37 41 20 39 11 43 30 25 30 46 12 40 25 25 20 38 24 17 31 4 37
22 18 24 5 13 9 28 6 24 14 47 34 18 34 33 26 13 41 17 35 22 29 10 18 41 23 14 25 27 38 22 11 24 15 8 31 15 41 10 37 0 30 23 8 31 6 22 23 13 30 30 8 15 38 17 30 36 26 22 36 19
34 33 50 34 43 32 21 35 31 17 45 13 36 21 17 44 42 36 34 7 31 7 37 26 22 8 16 23 43 19 40 35 31 38 24 34 19 18 28 41 30 0 40 22 30 34 45 43 20 7 29 23 35 19 28 3 19 24 10 37 46
8 8 16 19 20 32 23 19 47 33 30 34 5 28 30 4 19 28 7 41 11 45 15 40 35 32 31 20 4 33 1 12 13 10 29 18 36 39 15 20 23 40 0 28 20 27 10 5 23 45 19 29 8 33 12 39 31 20 30 22 17
25 21 31 13 21 11 24 14 19 6 47 29 23 30 28 32 21 40 21 27 24 21 17 12 36 16 6 22 31 33 27 18 26 22 2 33 8 36 13 39 8 22 28 0 30 12 29 30 9 22 28 1 20 33 19 23 31 23 16 37 27
12 17 35 30 37 39 9 31 47 29 17 19 20 10 14 23 36 10 19 27 10 36 30 40 16 23 27 8 19 15 20 26 7 27 32 4 33 21 21 11 31 30 20 30 0 37 29 25 21 36 1 31 22 15 14 27 13 6 20 8 35
28 23 25 8 13 6 34 8 23 18 53 40 22 40 39 29 13 47 22 39 28 33 12 17 47 28 18 31 31 44 26 15 30 17 11 37 18 47 16 43 6 34 27 12 37 0 24 25 19 34 36 12 19 44 23 35 42 32 28 42 20
17 14 6 17 13 29 32 16 46 34 40 43 10 37 39 9 12 38 12 47 20 47 12 40 44 37 33 29 13 42 9 11 22 7 30 28 37 48 17 30 22 45 10 29 29 24 0 5 25 48 28 30 10 42 18 44 40 28 35 32 7
13 11 11 18 17 30 28 17 47 35 35 39 7 33 35 4 17 33 9 45 16 47 13 41 40 35 33 25 8 38 5 12 18 8 31 23 38 44 17 25 23 43 5 30 25 25 5 0 25 48 24 31 10 38 16 42 36 25 34 27 12
17 15 29 14 23 19 15 15 28 10 38 21 18 21 20 27 22 31 16 23 15 22 17 21 28 12 8 13 26 25 22 15 17 18 11 24 14 28 8 30 13 20 23 9 21 19 25 25 0 23 19 10 15 25 11 19 23 14 10 28 26
39 37 52 34 43 30 27 35 26 16 52 20 41 28 24 49 42 43 39 14 36 1 38 21 29 13 16 28 48 26 44 38 36 41 23 39 16 25 31 46 30 7 45 22 36 34 48 48 23 0 34 22 38 26 33 10 26 29 15 43 48
11 16 34 29 36 38 8 30 46 28 18 18 19 10 13 23 35 11 18 26 9 34 29 39 16 21 26 6 19 15 19 25 6 26 30 5 31 21 20 12 30 29 19 28 1 36 28 24 19 34 0 29 21 15 13 26 13 5 19 9 34
26 22 32 13 21 10 25 14 18 6 48 30 24 31 29 33 21 41 22 28 25 21 18 11 37 17 7 23 32 34 28 19 27 23 1 34 7 37 14 40 8 23 29 1 31 12 30 31 10 22 29 0 21 34 20 24 32 24 17 38 27
10 5 16 11 15 24 21 11 38 25 35 32 3 27 28 12 14 32 3 37 12 37 8 31 34 27 23 18 12 31 7 4 15 5 21 22 28 37 7 25 15 35 8 20 22 19 10 10 15 38 21 21 0 31 8 34 29 18 25 26 13
25 28 48 38 46 44 10 39 47 29 27 6 32 5 5 37 45 18 30 14 22 27 38 40 3 18 27 13 34 0 33 35 20 37 35 19 33 6 29 25 38 19 33 33 15 44 42 38 25 26 15 34 31 0 23 16 2 13 18 21 44
6 5 24 16 23 26 13 17 38 21 29 24 9 18 20 16 22 24 7 29 5 33 16 31 25 20 19 10 15 23 12 12 7 13 21 14 25 29 7 20 17 28 12 19 14 23 18 16 11 33 13 20 8 23 0 27 21 10 18 19 21
31 32 48 33 42 33 18 34 33 18 42 10 35 18 14 43 41 33 33 5 28 10 36 28 19 7 17 20 40 16 39 34 28 37 25 31 21 15 27 38 30 3 39 23 27 35 44 42 19 10 26 24 34 16 27 0 16 21 9 34 45
23 26 46 36 43 42 8 37 46 28 26 6 30 3 3 35 43 17 28 14 20 26 36 39 5 17 26 11 32 2 31 33 18 35 33 17 32 8 27 24 36 19 31 31 13 42 40 36 23 26 13 32 29 2 21 16 0 11 16 20 42
12 15 34 26 33 33 3 27 40 22 23 14 19 8 10 24 32 16 17 21 9 29 26 33 15 16 20 1 21 13 20 22 7 23 25 10 26 19 17 17 26 24 20 23 6 32 28 25 14 29 5 24 18 13 10 21 11 0 14 14 31
24 23 39 24 33 27 13 25 30 12 37 13 27 16 13 34 32 30 25 13 21 15 27 23 21 2 10 13 33 18 30 25 21 28 18 24 16 20 18 31 22 10 30 16 20 28 35 34 10 15 19 17 25 18 18 9 16 14 0 28 36
16 21 38 35 41 46 17 36 55 37 10 26 24 17 21 23 40 6 23 34 15 43 34 48 20 30 35 15 19 21 23 30 12 31 39 5 40 27 26 4 36 37 22 37 8 42 32 27 28 43 9 38 26 21 19 34 20 14 28 0 39
23 18 5 14 7 26 35 13 43 33 47 46 15 41 42 16 7 45 16 49 25 48 10 37 48 38 32 32 20 45 16 12 28 8 27 35 34 51 18 37 19 46 17 27 35 20 7 12 26 48 34 27 13 44 21 45 42 31 36 39 0
0         767      
0         121      
255       478      
216       399      
311       490      
200       376      
56        230      
190       359      
322       525      
142       334      
598       741      
54        243      
0         60       
14        224      
30        256      
0         134      
248       441      
0         199      
257       448      
66        247      
0         129      
328       520      
180       361      
317       505      
25        211      
409       581      
108       338      
39        202      
0         100      
503       651      
0         105      
255       411      
0         134      
255       435      
202       375      
0         143      
106       318      
52        284      
205       416      
45        161      
210       346      
107       291      
0         87       
98        339      
5         145      
174       357      
415       633      
0         94       
179       360      
127       257      
22        221      
152       274      
219       419      
78        229      
0         161      
138       247      
7         203      
391       605      
148       290      
0         134      
557       700      
