61
0 28 52 34 39 26 23 29 7 14 31 12 20 7 18 25 41 28 5 44 34 41 28 38 11 39 14 16 33 31 35 18 42 28 35 7 8 40 40 16 46 21 13 27 36 40 29 31 36 38 20 17 36 27 11 36 35 18 48 37 24
28 0 31 29 17 40 14 26 35 29 34 39 26 34 12 13 40 10 23 25 38 19 5 46 39 18 22 12 28 26 9 33 17 26 25 33 22 33 34 21 27 27 28 40 34 24 3 31 10 20 21 28 9 1 31 43 9 13 29 11 16
52 31 0 25 14 48 45 27 59 45 36 64 37 59 35 44 34 41 47 7 39 12 36 46 61 14 39 37 26 25 36 46 15 28 21 59 43 21 25 51 5 37 44 48 32 12 28 32 22 13 33 42 32 31 47 44 36 43 3 24 47
34 29 25 0 20 23 40 5 39 23 11 45 15 41 23 40 11 38 30 19 14 21 34 21 41 19 20 27 1 3 37 22 24 6 5 41 27 7 6 42 21 15 23 22 7 14 27 7 26 15 14 20 35 29 26 19 37 35 22 30 42
39 17 14 20 0 42 31 21 46 34 31 51 28 46 21 30 31 27 34 8 34 2 22 41 50 1 28 24 21 19 22 37 4 22 15 45 31 20 23 37 10 29 34 42 27 8 14 27 8 5 23 32 18 17 37 39 22 29 12 11 33
26 40 48 23 42 0 44 21 27 13 12 33 14 31 29 45 20 46 24 41 12 43 43 13 27 41 18 30 22 23 49 8 46 20 27 33 22 29 26 39 43 13 14 1 18 36 40 16 43 37 19 12 48 39 15 11 49 37 45 47 44
23 14 45 40 31 44 0 35 30 30 42 32 31 27 17 2 49 6 20 39 46 33 10 53 34 32 25 14 39 37 14 35 31 35 37 25 21 45 46 9 41 32 29 44 44 38 17 39 24 34 28 31 18 14 30 50 14 6 43 24 2
29 26 27 5 21 21 35 0 35 18 10 41 11 36 18 36 14 34 25 20 13 22 30 21 36 20 15 22 4 2 34 19 25 1 6 36 22 11 11 37 22 10 18 21 9 15 24 6 24 16 9 15 32 25 21 18 34 30 24 28 37
7 35 59 39 46 27 30 35 0 16 33 6 23 5 25 32 43 35 12 51 36 48 35 40 4 46 20 23 37 37 42 20 49 33 40 7 15 45 44 21 53 24 16 28 38 47 36 33 43 45 26 19 43 34 13 38 42 25 55 44 30
14 29 45 23 34 13 30 18 16 0 17 22 7 20 17 31 27 33 11 37 20 36 31 24 17 34 7 18 21 20 38 5 38 17 24 21 9 29 28 26 39 8 1 14 22 32 30 17 34 31 11 3 38 28 3 22 38 24 41 38 31
31 34 36 11 31 12 42 10 33 17 0 39 11 37 24 42 10 41 27 30 4 32 38 11 34 30 17 27 10 12 43 14 35 9 16 38 24 17 14 40 32 10 18 12 6 25 33 4 34 26 13 14 41 34 20 9 43 35 33 38 42
12 39 64 45 51 33 32 41 6 22 39 0 29 5 30 34 49 37 17 56 42 53 38 46 6 51 26 28 43 42 44 26 54 39 46 7 20 51 50 23 58 30 22 34 44 52 41 39 48 50 32 25 46 38 19 44 44 27 60 49 32
20 26 37 15 28 14 31 11 23 7 11 29 0 26 15 31 21 32 16 30 14 29 29 21 24 27 6 17 14 13 35 9 32 10 17 27 13 22 21 29 32 1 8 14 16 25 26 11 29 24 5 5 34 25 10 19 35 25 34 33 32
7 34 59 41 46 31 27 36 5 20 37 5 26 0 25 29 47 32 12 51 40 48 33 44 8 46 21 23 40 38 39 24 49 35 42 2 15 47 47 18 53 27 19 32 42 47 36 37 43 45 27 23 41 33 17 42 39 22 55 44 27
18 12 35 23 21 29 17 18 25 17 24 30 15 25 0 18 32 17 13 27 28 23 14 35 28 21 10 4 22 20 21 21 24 18 21 24 10 29 29 19 29 16 16 29 27 24 13 22 18 21 11 16 21 11 19 33 21 12 31 21 19
25 13 44 40 30 45 2 36 32 31 42 34 31 29 18 0 49 4 21 38 45 32 8 52 36 31 26 14 39 37 12 36 30 35 37 27 22 45 46 11 40 32 30 45 44 37 16 40 22 33 28 32 16 13 31 50 12 7 42 22 3
41 40 34 11 31 20 49 14 43 27 10 49 21 47 32 49 0 48 37 28 8 32 44 12 44 30 27 35 11 13 48 24 35 14 16 48 34 13 9 49 30 20 28 19 5 24 37 10 36 26 21 24 45 39 30 11 47 43 31 40 50
28 10 41 38 27 46 6 34 35 33 41 37 32 32 17 4 48 0 24 35 45 29 5 52 39 28 27 15 37 35 8 38 26 34 35 30 24 42 44 15 37 33 32 46 43 34 13 39 19 30 28 33 12 10 33 50 8 10 39 18 7
5 23 47 30 34 24 20 25 12 11 27 17 16 12 13 21 37 24 0 39 30 36 24 35 16 34 10 11 29 27 31 16 37 24 30 12 3 36 36 15 41 17 10 25 32 35 24 27 31 33 16 13 32 22 10 33 31 14 43 32 21
44 25 7 19 8 41 39 20 51 37 30 56 30 51 27 38 28 35 39 0 33 6 30 40 54 7 31 30 20 18 30 38 10 21 14 51 36 16 19 44 2 30 37 41 26 5 22 26 16 6 26 35 26 25 40 38 30 37 4 18 41
34 38 39 14 34 12 46 13 36 20 4 42 14 40 28 45 8 45 30 33 0 35 42 7 36 33 20 31 13 15 47 16 38 12 19 41 27 18 15 43 35 13 21 11 7 28 36 7 37 29 17 17 44 37 23 5 46 39 36 41 46
41 19 12 21 2 43 33 22 48 36 32 53 29 48 23 32 32 29 36 6 35 0 24 42 51 2 30 26 22 20 24 38 4 23 16 47 33 20 23 39 8 30 36 43 28 8 16 28 10 6 25 34 20 19 39 40 24 31 10 12 35
28 5 36 34 22 43 10 30 35 31 38 38 29 33 14 8 44 5 24 30 42 24 0 49 39 23 24 13 33 31 7 35 21 30 30 31 23 37 39 18 32 30 30 43 39 29 8 35 14 25 25 30 8 5 32 47 7 11 34 14 11
38 46 46 21 41 13 53 21 40 24 11 46 21 44 35 52 12 52 35 40 7 42 49 0 40 40 27 38 20 22 54 20 45 19 26 45 33 25 21 50 42 20 25 12 14 35 43 14 44 36 24 22 51 44 27 2 53 46 43 48 53
11 39 61 41 50 27 34 36 4 17 34 6 24 8 28 36 44 39 16 54 36 51 39 40 0 49 22 27 38 37 46 20 52 34 41 10 18 46 45 25 56 25 17 28 39 49 40 34 46 47 28 20 47 38 14 38 46 29 58 48 34
39 18 14 19 1 41 32 20 46 34 30 51 27 46 21 31 30 28 34 7 33 2 23 40 49 0 28 25 20 18 23 36 5 21 14 45 31 19 22 38 9 28 34 41 26 7 15 26 9 4 23 32 19 18 37 38 23 30 11 12 34
14 22 39 20 28 18 25 15 20 7 17 26 6 21 10 26 27 27 10 31 20 30 24 27 22 28 0 12 19 17 31 11 31 14 20 21 7 26 26 23 33 7 6 19 22 27 23 17 27 25 6 6 31 21 9 25 31 19 35 31 26
16 12 37 27 24 30 14 22 23 18 27 28 17 23 4 14 35 15 11 30 31 26 13 38 27 25 12 0 26 24 20 23 26 21 25 22 10 33 33 15 32 18 17 31 30 27 13 25 20 24 14 18 21 11 19 36 20 8 34 21 15
33 28 26 1 21 22 39 4 37 21 10 43 14 40 22 39 11 37 29 20 13 22 33 20 38 20 19 26 0 2 37 21 25 5 6 40 26 8 7 41 22 14 22 21 6 15 26 6 25 16 13 19 34 28 24 18 36 34 23 29 41
31 26 25 3 19 23 37 2 37 20 12 42 13 38 20 37 13 35 27 18 15 20 31 22 37 18 17 24 2 0 34 21 23 3 4 38 24 9 9 39 20 12 20 23 8 13 24 8 23 14 11 17 32 26 23 20 34 32 22 27 39
35 9 36 37 22 49 14 34 42 38 43 44 35 39 21 12 48 8 31 30 47 24 7 54 46 23 31 20 37 34 0 42 21 34 33 37 30 40 42 23 32 36 37 49 42 30 10 39 14 26 30 37 4 10 39 52 0 17 34 12 15
18 33 46 22 37 8 35 19 20 5 14 26 9 24 21 36 24 38 16 38 16 38 35 20 20 36 11 23 21 21 42 0 41 17 25 25 14 29 27 31 40 8 6 9 20 33 34 16 38 33 14 5 42 32 7 18 42 29 42 42 36
42 17 15 24 4 46 31 25 49 38 35 54 32 49 24 30 35 26 37 10 38 4 21 45 52 5 31 26 25 23 21 41 0 26 19 48 34 24 27 38 11 33 37 46 31 12 14 31 7 9 27 36 17 17 40 43 21 29 13 9 32
28 26 28 6 22 20 35 1 33 17 9 39 10 35 18 35 14 34 24 21 12 23 30 19 34 21 14 21 5 3 34 17 26 0 7 35 21 12 12 36 23 9 17 20 9 16 24 5 25 17 8 14 32 25 20 17 34 29 25 29 36
35 25 21 5 15 27 37 6 40 24 16 46 17 42 21 37 16 35 30 14 19 16 30 26 41 14 20 25 6 4 33 25 19 7 0 41 27 8 9 40 16 16 24 27 12 9 23 12 21 10 14 21 31 25 27 24 33 33 18 25 39
7 33 59 41 45 33 25 36 7 21 38 7 27 2 24 27 48 30 12 51 41 47 31 45 10 45 21 22 40 38 37 25 48 35 41 0 15 47 47 16 53 28 20 34 43 47 35 38 42 45 27 24 39 32 18 43 37 20 55 43 25
8 22 43 27 31 22 21 22 15 9 24 20 13 15 10 22 34 24 3 36 27 33 23 33 18 31 7 10 26 24 30 14 34 21 27 15 0 33 33 17 38 14 8 23 29 32 23 24 28 30 13 11 31 21 9 31 30 15 40 31 22
40 33 21 7 20 29 45 11 45 29 17 51 22 47 29 45 13 42 36 16 18 20 37 25 46 19 26 33 8 9 40 29 24 12 8 47 33 0 4 48 17 21 29 29 11 12 30 14 27 15 20 26 37 32 32 23 40 41 18 31 47
40 34 25 6 23 26 46 11 44 28 14 50 21 47 29 46 9 44 36 19 15 23 39 21 45 22 26 33 7 9 42 27 27 12 9 47 33 4 0 48 21 21 29 26 8 15 32 11 30 18 20 25 40 34 31 19 42 41 22 34 48
16 21 51 42 37 39 9 37 21 26 40 23 29 18 19 11 49 15 15 44 43 39 18 50 25 38 23 15 41 39 23 31 38 36 40 16 17 48 48 0 46 30 25 40 44 42 23 39 30 38 28 28 26 20 25 48 23 8 48 31 9
46 27 5 21 10 43 41 22 53 39 32 58 32 53 29 40 30 37 41 2 35 8 32 42 56 9 33 32 22 20 32 40 11 23 16 53 38 17 21 46 0 32 39 43 28 7 24 28 18 8 28 37 28 27 42 40 32 39 2 20 43
21 27 37 15 29 13 32 10 24 8 10 30 1 27 16 32 20 33 17 30 13 30 30 20 25 28 7 18 14 12 36 8 33 9 16 28 14 21 21 30 32 0 8 13 15 25 27 10 30 25 6 5 35 26 11 18 36 26 34 34 33
13 28 44 23 34 14 29 18 16 1 18 22 8 19 16 30 28 32 10 37 21 36 30 25 17 34 6 17 22 20 37 6 37 17 24 20 8 29 29 25 39 8 0 15 23 32 29 18 33 31 11 4 37 27 3 23 37 23 41 37 30
27 40 48 22 42 1 44 21 28 14 12 34 14 32 29 45 19 46 25 41 11 43 43 12 28 41 19 31 21 23 49 9 46 20 27 34 23 29 26 40 43 13 15 0 18 36 40 15 43 37 19 13 48 39 16 10 49 38 44 47 45
36 34 32 7 27 18 44 9 38 22 6 44 16 42 27 44 5 43 32 26 7 28 39 14 39 26 22 30 6 8 42 20 31 9 12 43 29 11 8 44 28 15 23 18 0 21 32 5 31 22 16 19 40 34 25 12 42 38 29 35 45
40 24 12 14 8 36 38 15 47 32 25 52 25 47 24 37 24 34 35 5 28 8 29 35 49 7 27 27 15 13 30 33 12 16 9 47 32 12 15 42 7 25 32 36 21 0 21 21 16 4 21 30 26 24 35 33 30 34 9 19 40
29 3 28 27 14 40 17 24 36 30 33 41 26 36 13 16 37 13 24 22 36 16 8 43 40 15 23 13 26 24 10 34 14 24 23 35 23 30 32 23 24 27 29 40 32 21 0 29 7 17 21 29 8 3 32 41 10 15 26 8 19
31 31 32 7 27 16 39 6 33 17 4 39 11 37 22 40 10 39 27 26 7 28 35 14 34 26 17 25 6 8 39 16 31 5 12 38 24 14 11 39 28 10 18 15 5 21 29 0 30 22 11 14 37 30 20 12 39 33 29 34 40
36 10 22 26 8 43 24 24 43 34 34 48 29 43 18 22 36 19 31 16 37 10 14 44 46 9 27 20 25 23 14 38 7 25 21 42 28 27 30 30 18 30 33 43 31 16 7 30 0 12 24 33 10 10 36 42 14 22 20 4 25
38 20 13 15 5 37 34 16 45 31 26 50 24 45 21 33 26 30 33 6 29 6 25 36 47 4 25 24 16 14 26 33 9 17 10 45 30 15 18 38 8 25 31 37 22 4 17 22 12 0 20 29 22 20 34 34 26 31 10 16 36
20 21 33 14 23 19 28 9 26 11 13 32 5 27 11 28 21 28 16 26 17 25 25 24 28 23 6 14 13 11 30 14 27 8 14 27 13 20 20 28 28 6 11 19 16 21 21 11 24 20 0 9 29 21 14 22 30 22 30 28 29
17 28 42 20 32 12 31 15 19 3 14 25 5 23 16 32 24 33 13 35 17 34 30 22 20 32 6 18 19 17 37 5 36 14 21 24 11 26 25 28 37 5 4 13 19 30 29 14 33 29 9 0 37 27 6 20 37 25 39 37 32
36 9 32 35 18 48 18 32 43 38 41 46 34 41 21 16 45 12 32 26 44 20 8 51 47 19 31 21 34 32 4 42 17 32 31 39 31 37 40 26 28 35 37 48 40 26 8 37 10 22 29 37 0 10 40 49 4 19 30 8 19
27 1 31 29 17 39 14 25 34 28 34 38 25 33 11 13 39 10 22 25 37 19 5 44 38 18 21 11 28 26 10 32 17 25 25 32 21 32 34 20 27 26 27 39 34 24 3 30 10 20 21 27 10 0 30 42 10 12 29 11 16
11 31 47 26 37 15 30 21 13 3 20 19 10 17 19 31 30 33 10 40 23 39 32 27 14 37 9 19 24 23 39 7 40 20 27 18 9 32 31 25 42 11 3 16 25 35 32 20 36 34 14 6 40 30 0 25 39 24 44 40 31
36 43 44 19 39 11 50 18 38 22 9 44 19 42 33 50 11 50 33 38 5 40 47 2 38 38 25 36 18 20 52 18 43 17 24 43 31 23 19 48 40 18 23 10 12 33 41 12 42 34 22 20 49 42 25 0 51 44 41 46 51
35 9 36 37 22 49 14 34 42 38 43 44 35 39 21 12 47 8 31 30 46 24 7 53 46 23 31 20 36 34 0 42 21 34 33 37 30 40 42 23 32 36 37 49 42 30 10 39 14 26 30 37 4 10 39 51 0 17 34 12 15
18 13 43 35 29 37 6 30 25 24 35 27 25 22 12 7 43 10 14 37 39 31 11 46 29 30 19 8 34 32 17 29 29 29 33 20 15 41 41 8 39 26 23 38 38 34 15 33 22 31 22 25 19 12 24 44 17 0 41 23 7
48 29 3 22 12 45 43 24 55 41 33 60 34 55 31 42 31 39 43 4 36 10 34 43 58 11 35 34 23 22 34 42 13 25 18 55 40 18 22 48 2 34 41 44 29 9 26 29 20 10 30 39 30 29 44 41 34 41 0 22 45
37 11 24 30 11 47 24 28 44 38 38 49 33 44 21 22 40 18 32 18 41 12 14 48 48 12 31 21 29 27 12 42 9 29 25 43 31 31 34 31 20 34 37 47 35 19 8 34 4 16 28 37 8 11 40 46 12 23 22 0 25
24 16 47 42 33 44 2 37 30 31 42 32 32 27 19 3 50 7 21 41 46 35 11 53 34 34 26 15 41 39 15 36 32 36 39 25 22 47 48 9 43 33 30 45 45 40 19 40 25 36 29 32 19 16 31 51 15 7 45 25 0
0         688      
185       289      
112       238      
24        147      
529       648      
405       535      
213       318      
27        147      
0         75       
390       508      
54        163      
0         76       
8         127      
0         80       
370       489      
472       586      
72        194      
205       327      
0         107      
113       227      
64        184      
129       261      
172       282      
272       402      
435       547      
134       258      
0         101      
235       357      
78        195      
17        134      
357       473      
260       378      
155       275      
11        131      
23        140      
0         84       
236       365      
103       221      
304       429      
209       341      
324       434      
511       634      
2         106      
269       389      
48        168      
100       228      
155       291      
47        153      
163       270      
145       254      
15        126      
0         107      
183       313      
163       291      
258       365      
60        189      
182       300      
206       321      
117       229      
345       471      
467       602      
