61
0 26 20 44 12 26 42 28 26 42 27 18 30 18 32 43 42 17 14 27 48 54 33 50 47 27 19 35 41 35 61 25 57 46 30 47 33 31 37 55 42 35 50 51 17 45 18 43 41 48 47 43 42 28 53 42 20 57 43 29 21
26 0 9 18 16 31 19 29 28 16 8 21 7 28 6 35 18 13 12 15 35 31 20 24 21 21 21 9 39 21 38 8 37 30 8 21 8 20 31 30 33 13 24 24 24 33 25 17 34 35 24 17 36 8 32 16 8 35 19 24 7
20 9 0 26 13 32 28 31 29 24 7 21 16 28 15 41 27 13 8 21 43 40 27 33 29 25 22 17 43 29 47 15 46 38 16 30 13 26 36 39 39 22 33 33 24 41 24 26 40 43 33 26 41 8 41 25 9 44 23 28 9
44 18 26 0 34 47 15 43 42 2 20 38 17 46 13 42 12 31 30 28 37 21 28 9 4 34 38 9 50 28 28 23 32 28 18 10 13 31 41 19 39 16 12 11 42 37 42 5 43 36 18 7 46 19 28 7 26 29 15 37 25
12 16 13 34 0 20 30 19 17 32 19 9 18 15 21 34 30 5 5 15 36 42 21 39 37 17 10 25 32 23 49 13 45 34 18 35 24 19 28 43 32 23 38 39 11 34 12 32 32 36 35 31 33 20 41 30 8 45 35 20 9
26 31 32 47 20 0 36 4 5 45 37 11 30 8 34 20 38 19 24 19 28 45 21 49 49 13 10 38 15 22 50 24 42 31 29 44 39 17 14 48 20 32 47 48 9 24 8 43 18 27 40 42 17 38 39 41 24 43 50 11 25
42 19 28 15 30 36 0 32 31 14 26 29 12 36 14 26 3 25 28 17 21 11 15 13 16 23 28 16 35 14 18 16 19 13 12 8 22 19 27 13 24 6 11 12 32 22 32 10 29 21 5 8 32 26 14 8 22 16 28 25 21
28 29 31 43 19 4 32 0 2 41 36 10 26 10 31 16 34 18 24 15 24 41 17 45 45 9 9 35 13 18 46 21 38 27 25 40 37 13 10 44 16 28 43 44 11 20 10 39 14 23 36 38 14 37 35 37 23 39 48 7 23
26 28 29 42 17 5 31 2 0 40 33 8 25 9 30 18 33 16 22 14 25 40 16 44 44 8 7 34 15 17 45 20 38 27 24 39 36 12 12 43 18 27 42 43 9 22 8 38 15 25 35 37 16 34 35 36 21 39 47 6 21
42 16 24 2 32 45 14 41 40 0 19 36 15 44 11 40 10 29 28 26 35 21 26 10 5 32 36 7 48 26 28 21 32 27 16 10 12 29 39 19 38 14 12 11 40 36 40 4 41 35 17 6 44 18 27 5 24 29 15 35 23
27 8 7 20 19 37 26 36 33 19 0 26 15 33 12 43 24 18 14 23 43 37 28 28 24 29 27 12 47 29 44 16 45 38 16 26 7 28 39 35 41 21 29 29 29 41 30 21 42 43 31 22 44 1 40 20 13 42 16 32 12
18 21 21 38 9 11 29 10 8 36 26 0 21 8 25 25 30 8 14 12 30 40 17 41 41 9 1 29 23 18 46 15 40 29 20 36 29 13 19 42 23 24 39 40 4 27 4 35 23 30 34 34 24 27 36 33 13 40 40 11 14
30 7 16 17 18 30 12 26 25 15 15 21 0 29 5 29 12 14 16 11 28 23 14 20 20 17 21 9 35 15 30 6 30 23 1 17 13 15 26 25 27 6 20 20 25 27 25 14 29 28 17 13 31 15 25 12 10 28 24 20 10
18 28 28 46 15 8 36 10 9 44 33 8 29 0 33 26 38 15 20 19 34 47 23 49 49 15 8 37 23 24 52 23 46 35 28 44 36 19 20 49 26 32 47 48 4 30 4 43 24 33 41 42 24 34 42 41 20 46 47 15 21
32 6 15 13 21 34 14 31 30 11 12 25 5 33 0 34 12 18 18 16 32 25 19 18 16 22 25 4 40 20 32 10 33 26 6 15 8 20 31 24 32 9 18 18 29 32 29 11 34 32 19 11 36 12 28 10 13 30 19 25 12
43 35 41 42 34 20 26 16 18 40 43 25 29 26 34 0 29 30 37 20 9 32 15 39 42 17 24 38 11 14 35 27 25 16 28 34 42 15 6 35 2 26 36 37 26 6 25 36 3 9 28 34 6 43 24 34 32 28 52 14 32
42 18 27 12 30 38 3 34 33 10 24 30 12 38 12 29 0 25 28 19 24 13 17 11 12 25 30 13 38 17 20 16 22 16 12 6 19 21 30 13 27 6 9 10 34 25 34 7 32 24 7 5 35 24 17 5 22 19 25 27 21
17 13 13 31 5 19 25 18 16 29 18 8 14 15 18 30 25 0 7 10 32 36 16 34 34 13 9 22 30 18 43 8 40 29 13 30 21 15 24 38 28 18 33 34 11 30 12 28 28 32 30 27 29 19 36 26 5 40 32 16 6
14 12 8 30 5 24 28 24 22 28 14 14 16 20 18 37 28 7 0 17 39 39 23 36 33 20 15 21 37 25 46 12 45 35 16 33 20 22 31 41 35 22 36 36 16 37 16 29 35 39 33 29 36 15 40 28 6 44 30 23 7
27 15 21 28 15 19 17 15 14 26 23 12 11 19 16 20 19 10 17 0 22 28 6 30 30 6 11 20 24 8 35 7 30 19 10 25 23 5 16 30 18 13 28 29 15 20 15 24 19 22 22 23 21 23 26 22 12 30 34 9 12
48 35 43 37 36 28 21 24 25 35 43 30 28 34 32 9 24 32 39 22 0 24 16 33 36 21 29 36 20 14 26 28 16 8 27 29 40 17 13 27 7 24 30 31 32 3 32 31 12 0 21 29 15 43 15 29 34 19 49 19 34
54 31 40 21 42 45 11 41 40 21 37 40 23 47 25 32 13 36 39 28 24 0 25 12 18 33 39 24 43 23 7 27 12 16 23 11 30 28 35 3 30 17 9 10 43 26 43 17 35 24 6 15 38 35 10 16 33 8 36 34 32
33 20 27 28 21 21 15 17 16 26 28 17 14 23 19 15 17 16 23 6 16 25 0 28 29 8 16 23 21 2 30 12 24 13 13 23 27 4 13 27 13 12 26 27 20 14 20 23 16 16 19 22 18 28 20 21 18 24 38 10 18
50 24 33 9 39 49 13 45 44 10 28 41 20 49 18 39 11 34 36 30 33 12 28 0 6 36 41 16 48 27 19 26 24 25 21 5 21 32 40 10 37 17 3 2 45 35 45 7 42 33 11 7 45 27 21 8 30 20 24 38 29
47 21 29 4 37 49 16 45 44 5 24 41 20 49 16 42 12 34 33 30 36 18 29 6 0 36 41 12 50 29 25 26 30 28 21 8 17 32 42 16 39 17 9 8 45 37 45 6 44 36 16 7 47 23 26 8 29 26 18 38 28
27 21 25 34 17 13 23 9 8 32 29 9 17 15 22 17 25 13 20 6 21 33 8 36 36 0 8 26 18 9 37 13 31 20 16 31 29 4 11 35 15 19 34 35 12 18 12 30 15 21 27 29 16 29 27 28 16 31 40 3 17
19 21 22 38 10 10 28 9 7 36 27 1 21 8 25 24 30 9 15 11 29 39 16 41 41 8 0 29 22 17 45 15 39 28 20 36 29 12 18 41 22 24 39 40 4 26 4 35 22 29 33 34 23 28 35 33 14 39 40 10 15
35 9 17 9 25 38 16 35 34 7 12 29 9 37 4 38 13 22 21 20 36 24 23 16 12 26 29 0 44 24 31 14 35 29 10 13 6 24 35 22 36 12 16 17 33 35 33 9 38 36 20 9 40 11 30 8 17 32 15 29 16
41 39 43 50 32 15 35 13 15 48 47 23 35 23 40 11 38 30 37 24 20 43 21 48 50 18 22 44 0 21 46 31 36 27 33 43 47 19 8 46 13 33 46 47 24 17 23 44 8 20 38 43 5 47 35 42 34 39 58 15 35
35 21 29 28 23 22 14 18 17 26 29 18 15 24 20 14 17 18 25 8 14 23 2 27 29 9 17 24 21 0 28 14 22 11 14 22 28 5 13 26 12 12 25 26 21 12 21 23 15 14 18 22 18 29 18 21 20 22 38 11 20
61 38 47 28 49 50 18 46 45 28 44 46 30 52 32 35 20 43 46 35 26 7 30 19 25 37 45 31 46 28 0 34 10 19 30 18 37 33 38 9 33 24 16 17 49 29 49 24 38 26 13 22 41 42 11 23 40 7 43 39 39
25 8 15 23 13 24 16 21 20 21 16 15 6 23 10 27 16 8 12 7 28 27 12 26 26 13 15 14 31 14 34 0 33 23 5 22 16 12 23 29 25 10 25 26 19 26 19 20 26 28 21 19 28 16 28 18 6 32 27 16 6
57 37 46 32 45 42 19 38 38 32 45 40 30 46 33 25 22 40 45 30 16 12 24 24 30 31 39 35 36 22 10 33 0 11 30 22 41 27 29 15 23 24 21 22 43 19 43 28 28 16 15 26 31 45 5 27 39 4 47 32 39
46 30 38 28 34 31 13 27 27 27 38 29 23 35 26 16 16 29 35 19 8 16 13 25 28 20 28 29 27 11 19 23 11 0 22 21 34 16 19 19 14 17 21 22 32 10 32 23 19 8 13 21 22 38 8 21 29 12 41 21 29
30 8 16 18 18 29 12 25 24 16 16 20 1 28 6 28 12 13 16 10 27 23 13 21 21 16 20 10 33 14 30 5 30 22 0 17 14 14 25 25 26 6 20 21 24 26 24 15 28 27 17 14 30 16 25 13 10 28 25 19 9
47 21 30 10 35 44 8 40 39 10 26 36 17 44 15 34 6 30 33 25 29 11 23 5 8 31 36 13 43 22 18 22 22 21 17 0 19 27 35 9 32 12 3 4 40 30 40 6 37 29 8 4 40 24 18 5 27 19 25 33 26
33 8 13 13 24 39 22 37 36 12 7 29 13 36 8 42 19 21 20 23 40 30 27 21 17 29 29 6 47 28 37 16 41 34 14 19 0 28 39 28 40 17 22 22 32 40 33 14 42 40 26 15 44 6 36 14 16 38 11 32 15
31 20 26 31 19 17 19 13 12 29 28 13 15 19 20 15 21 15 22 5 17 28 4 32 32 4 12 24 19 5 33 12 27 16 14 27 28 0 11 31 13 15 30 31 16 15 16 26 14 17 23 25 16 28 23 24 17 27 39 6 17
37 31 36 41 28 14 27 10 12 39 39 19 26 20 31 6 30 24 31 16 13 35 13 40 42 11 18 35 8 13 38 23 29 19 25 35 39 11 0 38 6 25 38 39 20 10 19 36 4 13 30 35 5 39 27 34 27 31 50 8 28
55 30 39 19 43 48 13 44 43 19 35 42 25 49 24 35 13 38 41 30 27 3 27 10 16 35 41 22 46 26 9 29 15 19 25 9 28 31 38 0 33 19 7 8 45 29 45 15 38 27 8 13 41 33 13 14 35 11 34 37 34
42 33 39 39 32 20 24 16 18 38 41 23 27 26 32 2 27 28 35 18 7 30 13 37 39 15 22 36 13 12 33 25 23 14 26 32 40 13 6 33 0 24 34 35 25 4 25 34 5 7 26 32 8 41 22 32 30 26 50 12 30
35 13 22 16 23 32 6 28 27 14 21 24 6 32 9 26 6 18 22 13 24 17 12 17 17 19 24 12 33 12 24 10 24 17 6 12 17 15 25 19 24 0 15 16 28 23 28 11 27 24 11 10 30 21 19 9 16 22 26 21 15
50 24 33 12 38 47 11 43 42 12 29 39 20 47 18 36 9 33 36 28 30 9 26 3 9 34 39 16 46 25 16 25 21 21 20 3 22 30 38 7 34 15 0 1 43 31 43 8 39 29 8 7 42 27 18 8 30 17 27 36 29
51 24 33 11 39 48 12 44 43 11 29 40 20 48 18 37 10 34 36 29 31 10 27 2 8 35 40 17 47 26 17 26 22 22 21 4 22 31 39 8 35 16 1 0 44 32 44 8 40 30 9 7 43 28 19 8 30 18 26 37 29
17 24 24 42 11 9 32 11 9 40 29 4 25 4 29 26 34 11 16 15 32 43 20 45 45 12 4 33 24 21 49 19 43 32 24 40 32 16 20 45 25 28 43 44 0 29 1 39 24 32 37 38 25 30 39 37 16 43 43 13 17
45 33 41 37 34 24 22 20 22 36 41 27 27 30 32 6 25 30 37 20 3 26 14 35 37 18 26 35 17 12 29 26 19 10 26 30 40 15 10 29 4 23 31 32 29 0 29 32 9 3 23 30 12 41 18 30 32 22 49 16 32
18 25 24 42 12 8 32 10 8 40 30 4 25 4 29 25 34 12 16 15 32 43 20 45 45 12 4 33 23 21 49 19 43 32 24 40 33 16 19 45 25 28 43 44 1 29 0 39 23 32 37 38 24 31 39 37 17 43 44 13 18
43 17 26 5 32 43 10 39 38 4 21 35 14 43 11 36 7 28 29 24 31 17 23 7 6 30 35 9 44 23 24 20 28 23 15 6 14 26 36 15 34 11 8 8 39 32 39 0 38 31 13 2 41 20 23 2 24 25 19 32 23
41 34 40 43 32 18 29 14 15 41 42 23 29 24 34 3 32 28 35 19 12 35 16 42 44 15 22 38 8 15 38 26 28 19 28 37 42 14 4 38 5 27 39 40 24 9 23 38 0 12 31 37 3 42 27 36 31 31 53 12 31
48 35 43 36 36 27 21 23 25 35 43 30 28 33 32 9 24 32 39 22 0 24 16 33 36 21 29 36 20 14 26 28 16 8 27 29 40 17 13 27 7 24 29 30 32 3 32 31 12 0 21 29 15 43 15 29 34 19 49 19 34
47 24 33 18 35 40 5 36 35 17 31 34 17 41 19 28 7 30 33 22 21 6 19 11 16 27 33 20 38 18 13 21 15 13 17 8 26 23 30 8 26 11 8 9 37 23 37 13 31 21 0 11 34 31 10 12 27 12 32 29 26
43 17 26 7 31 42 8 38 37 6 22 34 13 42 11 34 5 27 29 23 29 15 22 7 7 29 34 9 43 22 22 19 26 21 14 4 15 25 35 13 32 10 7 7 38 30 38 2 37 29 11 0 40 20 21 1 23 23 21 31 22
42 36 41 46 33 17 32 14 16 44 44 24 31 24 36 6 35 29 36 21 15 38 18 45 47 16 23 40 5 18 41 28 31 22 30 40 44 16 5 41 8 30 42 43 25 12 24 41 3 15 34 40 0 44 30 39 32 34 55 13 33
28 8 8 19 20 38 26 37 34 18 1 27 15 34 12 43 24 19 15 23 43 35 28 27 23 29 28 11 47 29 42 16 45 38 16 24 6 28 39 33 41 21 27 28 30 41 31 20 42 43 31 20 44 0 40 19 14 42 15 32 13
53 32 41 28 41 39 14 35 35 27 40 36 25 42 28 24 17 36 40 26 15 10 20 21 26 27 35 30 35 18 11 28 5 8 25 18 36 23 27 13 22 19 18 19 39 18 39 23 27 15 10 21 30 40 0 22 34 4 42 29 34
42 16 25 7 30 41 8 37 36 5 20 33 12 41 10 34 5 26 28 22 29 16 21 8 8 28 33 8 42 21 23 18 27 21 13 5 14 24 34 14 32 9 8 8 37 30 37 2 36 29 12 1 39 19 22 0 22 24 20 30 21
20 8 9 26 8 24 22 23 21 24 13 13 10 20 13 32 22 5 6 12 34 33 18 30 29 16 14 17 34 20 40 6 39 29 10 27 16 17 27 35 30 16 30 30 16 32 17 24 31 34 27 23 32 14 34 22 0 38 27 19 1
57 35 44 29 45 43 16 39 39 29 42 40 28 46 30 28 19 40 44 30 19 8 24 20 26 31 39 32 39 22 7 32 4 12 28 19 38 27 31 11 26 22 17 18 43 22 43 25 31 19 12 23 34 42 4 24 38 0 44 33 37
43 19 23 15 35 50 28 48 47 15 16 40 24 47 19 52 25 32 30 34 49 36 38 24 18 40 40 15 58 38 43 27 47 41 25 25 11 39 50 34 50 26 27 26 43 49 44 19 53 49 32 21 55 15 42 20 27 44 0 43 26
29 24 28 37 20 11 25 7 6 35 32 11 20 15 25 14 27 16 23 9 19 34 10 38 38 3 10 29 15 11 39 16 32 21 19 33 32 6 8 37 12 21 36 37 13 16 13 32 12 19 29 31 13 32 29 30 19 33 43 0 20
21 7 9 25 9 25 21 23 21 23 12 14 10 21 12 32 21 6 7 12 34 32 18 29 28 17 15 16 35 20 39 6 39 29 9 26 15 17 28 34 30 15 29 29 17 32 18 23 31 34 26 22 33 13 34 21 1 37 26 20 0
0         656      
0         106      
467       589      
229       337      
493       609      
111       221      
260       373      
106       213      
125       258      
207       328      
421       549      
132       261      
0         87       
101       235      
0         91       
51        165      
186       314      
149       266      
0         67       
0         119      
28        159      
290       409      
6         127      
190       309      
194       329      
153       279      
112       233      
224       352      
357       468      
11        136      
292       411      
0         82       
311       433      
35        146      
0         104      
200       308      
442       547      
14        140      
62        190      
278       409      
80        196      
170       297      
259       385      
197       326      
112       243      
41        162      
114       229      
206       325      
61        170      
41        163      
275       386      
235       364      
63        192      
513       628      
312       417      
219       336      
0         86       
391       515      
444       574      
98        202      
471       608      
