61
0 31 19 4 33 40 6 55 14 35 35 33 44 32 33 17 38 47 37 47 56 43 38 47 45 35 5 31 39 51 26 42 32 24 33 57 11 45 19 41 46 14 40 37 25 26 47 50 30 41 26 42 7 21 4 46 33 50 21 14 43
31 0 14 27 41 46 34 33 31 39 37 33 13 3 5 16 13 24 17 25 33 12 19 19 32 19 27 18 18 31 36 30 19 28 22 35 20 33 24 32 15 30 42 7 9 35 32 22 5 10 20 42 27 12 27 25 25 28 13 18 23
19 14 0 15 29 35 23 36 17 29 28 24 27 16 15 12 25 28 18 28 37 26 19 28 29 17 14 14 20 32 23 27 15 16 18 38 10 30 11 28 29 16 33 21 12 23 30 31 11 23 12 34 17 10 15 27 20 31 2 9 24
4 27 15 0 33 40 8 51 14 35 35 32 40 28 30 13 34 43 33 43 52 39 34 43 43 32 3 28 35 47 26 40 29 23 31 53 7 43 17 39 42 14 40 33 21 26 44 46 26 37 24 42 5 17 0 42 31 46 17 10 39
33 41 29 33 0 7 39 42 19 4 7 10 51 44 38 39 53 40 31 38 46 49 30 44 26 26 30 24 33 37 7 25 24 13 21 43 34 27 18 20 55 19 8 48 41 7 30 46 35 45 20 10 38 39 33 36 18 40 29 35 33
40 46 35 40 7 0 46 43 26 7 9 13 56 49 44 46 59 42 35 39 47 53 33 47 27 29 37 28 36 38 14 26 28 19 24 44 41 28 25 21 60 26 5 53 47 14 31 48 41 48 26 7 45 45 40 38 21 41 35 42 35
6 34 23 8 39 46 0 59 20 41 41 39 47 34 37 19 40 51 41 51 60 46 42 51 50 40 10 36 43 55 32 48 37 30 38 61 14 51 24 46 48 20 46 39 27 32 52 54 34 44 31 48 8 23 8 50 38 54 25 17 47
55 33 36 51 42 43 59 0 46 38 35 32 32 35 28 46 43 9 18 7 4 28 17 17 16 20 50 24 15 5 42 17 23 35 23 2 46 15 37 22 37 45 38 37 40 41 12 14 28 26 29 36 53 41 51 9 25 4 33 45 12
14 31 17 14 19 26 20 46 0 21 21 20 44 33 32 23 42 40 30 39 48 43 30 43 34 26 11 22 32 41 12 31 23 12 23 47 17 34 9 29 46 1 26 38 29 12 36 45 28 40 17 28 19 25 14 37 22 42 19 19 34
35 39 29 35 4 7 41 38 21 0 3 6 49 42 37 39 52 36 28 34 42 46 27 41 22 23 32 21 30 33 9 21 21 13 18 39 35 23 18 16 54 21 5 46 41 9 26 42 34 42 19 7 40 39 35 32 14 36 28 35 29
35 37 28 35 7 9 41 35 21 3 0 4 47 40 35 39 50 33 26 31 39 44 24 38 19 20 32 19 27 30 10 18 19 12 15 36 35 20 18 13 51 21 5 44 40 10 23 39 32 39 17 7 40 38 35 29 12 33 27 35 26
33 33 24 32 10 13 39 32 20 6 4 0 43 36 31 35 46 30 22 28 36 39 20 34 17 16 29 15 23 27 10 15 15 9 11 33 32 18 15 11 47 19 9 40 36 10 20 36 28 35 13 10 37 34 32 26 8 30 23 32 23
44 13 27 40 51 56 47 32 44 49 47 43 0 12 13 28 12 23 21 25 30 4 23 15 36 26 40 28 21 31 47 35 28 39 31 34 33 36 35 38 5 43 52 8 20 46 34 18 16 7 31 52 39 23 40 26 34 28 25 30 25
32 3 16 28 44 49 34 35 33 42 40 36 12 0 8 15 10 26 20 28 35 13 22 21 35 22 28 21 21 34 38 33 22 31 25 37 21 36 26 35 14 32 45 5 8 38 35 24 8 12 23 45 26 11 28 28 28 31 15 18 26
33 5 15 30 38 44 37 28 32 37 35 31 13 8 0 20 17 19 12 20 28 11 14 14 27 15 29 16 13 26 34 26 16 26 19 30 23 28 23 28 17 31 40 11 13 33 27 17 4 8 18 40 30 16 30 20 22 23 13 21 18
17 16 12 13 39 46 19 46 23 39 39 35 28 15 20 0 21 38 29 38 47 28 30 34 41 29 13 26 30 43 33 39 27 27 30 48 6 42 21 40 29 23 44 20 8 33 42 37 17 26 24 45 11 4 13 37 32 41 14 4 35
38 13 25 34 53 59 40 43 42 52 50 46 12 10 17 21 0 34 29 36 41 15 31 26 44 32 34 31 29 42 48 43 32 40 35 45 27 45 35 45 10 41 55 6 13 47 43 29 18 17 33 55 32 17 34 36 38 39 24 24 34
47 24 28 43 40 42 51 9 40 36 33 30 23 26 19 38 34 0 10 2 9 19 10 8 15 14 42 18 8 8 39 15 17 31 19 11 38 15 31 20 28 39 36 28 32 38 12 7 21 17 23 34 45 34 43 4 22 5 26 37 7
37 17 18 33 31 35 41 18 30 28 26 22 21 20 12 29 29 10 0 10 19 17 2 13 15 5 32 9 2 14 30 14 8 22 10 20 28 16 21 17 26 29 31 23 24 29 15 15 12 14 14 31 35 25 33 9 13 13 16 27 6
47 25 28 43 38 39 51 7 39 34 31 28 25 28 20 38 36 2 10 0 9 21 10 10 13 13 42 17 8 6 37 13 16 29 17 9 38 13 30 18 30 38 34 30 33 36 10 9 21 19 22 32 45 34 43 2 20 3 26 37 5
56 33 37 52 46 47 60 4 48 42 39 36 30 35 28 47 41 9 19 9 0 26 19 15 20 22 51 26 17 9 45 21 25 38 26 5 47 19 39 26 35 47 42 35 41 44 16 12 30 24 31 40 54 43 52 11 28 6 35 46 14
43 12 26 39 49 53 46 28 43 46 44 39 4 13 11 28 15 19 17 21 26 0 19 11 32 22 39 24 17 27 45 31 24 36 27 30 32 32 34 34 9 42 48 10 21 43 30 14 15 3 28 48 39 24 39 22 30 24 24 30 21
38 19 19 34 30 33 42 17 30 27 24 20 23 22 14 30 31 10 2 10 19 19 0 14 13 4 33 8 3 13 29 12 7 21 9 19 29 14 21 15 28 29 29 25 26 28 13 16 14 16 13 29 36 27 34 8 12 13 17 28 5
47 19 28 43 44 47 51 17 43 41 38 34 15 21 14 34 26 8 13 10 15 11 14 0 23 18 42 22 11 16 43 23 21 35 23 19 37 23 34 28 20 42 43 20 27 42 20 3 18 9 27 42 44 30 43 12 26 13 26 35 13
45 32 29 43 26 27 50 16 34 22 19 17 36 35 27 41 44 15 15 13 20 32 13 23 0 13 40 15 15 11 27 2 14 22 11 17 39 1 25 6 41 33 22 38 39 26 4 22 27 29 18 20 45 39 42 12 11 14 27 38 11
35 19 17 32 26 29 40 20 26 23 20 16 26 22 15 29 32 14 5 13 22 22 4 18 13 0 30 4 7 16 25 11 3 17 5 22 27 14 17 13 31 25 25 26 26 24 13 20 14 19 9 25 34 26 32 11 8 16 15 26 8
5 27 14 3 30 37 10 50 11 32 32 29 40 28 29 13 34 42 32 42 51 39 33 42 40 30 0 26 34 46 23 37 27 20 28 51 7 40 14 36 42 11 37 33 21 23 42 45 25 37 21 39 8 17 3 41 28 45 16 10 38
31 18 14 28 24 28 36 24 22 21 19 15 28 21 16 26 31 18 9 17 26 24 8 22 15 4 26 0 11 20 21 13 1 13 4 26 24 16 13 14 33 21 24 25 24 20 16 24 13 21 5 24 31 24 28 15 7 20 12 23 12
39 18 20 35 33 36 43 15 32 30 27 23 21 21 13 30 29 8 2 8 17 17 3 11 15 7 34 11 0 13 32 14 10 24 12 17 30 16 23 18 26 31 32 23 25 31 14 13 13 14 16 32 37 26 35 7 15 11 18 29 5
51 31 32 47 37 38 55 5 41 33 30 27 31 34 26 43 42 8 14 6 9 27 13 16 11 16 46 20 13 0 37 12 19 30 18 6 42 10 32 17 36 40 33 36 38 36 7 15 26 25 25 31 49 39 47 6 20 4 30 41 8
26 36 23 26 7 14 32 42 12 9 10 10 47 38 34 33 48 39 30 37 45 45 29 43 27 25 23 21 32 37 0 25 22 8 20 43 28 28 12 21 51 12 14 43 35 1 30 45 31 41 16 16 31 33 26 35 17 39 23 29 32
42 30 27 40 25 26 48 17 31 21 18 15 35 33 26 39 43 15 14 13 21 31 12 23 2 11 37 13 14 12 25 0 12 19 9 18 37 3 23 5 40 30 21 37 37 25 5 22 25 28 16 19 43 37 40 12 9 15 25 36 10
32 19 15 29 24 28 37 23 23 21 19 15 28 22 16 27 32 17 8 16 25 24 7 21 14 3 27 1 10 19 22 12 0 14 3 25 25 15 14 13 33 22 24 26 25 21 15 23 14 21 6 24 32 25 29 14 6 19 13 24 11
24 28 16 23 13 19 30 35 12 13 12 9 39 31 26 27 40 31 22 29 38 36 21 35 22 17 20 13 24 30 8 19 14 0 12 36 23 22 6 17 43 11 17 35 28 7 24 37 23 33 8 19 28 26 23 27 10 32 16 23 24
33 22 18 31 21 24 38 23 23 18 15 11 31 25 19 30 35 19 10 17 26 27 9 23 11 5 28 4 12 18 20 9 3 12 0 24 28 12 14 10 36 22 20 29 28 19 14 25 17 24 7 20 34 28 31 15 3 20 16 27 12
57 35 38 53 43 44 61 2 47 39 36 33 34 37 30 48 45 11 20 9 5 30 19 19 17 22 51 26 17 6 43 18 25 36 24 0 47 16 38 23 39 46 39 39 42 42 13 16 30 28 31 37 54 43 52 11 26 6 35 46 14
11 20 10 7 34 41 14 46 17 35 35 32 33 21 23 6 27 38 28 38 47 32 29 37 39 27 7 24 30 42 28 37 25 23 28 47 0 40 17 37 35 17 40 26 14 27 40 40 20 30 21 42 7 10 7 37 29 41 12 3 34
45 33 30 43 27 28 51 15 34 23 20 18 36 36 28 42 45 15 16 13 19 32 14 23 1 14 40 16 16 10 28 3 15 22 12 16 40 0 26 7 41 33 23 39 40 27 3 22 28 29 19 21 46 40 43 12 12 13 28 39 11
19 24 11 17 18 25 24 37 9 18 18 15 35 26 23 21 35 31 21 30 39 34 21 34 25 17 14 13 23 32 12 23 14 6 14 38 17 26 0 22 39 8 23 31 23 12 28 36 19 31 8 25 22 21 17 28 14 33 11 17 25
41 32 28 39 20 21 46 22 29 16 13 11 38 35 28 40 45 20 17 18 26 34 15 28 6 13 36 14 18 17 21 5 13 17 10 23 37 7 22 0 43 28 16 39 38 21 10 27 27 31 16 14 43 38 39 17 8 20 26 37 15
46 15 29 42 55 60 48 37 46 54 51 47 5 14 17 29 10 28 26 30 35 9 28 20 41 31 42 33 26 36 51 40 33 43 36 39 35 41 39 43 0 45 56 9 21 50 39 23 20 12 35 56 40 25 42 31 39 33 28 32 30
14 30 16 14 19 26 20 45 1 21 21 19 43 32 31 23 41 39 29 38 47 42 29 42 33 25 11 21 31 40 12 30 22 11 22 46 17 33 8 28 45 0 26 37 28 12 35 44 27 39 16 28 19 25 14 36 21 41 18 19 33
40 42 33 40 8 5 46 38 26 5 5 9 52 45 40 44 55 36 31 34 42 48 29 43 22 25 37 24 32 33 14 21 24 17 20 39 40 23 23 16 56 26 0 49 45 14 26 43 37 44 22 2 45 43 40 33 17 36 32 40 31
37 7 21 33 48 53 39 37 38 46 44 40 8 5 11 20 6 28 23 30 35 10 25 20 38 26 33 25 23 36 43 37 26 35 29 39 26 39 31 39 9 37 49 0 12 42 37 23 12 11 27 49 31 16 33 30 32 33 20 23 28
25 9 12 21 41 47 27 40 29 41 40 36 20 8 13 8 13 32 24 33 41 21 26 27 39 26 21 24 25 38 35 37 25 28 28 42 14 40 23 38 21 28 45 12 0 35 39 30 12 19 23 46 19 4 21 32 31 36 13 11 30
26 35 23 26 7 14 32 41 12 9 10 10 46 38 33 33 47 38 29 36 44 43 28 42 26 24 23 20 31 36 1 25 21 7 19 42 27 27 12 21 50 12 14 42 35 0 30 44 30 40 15 16 31 33 26 34 16 38 23 29 31
47 32 30 44 30 31 52 12 36 26 23 20 34 35 27 42 43 12 15 10 16 30 13 20 4 13 42 16 14 7 30 5 15 24 14 13 40 3 28 10 39 35 26 37 39 30 0 19 27 27 21 24 47 39 44 9 14 10 28 39 9
50 22 31 46 46 48 54 14 45 42 39 36 18 24 17 37 29 7 15 9 12 14 16 3 22 20 45 24 13 15 45 22 23 37 25 16 40 22 36 27 23 44 43 23 30 44 19 0 21 12 29 41 47 33 46 11 28 11 29 38 13
30 5 11 26 35 41 34 28 28 34 32 28 16 8 4 17 18 21 12 21 30 15 14 18 27 14 25 13 13 26 31 25 14 23 17 30 20 28 19 27 20 27 37 12 12 30 27 21 0 12 15 37 26 13 26 20 20 24 9 17 18
41 10 23 37 45 48 44 26 40 42 39 35 7 12 8 26 17 17 14 19 24 3 16 9 29 19 37 21 14 25 41 28 21 33 24 28 30 29 31 31 12 39 44 11 19 40 27 12 12 0 25 44 37 22 37 19 27 22 21 28 18
26 20 12 24 20 26 31 29 17 19 17 13 31 23 18 24 33 23 14 22 31 28 13 27 18 9 21 5 16 25 16 16 6 8 7 31 21 19 8 16 35 16 22 27 23 15 21 29 15 25 0 23 27 22 24 20 8 25 10 21 17
42 42 34 42 10 7 48 36 28 7 7 10 52 45 40 45 55 34 31 32 40 48 29 42 20 25 39 24 32 31 16 19 24 19 20 37 42 21 25 14 56 28 2 49 46 16 24 41 37 44 23 0 47 44 42 31 17 34 33 42 29
7 27 17 5 38 45 8 53 19 40 40 37 39 26 30 11 32 45 35 45 54 39 36 44 45 34 8 31 37 49 31 43 32 28 34 54 7 46 22 43 40 19 45 31 19 31 47 47 26 37 27 47 0 15 5 44 35 48 19 9 41
21 12 10 17 39 45 23 41 25 39 38 34 23 11 16 4 17 34 25 34 43 24 27 30 39 26 17 24 26 39 33 37 25 26 28 43 10 40 21 38 25 25 43 16 4 33 39 33 13 22 22 44 15 0 17 33 30 37 12 7 31
4 27 15 0 33 40 8 51 14 35 35 32 40 28 30 13 34 43 33 43 52 39 34 43 42 32 3 28 35 47 26 40 29 23 31 52 7 43 17 39 42 14 40 33 21 26 44 46 26 37 24 42 5 17 0 42 31 46 17 10 39
46 25 27 42 36 38 50 9 37 32 29 26 26 28 20 37 36 4 9 2 11 22 8 12 12 11 41 15 7 6 35 12 14 27 15 11 37 12 28 17 31 36 33 30 32 34 9 11 20 19 20 31 44 33 42 0 18 5 25 36 3
33 25 20 31 18 21 38 25 22 14 12 8 34 28 22 32 38 22 13 20 28 30 12 26 11 8 28 7 15 20 17 9 6 10 3 26 29 12 14 8 39 21 17 32 31 16 14 28 20 27 8 17 35 30 31 18 0 22 18 29 15
50 28 31 46 40 41 54 4 42 36 33 30 28 31 23 41 39 5 13 3 6 24 13 13 14 16 45 20 11 4 39 15 19 32 20 6 41 13 33 20 33 41 36 33 36 38 10 11 24 22 25 34 48 37 46 5 22 0 29 40 8
21 13 2 17 29 35 25 33 19 28 27 23 25 15 13 14 24 26 16 26 35 24 17 26 27 15 16 12 18 30 23 25 13 16 16 35 12 28 11 26 28 18 32 20 13 23 28 29 9 21 10 33 19 12 17 25 18 29 0 11 22
14 18 9 10 35 42 17 45 19 35 35 32 30 18 21 4 24 37 27 37 46 30 28 35 38 26 10 23 29 41 29 36 24 23 27 46 3 39 17 37 32 19 40 23 11 29 39 38 17 28 21 42 9 7 10 36 29 40 11 0 33
43 23 24 39 33 35 47 12 34 29 26 23 25 26 18 35 34 7 6 5 14 21 5 13 11 8 38 12 5 8 32 10 11 24 12 14 34 11 25 15 30 33 31 28 30 31 9 13 18 18 17 29 41 31 39 3 15 8 22 33 0
0         723      
275       387      
0         105      
474       592      
116       224      
137       259      
496       607      
37        175      
206       329      
110       227      
122       242      
107       209      
314       431      
266       382      
302       414      
0         73       
446       568      
61        190      
414       540      
367       494      
59        170      
311       435      
70        197      
351       486      
36        149      
0         125      
0         61       
1         119      
79        193      
35        166      
183       302      
38        151      
6         115      
161       263      
83        212      
402       509      
0         74       
547       659      
0         106      
21        150      
335       460      
168       277      
184       300      
255       388      
280       408      
142       259      
25        148      
384       507      
287       404      
324       450      
0         107      
133       248      
595       715      
243       363      
0         70       
71        195      
16        128      
62        183      
238       364      
0         88       
533       664      
