61
0 55 35 2 26 33 18 8 25 28 31 6 27 42 37 13 33 6 0 15 23 27 36 39 16 35 38 43 28 11 42 37 4 4 40 21 51 40 2 24 6 43 27 36 9 52 25 39 26 18 31 14 40 27 39 7 21 47 21 47 41
55 0 28 57 40 44 36 62 33 37 41 48 44 26 25 47 21 51 54 43 35 28 21 44 38 30 42 12 29 53 46 17 58 59 39 33 5 29 52 42 61 33 29 19 45 3 31 15 46 49 28 46 22 38 16 55 38 8 33 10 19
35 28 0 37 13 43 24 40 10 35 13 32 16 7 3 23 14 29 35 20 28 12 26 16 19 2 45 17 7 30 19 15 39 38 43 21 23 36 33 15 40 9 8 13 30 28 25 18 41 39 29 23 7 35 13 33 14 21 19 18 29
2 57 37 0 28 35 20 6 27 30 33 8 29 44 39 15 35 8 2 17 25 29 38 41 18 37 40 45 30 12 44 39 2 2 42 23 53 42 4 26 4 45 29 38 11 54 27 41 28 20 33 16 42 29 41 7 23 49 23 49 43
26 40 13 28 0 43 22 29 8 35 5 23 4 20 16 13 22 20 26 11 27 15 33 13 12 12 45 28 11 17 16 25 30 29 46 20 36 42 24 2 31 17 12 23 23 39 26 28 39 34 33 12 20 34 24 22 7 32 18 31 38
33 44 43 35 43 0 21 41 37 8 48 27 47 48 42 37 31 34 33 35 15 31 23 56 31 44 5 38 36 40 59 33 35 37 8 22 44 16 31 43 38 52 35 33 25 41 18 32 7 15 16 38 45 8 37 39 36 40 24 43 25
18 36 24 20 22 21 0 26 16 13 27 12 25 31 25 17 16 17 18 14 6 13 18 35 10 24 24 26 17 23 38 20 22 22 25 4 34 23 16 22 24 32 16 19 9 34 7 21 18 15 14 18 29 13 23 22 15 29 5 31 23
8 62 40 6 29 41 26 0 31 36 34 14 30 47 43 17 41 11 8 20 31 34 44 42 23 40 46 50 35 12 45 45 6 4 48 29 58 48 10 27 3 46 34 43 17 60 33 47 34 26 39 17 47 35 46 7 26 54 29 54 49
25 33 10 27 8 37 16 31 0 28 12 22 12 17 12 14 14 20 25 11 21 7 25 19 9 10 39 21 4 21 22 17 29 29 39 14 29 34 23 10 31 18 4 15 20 32 19 20 34 31 25 14 17 28 17 24 5 25 12 25 30
28 37 35 30 35 8 13 36 28 0 40 22 38 40 34 30 23 29 28 27 7 23 16 47 23 35 11 31 28 35 50 25 31 32 12 14 37 13 26 35 34 43 27 25 19 34 10 25 9 13 9 31 37 1 29 34 28 33 16 36 20
31 41 13 33 5 48 27 34 12 40 0 28 4 18 16 18 25 25 31 16 32 19 36 8 17 11 50 30 14 22 11 28 35 34 51 25 36 46 29 7 36 14 15 26 28 41 31 31 44 39 37 17 20 39 26 27 12 34 23 31 41
6 48 32 8 23 27 12 14 22 22 28 0 25 39 33 12 27 7 6 12 16 22 30 36 13 32 32 37 25 13 39 31 10 10 34 15 45 33 4 22 12 40 24 30 3 46 19 33 21 13 24 13 37 21 34 12 18 41 15 42 35
27 44 16 29 4 47 25 30 12 38 4 25 0 21 19 14 26 21 27 13 31 19 37 12 15 14 49 31 15 18 15 29 31 30 50 24 39 45 25 3 32 18 16 27 25 42 30 32 42 37 36 13 23 38 27 23 10 35 22 34 42
42 26 7 44 20 48 31 47 17 40 18 39 21 0 6 30 18 36 42 27 33 18 29 18 26 8 49 15 14 37 20 17 46 45 47 27 21 39 40 22 47 7 15 16 37 26 30 19 47 46 33 30 4 40 13 40 21 19 26 16 31
37 25 3 39 16 42 25 43 12 34 16 33 19 6 0 26 12 32 37 23 27 12 24 19 20 5 43 14 8 33 21 13 41 41 42 21 20 34 34 18 43 10 9 11 31 25 24 16 41 40 27 26 5 34 10 36 17 18 20 15 27
13 47 23 15 13 37 17 17 14 30 18 12 14 30 26 0 25 7 13 3 23 18 33 26 8 23 40 34 18 7 29 29 17 16 42 18 42 40 11 11 18 30 18 28 12 44 24 31 31 24 31 1 30 29 30 10 9 38 16 38 38
33 21 14 35 22 31 16 41 14 23 25 27 26 18 12 25 0 29 33 22 17 7 12 30 17 16 31 10 11 32 33 4 37 37 29 12 18 22 31 24 39 22 10 3 24 19 13 6 31 31 15 25 14 23 7 34 17 14 12 15 16
6 51 29 8 20 34 17 11 20 29 25 7 21 36 32 7 29 0 6 9 23 22 35 33 12 29 39 38 24 6 36 33 10 9 41 20 46 40 5 18 11 37 23 32 10 48 24 35 28 20 31 8 36 28 34 5 15 42 18 42 40
0 54 35 2 26 33 18 8 25 28 31 6 27 42 37 13 33 6 0 15 22 27 36 39 16 35 38 43 28 11 42 37 4 4 40 21 51 39 2 24 6 43 27 36 9 52 25 39 26 18 30 14 40 27 39 7 21 47 21 47 41
15 43 20 17 11 35 14 20 11 27 16 12 13 27 23 3 22 9 15 0 20 15 30 24 5 20 38 31 15 10 27 26 19 18 39 15 39 37 13 10 20 28 15 25 12 41 21 28 30 24 28 4 27 27 27 13 6 35 13 35 35
23 35 28 25 27 15 6 31 21 7 32 16 31 33 27 23 17 23 22 20 0 16 14 40 16 28 18 26 21 29 43 20 26 26 19 7 33 17 20 28 28 36 20 20 13 32 4 20 14 14 8 24 30 7 24 28 21 28 9 31 19
27 28 12 29 15 31 13 34 7 23 19 22 19 18 12 18 7 22 27 15 16 0 18 25 10 12 33 16 5 25 28 11 31 31 32 9 24 27 24 17 33 20 4 10 19 26 13 13 30 28 18 18 16 23 12 27 10 20 8 20 23
36 21 26 38 33 23 18 44 25 16 36 30 37 29 24 33 12 35 36 30 14 18 0 42 25 28 21 16 22 40 45 12 40 40 19 16 21 10 34 35 42 34 21 13 27 18 11 10 25 28 7 34 25 17 16 40 28 17 17 20 5
39 44 16 41 13 56 35 42 19 47 8 36 12 18 19 26 30 33 39 24 40 25 42 0 25 14 58 33 20 30 3 31 43 42 57 33 39 52 37 15 44 11 21 29 36 44 38 34 52 47 43 25 22 47 29 35 20 37 31 34 45
16 38 19 18 12 31 10 23 9 23 17 13 15 26 20 8 17 12 16 5 16 10 25 25 0 19 34 26 12 15 28 21 20 20 35 10 34 32 14 12 22 27 11 20 11 36 16 23 27 22 23 9 24 23 22 17 5 30 8 30 30
35 30 2 37 12 44 24 40 10 35 11 32 14 8 5 23 16 29 35 20 28 12 28 14 19 0 45 19 7 29 17 17 39 38 44 21 25 38 33 14 40 8 8 15 30 30 25 20 42 39 30 22 9 35 15 32 14 23 19 20 31
38 42 45 40 45 5 24 46 39 11 50 32 49 49 43 40 31 39 38 38 18 33 21 58 34 45 0 37 38 45 61 33 40 42 3 25 42 13 36 46 43 53 37 33 29 39 20 31 12 20 16 41 45 11 37 44 39 38 27 41 23
43 12 17 45 28 38 26 50 21 31 30 37 31 15 14 34 10 38 43 31 26 16 16 33 26 19 37 0 17 41 35 6 46 46 35 22 8 26 40 30 48 22 17 7 34 11 22 6 40 40 22 34 11 32 4 43 26 4 22 5 17
28 29 7 30 11 36 17 35 4 28 14 25 15 14 8 18 11 24 28 15 21 5 22 20 12 7 38 17 0 25 23 14 32 32 37 14 25 32 26 13 34 15 1 12 23 28 18 17 35 32 23 18 13 28 13 28 9 21 12 21 27
11 53 30 12 17 40 23 12 21 35 22 13 18 37 33 7 32 6 11 10 29 25 40 30 15 29 45 41 25 0 33 36 13 12 47 24 49 46 11 15 14 34 25 35 16 51 30 38 34 26 37 7 37 34 37 5 16 45 23 45 45
42 46 19 44 16 59 38 45 22 50 11 39 15 20 21 29 33 36 42 27 43 28 45 3 28 17 61 35 23 33 0 34 46 45 60 36 41 55 40 18 47 13 24 32 39 46 41 37 55 50 46 28 24 50 31 38 23 39 34 36 48
37 17 15 39 25 33 20 45 17 25 28 31 29 17 13 29 4 33 37 26 20 11 12 31 21 17 33 6 14 36 34 0 41 41 31 16 14 22 35 27 43 23 13 2 28 15 16 3 34 34 17 29 13 26 4 38 21 10 16 11 14
4 58 39 2 30 35 22 6 29 31 35 10 31 46 41 17 37 10 4 19 26 31 40 43 20 39 40 46 32 13 46 41 0 2 42 25 54 43 6 28 3 47 31 40 13 56 29 43 28 20 34 18 44 30 42 8 25 50 25 50 45
4 59 38 2 29 37 22 4 29 32 34 10 30 45 41 16 37 9 4 18 26 31 40 42 20 38 42 46 32 12 45 41 2 0 44 25 54 43 6 27 2 46 31 40 13 56 29 43 30 22 34 17 44 31 42 7 24 50 25 50 45
40 39 43 42 46 8 25 48 39 12 51 34 50 47 42 42 29 41 40 39 19 32 19 57 35 44 3 35 37 47 60 31 42 44 0 25 39 10 38 46 45 51 36 31 31 36 20 29 15 23 14 43 43 13 35 46 39 36 27 39 20
21 33 21 23 20 22 4 29 14 14 25 15 24 27 21 18 12 20 21 15 7 9 16 33 10 21 25 22 14 24 36 16 25 25 25 0 30 22 19 21 27 29 13 15 12 31 6 18 21 19 13 19 25 14 19 25 14 26 2 27 21
51 5 23 53 36 44 34 58 29 37 36 45 39 21 20 42 18 46 51 39 33 24 21 39 34 25 42 8 25 49 41 14 54 54 39 30 0 29 48 38 56 28 25 15 42 5 29 12 46 47 28 42 17 38 12 51 34 4 30 5 19
40 29 36 42 42 16 23 48 34 13 46 33 45 39 34 40 22 40 39 37 17 27 10 52 32 38 13 26 32 46 55 22 43 43 10 22 29 0 37 42 45 44 31 23 30 26 16 20 21 26 9 41 35 14 26 45 35 26 24 30 10
2 52 33 4 24 31 16 10 23 26 29 4 25 40 34 11 31 5 2 13 20 24 34 37 14 33 36 40 26 11 40 35 6 6 38 19 48 37 0 22 8 41 25 34 7 50 23 37 24 17 28 12 38 25 36 8 19 44 19 44 39
24 42 15 26 2 43 22 27 10 35 7 22 3 22 18 11 24 18 24 10 28 17 35 15 12 14 46 30 13 15 18 27 28 27 46 21 38 42 22 0 29 19 14 25 22 41 27 30 39 34 33 10 22 35 26 20 7 34 19 33 40
6 61 40 4 31 38 24 3 31 34 36 12 32 47 43 18 39 11 6 20 28 33 42 44 22 40 43 48 34 14 47 43 3 2 45 27 56 45 8 29 0 48 33 42 15 58 31 45 31 23 36 19 46 33 44 9 26 52 27 52 47
43 33 9 45 17 52 32 46 18 43 14 40 18 7 10 30 22 37 43 28 36 20 34 11 27 8 53 22 15 34 13 23 47 46 51 29 28 44 41 19 48 0 16 21 38 33 33 26 50 47 37 29 11 43 20 39 22 26 27 23 37
27 29 8 29 12 35 16 34 4 27 15 24 16 15 9 18 10 23 27 15 20 4 21 21 11 8 37 17 1 25 24 13 31 31 36 13 25 31 25 14 33 16 0 11 22 28 17 16 33 31 22 18 13 27 13 28 9 21 11 21 26
36 19 13 38 23 33 19 43 15 25 26 30 27 16 11 28 3 32 36 25 20 10 13 29 20 15 33 7 12 35 32 2 40 40 31 15 15 23 34 25 42 21 11 0 27 17 16 5 34 34 17 28 12 26 4 37 20 11 15 12 16
9 45 30 11 23 25 9 17 20 19 28 3 25 37 31 12 24 10 9 12 13 19 27 36 11 30 29 34 23 16 39 28 13 13 31 12 42 30 7 22 15 38 22 27 0 43 16 30 19 12 21 13 35 18 31 15 16 38 12 39 32
52 3 28 54 39 41 34 60 32 34 41 46 42 26 25 44 19 48 52 41 32 26 18 44 36 30 39 11 28 51 46 15 56 56 36 31 5 26 50 41 58 33 28 17 43 0 28 13 43 46 25 44 22 35 15 53 36 7 31 10 16
25 31 25 27 26 18 7 33 19 10 31 19 30 30 24 24 13 24 25 21 4 13 11 38 16 25 20 22 18 30 41 16 29 29 20 6 29 16 23 27 31 33 17 16 16 28 0 16 18 18 7 25 27 10 20 29 20 24 8 27 16
39 15 18 41 28 32 21 47 20 25 31 33 32 19 16 31 6 35 39 28 20 13 10 34 23 20 31 6 17 38 37 3 43 43 29 18 12 20 37 30 45 26 16 5 30 13 16 0 34 34 16 31 15 26 6 40 23 8 18 11 12
26 46 41 28 39 7 18 34 34 9 44 21 42 47 41 31 31 28 26 30 14 30 25 52 27 42 12 40 35 34 55 34 28 30 15 21 46 21 24 39 31 50 33 34 19 43 18 34 0 8 18 32 44 8 38 32 32 42 22 45 29
18 49 39 20 34 15 15 26 31 13 39 13 37 46 40 24 31 20 18 24 14 28 28 47 22 39 20 40 32 26 50 34 20 22 23 19 47 26 17 34 23 47 31 34 12 46 18 34 8 0 21 25 44 12 38 25 27 42 20 45 32
31 28 29 33 33 16 14 39 25 9 37 24 36 33 27 31 15 31 30 28 8 18 7 43 23 30 16 22 23 37 46 17 34 34 14 13 28 9 28 33 36 37 22 17 21 25 7 16 18 21 0 32 29 10 21 36 26 24 15 27 11
14 46 23 16 12 38 18 17 14 31 17 13 13 30 26 1 25 8 14 4 24 18 34 25 9 22 41 34 18 7 28 29 18 17 43 19 42 41 12 10 19 29 18 28 13 44 25 31 32 25 32 0 30 30 30 10 9 38 17 38 39
40 22 7 42 20 45 29 47 17 37 20 37 23 4 5 30 14 36 40 27 30 16 25 22 24 9 45 11 13 37 24 13 44 44 43 25 17 35 38 22 46 11 13 12 35 22 27 15 44 44 29 30 0 37 9 40 21 15 24 12 27
27 38 35 29 34 8 13 35 28 1 39 21 38 40 34 29 23 28 27 27 7 23 17 47 23 35 11 32 28 34 50 26 30 31 13 14 38 14 25 35 33 43 27 26 18 35 10 26 8 12 10 30 37 0 30 33 28 34 16 37 21
39 16 13 41 24 37 23 46 17 29 26 34 27 13 10 30 7 34 39 27 24 12 16 29 22 15 37 4 13 37 31 4 42 42 35 19 12 26 36 26 44 20 13 4 31 15 20 6 38 38 21 30 9 30 0 39 22 8 19 8 18
7 55 33 7 22 39 22 7 24 34 27 12 23 40 36 10 34 5 7 13 28 27 40 35 17 32 44 43 28 5 38 38 8 7 46 25 51 45 8 20 9 39 28 37 15 53 29 40 32 25 36 10 40 33 39 0 19 47 23 47 45
21 38 14 23 7 36 15 26 5 28 12 18 10 21 17 9 17 15 21 6 21 10 28 20 5 14 39 26 9 16 23 21 25 24 39 14 34 35 19 7 26 22 9 20 16 36 20 23 32 27 26 9 21 28 22 19 0 30 12 30 33
47 8 21 49 32 40 29 54 25 33 34 41 35 19 18 38 14 42 47 35 28 20 17 37 30 23 38 4 21 45 39 10 50 50 36 26 4 26 44 34 52 26 21 11 38 7 24 8 42 42 24 38 15 34 8 47 30 0 26 4 16
21 33 19 23 18 24 5 29 12 16 23 15 22 26 20 16 12 18 21 13 9 8 17 31 8 19 27 22 12 23 34 16 25 25 27 2 30 24 19 19 27 27 11 15 12 31 8 18 22 20 15 17 24 16 19 23 12 26 0 27 22
47 10 18 49 31 43 31 54 25 36 31 42 34 16 15 38 15 42 47 35 31 20 20 34 30 20 41 5 21 45 36 11 50 50 39 27 5 30 44 33 52 23 21 12 39 10 27 11 45 45 27 38 12 37 8 47 30 4 27 0 20
41 19 29 43 38 25 23 49 30 20 41 35 42 31 27 38 16 40 41 35 19 23 5 45 30 31 23 17 27 45 48 14 45 45 20 21 19 10 39 40 47 37 26 16 32 16 16 12 29 32 11 39 27 21 18 45 33 16 22 20 0
0         735      
536       679      
98        209      
0         61       
68        206      
242       382      
0         130      
0         91       
27        158      
244       347      
386       505      
0         123      
38        219      
509       617      
66        234      
18        186      
113       230      
0         105      
0         91       
37        161      
209       363      
0         145      
466       586      
387       541      
25        159      
75        200      
290       432      
104       247      
6         142      
0         47       
393       539      
190       332      
0         109      
0         79       
264       408      
208       319      
162       283      
307       447      
348       497      
69        187      
0         68       
390       522      
88        245      
127       231      
0         131      
174       313      
184       333      
130       260      
239       386      
235       366      
205       341      
412       588      
69        211      
281       401      
131       263      
0         112      
22        160      
146       272      
0         144      
152       258      
530       653      
