61
0 25 35 40 11 23 36 27 28 22 28 34 32 31 26 14 25 10 13 20 20 37 30 5 15 37 26 40 35 44 2 12 11 14 21 35 14 17 32 38 20 30 11 10 21 32 9 45 38 34 14 30 28 13 8 6 15 38 27 7 12
25 0 37 24 29 19 38 33 5 6 18 10 30 29 28 29 38 33 30 7 38 30 48 27 24 17 13 39 25 41 25 22 14 12 24 36 18 8 7 19 5 23 26 33 20 15 31 38 40 39 24 14 45 24 17 21 19 40 38 19 20
35 37 0 22 46 18 1 9 42 31 19 45 7 8 10 22 16 32 23 38 24 12 28 40 47 28 24 5 15 10 33 44 32 30 15 1 44 34 37 27 35 14 45 31 17 24 44 14 3 4 22 24 25 46 35 38 45 3 15 37 43
40 24 22 0 47 17 23 27 27 20 12 27 16 16 21 33 34 43 35 28 39 11 46 43 44 8 14 21 7 21 38 41 29 26 23 22 38 26 20 6 25 11 44 43 20 9 47 17 25 26 29 10 43 43 33 37 39 24 33 35 39
11 29 46 47 0 32 47 38 30 27 36 36 43 41 37 25 36 21 24 22 31 46 41 6 6 42 33 51 44 55 13 7 17 20 32 46 11 21 36 44 24 39 3 21 31 38 5 54 49 45 25 36 39 5 13 9 10 49 38 11 9
23 19 18 17 32 0 19 15 24 13 5 28 11 10 9 16 20 26 18 20 24 14 32 28 32 16 7 20 12 23 22 28 16 13 7 17 27 17 20 17 17 7 30 26 3 11 32 22 21 20 12 10 29 30 19 23 28 21 21 21 27
36 38 1 23 47 19 0 10 43 32 20 46 8 9 11 23 16 33 24 39 25 12 28 41 48 29 25 5 16 10 34 44 33 31 16 2 45 35 38 28 36 15 46 32 18 25 45 14 2 4 22 25 25 46 36 39 46 2 15 38 44
27 33 9 27 38 15 10 0 38 27 18 43 11 10 6 13 7 22 14 34 15 18 19 32 39 30 22 14 19 19 25 36 26 25 9 9 37 30 35 30 31 16 37 22 13 25 35 23 11 7 13 23 16 38 27 30 38 12 7 29 35
28 5 42 27 30 24 43 38 0 11 23 6 35 34 33 33 43 37 34 8 42 34 52 28 25 19 18 44 29 45 28 23 18 16 29 41 19 12 7 21 9 28 27 37 25 19 32 42 45 44 28 18 49 25 20 22 20 45 43 21 21
22 6 31 20 27 13 32 27 11 0 13 16 24 23 22 23 31 29 24 8 32 25 42 25 23 15 8 33 21 36 21 20 11 8 18 30 18 6 10 17 5 18 24 29 14 12 29 33 34 33 18 10 39 22 15 19 19 34 32 17 19
28 18 19 12 36 5 20 18 23 13 0 26 12 11 12 21 25 31 23 20 29 12 37 32 35 12 5 21 8 23 26 31 19 16 12 18 30 18 18 12 17 5 34 31 8 7 36 20 22 22 17 5 34 33 23 27 31 22 25 25 30
34 10 45 27 36 28 46 43 6 16 26 0 38 37 37 39 47 43 40 14 48 37 58 34 31 19 21 47 32 48 34 29 24 22 34 44 25 18 8 21 15 31 33 43 30 21 38 44 48 47 34 21 55 31 26 28 26 48 48 27 27
32 30 7 16 43 11 8 11 35 24 12 38 0 1 7 20 18 30 22 31 26 7 30 37 43 21 17 9 9 12 30 39 27 24 11 6 38 28 30 20 28 7 41 30 11 17 41 13 10 10 18 17 27 40 29 33 39 10 18 31 37
31 29 8 16 41 10 9 10 34 23 11 37 1 0 6 19 17 29 21 30 25 8 29 36 41 21 16 10 9 13 29 37 25 23 10 7 37 27 29 20 27 6 39 29 10 16 40 14 11 11 17 16 26 39 28 32 38 11 17 30 36
26 28 10 21 37 9 11 6 33 22 12 37 7 6 0 13 13 23 15 29 19 14 25 31 37 24 16 14 14 19 24 33 22 20 5 9 34 25 29 24 26 10 35 23 8 19 35 20 13 11 12 17 22 35 25 28 35 13 13 27 33
14 29 22 33 25 16 23 13 33 23 21 39 20 19 13 0 12 10 2 26 9 27 19 19 28 32 22 27 27 32 12 25 16 17 10 22 27 22 33 33 24 22 25 10 13 27 23 33 24 20 5 26 16 26 17 19 28 25 14 19 25
25 38 16 34 36 20 16 7 43 31 25 47 18 17 13 12 0 19 12 36 9 25 12 30 40 36 27 21 26 26 23 37 28 27 13 16 39 32 40 37 34 23 36 19 18 31 33 30 16 12 15 30 9 38 29 31 40 17 2 31 37
10 33 32 43 21 26 33 22 37 29 31 43 30 29 23 10 19 0 8 29 10 37 20 15 25 41 30 36 37 41 9 22 19 21 20 31 24 25 39 42 28 32 21 0 23 36 16 43 33 29 14 34 18 23 17 16 25 34 21 17 22
13 30 23 35 24 18 24 14 34 24 23 40 22 21 15 2 12 8 0 27 8 29 18 18 28 34 23 28 29 33 11 25 17 18 12 23 27 23 34 34 25 24 24 8 15 29 21 35 25 21 6 27 15 26 17 19 28 26 14 19 25
20 7 38 28 22 20 39 34 8 8 20 14 31 30 29 26 36 29 27 0 35 32 45 20 17 23 16 40 28 43 20 15 10 9 25 37 11 4 14 24 3 25 19 29 21 20 24 40 41 40 21 18 42 17 12 14 12 41 38 13 13
20 38 24 39 31 24 25 15 42 32 29 48 26 25 19 9 9 10 8 35 0 33 10 25 35 40 30 29 33 34 18 32 25 26 17 24 34 31 42 41 33 28 31 10 21 35 26 38 25 21 14 34 8 33 25 26 35 26 11 26 32
37 30 12 11 46 14 12 18 34 25 12 37 7 8 14 27 25 37 29 32 33 0 37 42 46 18 17 10 5 11 35 42 30 27 17 11 41 30 29 16 29 7 44 37 16 16 46 8 14 16 24 16 34 44 33 37 42 13 25 35 41
30 48 28 46 41 32 28 19 52 42 37 58 30 29 25 19 12 20 18 45 10 37 0 35 45 48 39 33 38 38 28 42 35 36 25 28 44 41 52 49 43 35 41 20 29 43 36 42 28 24 24 42 3 43 35 36 45 29 13 36 42
5 27 40 43 6 28 41 32 28 25 32 34 37 36 31 19 30 15 18 20 25 42 35 0 10 40 30 45 40 49 7 8 14 17 26 40 11 19 34 41 22 35 6 15 26 35 4 50 43 39 19 33 33 8 10 6 12 43 32 8 9
15 24 47 44 6 32 48 39 25 23 35 31 43 41 37 28 40 25 28 17 35 46 45 10 0 38 31 51 43 54 17 3 15 18 32 46 6 17 31 40 20 38 4 25 30 35 11 54 49 46 26 33 43 2 12 9 5 50 42 9 5
37 17 28 8 42 16 29 30 19 15 12 19 21 21 24 32 36 41 34 23 40 18 48 40 38 0 11 28 13 29 36 35 26 23 23 27 33 21 12 2 20 15 39 41 19 5 44 25 31 31 28 7 45 37 30 34 34 30 37 32 34
26 13 24 14 33 7 25 22 18 8 5 21 17 16 16 22 27 30 23 16 30 17 39 30 31 11 0 26 13 28 25 28 16 13 14 23 26 14 13 12 13 10 30 30 9 6 34 25 27 26 17 4 35 30 20 24 27 27 28 22 26
40 39 5 21 51 20 5 14 44 33 21 47 9 10 14 27 21 36 28 40 29 10 33 45 51 28 26 0 15 5 38 47 35 33 19 5 47 37 39 26 37 16 49 36 20 26 49 9 5 9 26 26 30 49 38 42 48 4 20 40 46
35 25 15 7 44 12 16 19 29 21 8 32 9 9 14 27 26 37 29 28 33 5 38 40 43 13 13 15 0 16 33 39 27 24 17 15 38 26 24 12 25 5 42 37 14 11 44 13 18 19 23 11 35 41 31 35 39 17 26 33 38
44 41 10 21 55 23 10 19 45 36 23 48 12 13 19 32 26 41 33 43 34 11 38 49 54 29 28 5 16 0 42 50 38 36 23 10 50 40 40 27 40 18 52 41 23 27 53 5 10 14 30 27 35 52 41 45 51 9 25 43 49
2 25 33 38 13 22 34 25 28 21 26 34 30 29 24 12 23 9 11 20 18 35 28 7 17 36 25 38 33 42 0 14 11 13 19 33 16 17 31 37 20 28 13 9 19 31 11 43 36 32 12 29 26 15 8 8 17 36 25 8 14
12 22 44 41 7 28 44 36 23 20 31 29 39 37 33 25 37 22 25 15 32 42 42 8 3 35 28 47 39 50 14 0 12 15 28 42 4 14 29 37 17 35 4 22 27 32 10 50 45 43 22 30 40 2 8 6 4 46 39 6 2
11 14 32 29 17 16 33 26 18 11 19 24 27 25 22 16 28 19 17 10 25 30 35 14 15 26 16 35 27 38 11 12 0 3 17 31 12 6 21 27 9 23 14 19 15 21 18 38 34 32 13 19 32 14 4 8 13 35 30 6 11
14 12 30 26 20 13 31 25 16 8 16 22 24 23 20 17 27 21 18 9 26 27 36 17 18 23 13 33 24 36 13 15 3 0 16 29 14 5 18 24 7 20 17 21 13 18 21 35 33 31 12 16 33 17 7 11 15 33 29 9 14
21 24 15 23 32 7 16 9 29 18 12 34 11 10 5 10 13 20 12 25 17 17 25 26 32 23 14 19 17 23 19 28 17 16 0 14 29 21 27 24 22 12 30 20 5 18 30 24 17 15 7 17 22 30 20 23 30 18 14 22 28
35 36 1 22 46 17 2 9 41 30 18 44 6 7 9 22 16 31 23 37 24 11 28 40 46 27 23 5 15 10 33 42 31 29 14 0 43 33 36 26 34 13 44 31 16 23 44 14 4 5 21 23 25 44 34 37 44 4 15 36 42
14 18 44 38 11 27 45 37 19 18 30 25 38 37 34 27 39 24 27 11 34 41 44 11 6 33 26 47 38 50 16 4 12 14 29 43 0 12 25 35 14 34 8 24 27 30 14 49 46 44 24 28 42 6 10 8 1 47 41 8 2
17 8 34 26 21 17 35 30 12 6 18 18 28 27 25 22 32 25 23 4 31 30 41 19 17 21 14 37 26 40 17 14 6 5 21 33 12 0 15 23 3 23 18 25 17 18 23 38 37 36 17 16 38 16 9 13 13 37 34 11 13
32 7 37 20 36 20 38 35 7 10 18 8 30 29 29 33 40 39 34 14 42 29 52 34 31 12 13 39 24 40 31 29 21 18 27 36 25 15 0 14 12 23 33 39 22 13 38 36 40 39 28 13 48 31 24 28 26 40 41 26 27
38 19 27 6 44 17 28 30 21 17 12 21 20 20 24 33 37 42 34 24 41 16 49 41 40 2 12 26 12 27 37 37 27 24 24 26 35 23 14 0 21 14 41 42 20 6 45 23 30 30 28 8 46 39 31 35 36 29 37 33 36
20 5 35 25 24 17 36 31 9 5 17 15 28 27 26 24 34 28 25 3 33 29 43 22 20 20 13 37 25 40 20 17 9 7 22 34 14 3 12 21 0 22 21 28 18 17 26 37 38 37 19 15 40 19 12 16 15 38 36 14 15
30 23 14 11 39 7 15 16 28 18 5 31 7 6 10 22 23 32 24 25 28 7 35 35 38 15 10 16 5 18 28 35 23 20 12 13 34 23 23 14 22 0 37 32 9 10 39 15 17 17 18 10 32 37 26 30 35 17 23 28 34
11 26 45 44 3 30 46 37 27 24 34 33 41 39 35 25 36 21 24 19 31 44 41 6 4 39 30 49 42 52 13 4 14 17 30 44 8 18 33 41 21 37 0 21 29 35 7 52 47 44 24 33 39 2 10 7 7 48 38 8 6
10 33 31 43 21 26 32 22 37 29 31 43 30 29 23 10 19 0 8 29 10 37 20 15 25 41 30 36 37 41 9 22 19 21 20 31 24 25 39 42 28 32 21 0 23 36 16 43 33 29 14 34 18 23 17 16 25 34 21 17 22
21 20 17 20 31 3 18 13 25 14 8 30 11 10 8 13 18 23 15 21 21 16 29 26 30 19 9 20 14 23 19 27 15 13 5 16 27 17 22 20 18 9 29 23 0 14 30 24 20 19 9 13 26 29 18 22 28 20 19 20 26
32 15 24 9 38 11 25 25 19 12 7 21 17 16 19 27 31 36 29 20 35 16 43 35 35 5 6 26 11 27 31 32 21 18 18 23 30 18 13 6 17 10 35 36 14 0 39 23 27 27 23 2 40 34 25 29 31 27 32 27 31
9 31 44 47 5 32 45 35 32 29 36 38 41 40 35 23 33 16 21 24 26 46 36 4 11 44 34 49 44 53 11 10 18 21 30 44 14 23 38 45 26 39 7 16 30 39 0 54 46 42 23 37 34 9 14 10 14 47 35 12 12
45 38 14 17 54 22 14 23 42 33 20 44 13 14 20 33 30 43 35 40 38 8 42 50 54 25 25 9 13 5 43 50 38 35 24 14 49 38 36 23 37 15 52 43 24 23 54 0 14 18 31 24 39 52 41 45 50 13 29 43 49
38 40 3 25 49 21 2 11 45 34 22 48 10 11 13 24 16 33 25 41 25 14 28 43 49 31 27 5 18 10 36 45 34 33 17 4 46 37 40 30 38 17 47 33 20 27 46 14 0 4 24 27 25 47 37 40 47 1 15 39 45
34 39 4 26 45 20 4 7 44 33 22 47 10 11 11 20 12 29 21 40 21 16 24 39 46 31 26 9 19 14 32 43 32 31 15 5 44 36 39 30 37 17 44 29 19 27 42 18 4 0 20 27 21 45 34 37 45 5 11 36 42
14 24 22 29 25 12 22 13 28 18 17 34 18 17 12 5 15 14 6 21 14 24 24 19 26 28 17 26 23 30 12 22 13 12 7 21 24 17 28 28 19 18 24 14 9 23 23 31 24 20 0 21 21 24 14 17 25 24 17 16 22
30 14 24 10 36 10 25 23 18 10 5 21 17 16 17 26 30 34 27 18 34 16 42 33 33 7 4 26 11 27 29 30 19 16 17 23 28 16 13 8 15 10 33 34 13 2 37 24 27 27 21 0 39 32 23 27 29 27 30 25 29
28 45 25 43 39 29 25 16 49 39 34 55 27 26 22 16 9 18 15 42 8 34 3 33 43 45 35 30 35 35 26 40 32 33 22 25 42 38 48 46 40 32 39 18 26 40 34 39 25 21 21 39 0 41 32 34 43 26 10 34 40
13 24 46 43 5 30 46 38 25 22 33 31 40 39 35 26 38 23 26 17 33 44 43 8 2 37 30 49 41 52 15 2 14 17 30 44 6 16 31 39 19 37 2 23 29 34 9 52 47 45 24 32 41 0 10 7 5 48 40 8 4
8 17 35 33 13 19 36 27 20 15 23 26 29 28 25 17 29 17 17 12 25 33 35 10 12 30 20 38 31 41 8 8 4 7 20 34 10 9 24 31 12 26 10 17 18 25 14 41 37 34 14 23 32 10 0 4 11 38 31 2 8
6 21 38 37 9 23 39 30 22 19 27 28 33 32 28 19 31 16 19 14 26 37 36 6 9 34 24 42 35 45 8 6 8 11 23 37 8 13 28 35 16 30 7 16 22 29 10 45 40 37 17 27 34 7 4 0 9 41 33 2 6
15 19 45 39 10 28 46 38 20 19 31 26 39 38 35 28 40 25 28 12 35 42 45 12 5 34 27 48 39 51 17 4 13 15 30 44 1 13 26 36 15 35 7 25 28 31 14 50 47 45 25 29 43 5 11 9 0 48 42 9 3
38 40 3 24 49 21 2 12 45 34 22 48 10 11 13 25 17 34 26 41 26 13 29 43 50 30 27 4 17 9 36 46 35 33 18 4 47 37 40 29 38 17 48 34 20 27 47 13 1 5 24 27 26 48 38 41 48 0 16 40 46
27 38 15 33 38 21 15 7 43 32 25 48 18 17 13 14 2 21 14 38 11 25 13 32 42 37 28 20 26 25 25 39 30 29 14 15 41 34 41 37 36 23 38 21 19 32 35 29 15 11 17 30 10 40 31 33 42 16 0 33 39
7 19 37 35 11 21 38 29 21 17 25 27 31 30 27 19 31 17 19 13 26 35 36 8 9 32 22 40 33 43 8 6 6 9 22 36 8 11 26 33 14 28 8 17 20 27 12 43 39 36 16 25 34 8 2 2 9 40 33 0 6
12 20 43 39 9 27 44 35 21 19 30 27 37 36 33 25 37 22 25 13 32 41 42 9 5 34 26 46 38 49 14 2 11 14 28 42 2 13 27 36 15 34 6 22 26 31 12 49 45 42 22 29 40 4 8 6 3 46 39 6 0
0         765      
0         209      
135       369      
179       443      
0         84       
61        185      
126       335      
67        242      
16        157      
0         208      
0         235      
466       729      
120       324      
176       355      
153       388      
315       457      
86        257      
230       499      
98        209      
0         220      
52        285      
113       354      
391       550      
0         86       
0         124      
229       455      
0         232      
128       323      
236       393      
164       324      
285       505      
0         149      
0         206      
309       501      
2         279      
99        277      
0         109      
0         212      
0         202      
570       716      
283       454      
0         261      
353       585      
320       514      
84        220      
183       467      
0         95       
198       382      
80        259      
93        273      
10        229      
255       394      
414       672      
0         114      
0         175      
0         160      
0         154      
86        358      
60        301      
237       499      
550       712      
