61
0 11 30 10 15 19 5 14 28 10 35 37 6 9 11 14 23 9 23 15 27 26 21 27 30 7 22 34 28 42 23 17 19 5 8 22 33 20 4 33 31 29 12 21 26 23 21 20 6 25 31 11 16 18 7 29 8 20 18 17 14
11 0 20 1 24 28 8 25 17 14 26 27 5 19 13 18 20 10 21 14 21 17 31 20 21 18 12 28 19 32 28 14 29 6 10 11 22 18 7 24 24 18 19 14 30 12 19 19 12 18 32 14 22 19 9 22 9 9 28 27 13
30 20 0 20 37 40 25 43 15 34 7 7 24 39 23 38 13 30 20 32 34 4 51 7 28 34 21 13 2 12 35 16 49 25 30 16 19 35 26 4 32 6 39 9 33 11 16 20 31 30 30 34 33 25 24 7 29 13 47 47 19
10 1 20 0 23 26 7 24 18 14 26 27 4 19 12 18 19 10 20 15 22 17 31 19 22 17 13 27 19 32 27 13 29 5 10 12 23 19 6 24 25 19 19 13 28 13 18 18 11 19 31 14 21 18 8 21 9 10 27 27 12
15 24 37 23 0 4 16 14 41 24 44 44 20 17 14 26 27 24 21 30 42 33 25 33 45 9 36 37 37 49 12 21 21 19 23 35 46 35 19 40 46 40 23 28 16 36 24 20 21 40 23 25 6 14 15 34 23 33 22 21 18
19 28 40 26 4 0 20 17 44 28 47 46 24 21 17 30 28 28 22 34 46 36 28 35 48 13 39 38 40 51 10 24 24 23 27 38 49 39 23 43 50 43 27 31 14 39 25 21 25 44 21 29 7 15 18 35 27 36 25 24 21
5 8 25 7 16 20 0 19 25 14 31 32 4 14 7 18 19 11 19 16 27 21 26 22 29 10 20 30 24 37 22 13 24 3 11 19 30 21 5 29 31 25 17 16 24 20 17 16 10 25 27 15 15 14 3 24 10 17 23 22 10
14 25 43 24 14 17 19 0 42 16 49 50 20 7 21 16 35 20 32 24 37 39 11 41 43 9 36 46 42 55 26 29 7 19 19 36 47 28 18 47 43 43 13 35 30 37 33 30 16 37 36 17 19 26 19 42 20 34 8 7 25
28 17 15 18 41 44 25 42 0 28 16 21 22 36 27 32 25 24 30 23 19 16 46 21 13 35 8 27 13 24 42 23 45 23 24 6 5 23 24 18 17 9 33 18 42 6 26 28 27 15 41 28 37 32 26 22 23 8 43 43 25
10 14 34 14 24 28 14 16 28 0 40 41 11 9 21 4 32 5 33 8 21 31 17 33 27 15 21 41 33 46 33 26 18 11 4 22 32 12 9 38 27 32 5 27 36 26 31 30 4 21 41 1 26 28 17 35 5 22 16 16 24
35 26 7 26 44 47 31 49 16 40 0 5 30 44 30 44 20 35 27 36 35 11 56 13 29 41 23 16 7 8 42 23 54 31 36 19 19 38 32 4 33 8 45 16 40 14 23 27 37 31 36 40 40 32 30 12 34 17 53 52 26
37 27 7 27 44 46 32 50 21 41 5 0 31 46 30 45 18 37 25 39 40 11 58 11 34 41 27 11 8 5 40 22 56 32 37 22 24 41 33 3 38 12 46 16 38 17 21 25 38 36 33 41 38 30 31 10 36 19 54 54 25
6 5 24 4 20 24 4 20 22 11 30 31 0 14 11 15 21 8 22 13 24 21 26 23 25 13 16 31 23 36 26 15 24 1 8 16 27 18 2 28 27 23 15 17 28 17 20 19 7 21 31 12 19 18 7 25 7 14 23 22 13
9 19 39 19 17 21 14 7 36 9 44 46 14 0 19 9 32 13 31 17 30 35 12 36 36 9 29 43 37 50 28 26 10 14 12 30 40 21 12 42 36 37 6 30 32 31 30 28 9 30 38 10 21 25 16 38 13 28 9 8 23
11 13 23 12 14 17 7 21 27 21 30 30 11 19 0 25 14 18 12 23 34 19 31 19 34 12 25 25 23 35 15 8 28 10 18 22 32 28 12 27 37 26 23 14 17 22 12 9 17 31 20 22 10 7 4 21 17 19 28 27 5
14 18 38 18 26 30 18 16 32 4 44 45 15 9 25 0 36 9 37 10 23 35 15 37 29 17 24 45 37 50 36 30 16 15 8 26 35 13 13 42 29 36 3 31 40 30 35 34 8 23 45 4 29 32 21 39 9 26 14 14 28
23 20 13 19 27 28 19 35 25 32 20 18 21 32 14 36 0 29 7 34 39 10 44 7 35 26 27 11 14 23 22 6 42 21 29 22 30 38 23 16 39 18 35 7 20 19 3 7 28 36 17 33 20 12 16 8 28 19 41 40 9
9 10 30 10 24 28 11 20 24 5 35 37 8 13 18 9 29 0 30 6 19 27 22 29 23 15 16 37 29 42 32 23 22 8 1 18 27 11 6 34 23 27 10 23 35 21 28 27 4 17 38 5 25 25 14 31 1 18 20 20 21
23 21 20 20 21 22 19 32 30 33 27 25 22 31 12 37 7 30 0 35 42 16 42 14 40 23 31 16 20 30 15 8 39 22 30 27 35 39 24 23 44 24 35 12 13 24 4 3 29 39 11 34 15 7 16 15 29 24 39 38 9
15 14 32 15 30 34 16 24 23 8 36 39 13 17 23 10 34 6 35 0 13 30 25 34 19 21 15 42 30 44 38 28 26 13 7 18 25 5 12 35 19 28 13 28 40 22 33 32 10 13 43 7 31 30 19 36 7 19 24 24 26
27 21 34 22 42 46 27 37 19 21 35 40 24 30 34 23 39 19 42 13 0 33 38 38 8 34 13 46 32 43 49 35 39 24 20 18 18 10 24 37 6 28 26 32 50 23 39 40 23 4 53 20 42 40 30 40 19 21 37 37 34
26 17 4 17 33 36 21 39 16 31 11 11 21 35 19 35 10 27 16 30 33 0 47 5 28 30 20 13 4 16 31 12 45 21 27 15 21 33 23 8 31 8 36 5 29 10 12 16 28 29 27 31 29 21 20 7 26 12 44 43 15
21 31 51 31 25 28 26 11 46 17 56 58 26 12 31 15 44 22 42 25 38 47 0 48 44 19 38 55 49 62 37 38 4 26 21 39 49 28 24 54 44 49 12 42 41 43 42 40 19 38 47 18 30 36 28 50 22 39 3 4 35
27 20 7 19 33 35 22 41 21 33 13 11 23 36 19 37 7 29 14 34 38 5 48 0 33 31 25 8 8 16 29 11 46 24 29 20 26 38 25 9 36 13 38 6 27 15 10 14 30 34 23 33 27 19 21 2 28 17 45 44 14
30 21 28 22 45 48 29 43 13 27 29 34 25 36 34 29 35 23 40 19 8 28 44 33 0 37 9 40 26 37 49 32 45 26 24 13 10 16 26 31 4 22 32 28 50 18 36 37 27 6 50 26 43 40 30 35 23 16 43 43 33
7 18 34 17 9 13 10 9 35 15 41 41 13 9 12 17 26 15 23 21 34 30 19 31 37 0 29 37 33 46 19 19 16 12 15 29 40 26 11 38 38 35 14 25 23 30 23 21 12 32 29 16 12 17 10 32 15 27 16 15 16
22 12 21 13 36 39 20 36 8 21 23 27 16 29 25 24 27 16 31 15 13 20 38 25 9 29 0 33 19 31 40 23 38 17 17 5 11 15 18 24 13 15 26 20 41 10 27 28 20 9 41 20 34 31 21 27 16 8 36 36 24
34 28 13 27 37 38 30 46 27 41 16 11 31 43 25 45 11 37 16 42 46 13 55 8 40 37 33 0 14 15 31 17 53 32 37 28 32 46 33 12 44 19 46 14 28 23 14 18 38 42 23 41 31 23 27 6 36 25 52 51 20
28 19 2 19 37 40 24 42 13 33 7 8 23 37 23 37 14 29 20 30 32 4 49 8 26 33 19 14 0 13 35 16 47 24 29 14 18 33 25 5 30 5 38 9 33 9 16 20 30 28 31 33 33 25 23 9 28 11 46 45 19
42 32 12 32 49 51 37 55 24 46 8 5 36 50 35 50 23 42 30 44 43 16 62 16 37 46 31 15 13 0 45 27 60 37 42 27 27 46 38 8 41 16 51 21 43 22 26 30 43 39 38 46 43 35 36 15 41 24 59 58 30
23 28 35 27 12 10 22 26 42 33 42 40 26 28 15 36 22 32 15 38 49 31 37 29 49 19 40 31 35 45 0 19 33 25 31 37 47 43 26 38 52 38 33 26 4 36 19 15 29 46 11 34 7 10 19 30 31 34 34 33 17
17 14 16 13 21 24 13 29 23 26 23 22 15 26 8 30 6 23 8 28 35 12 38 11 32 19 23 17 16 27 19 0 35 15 23 19 28 32 17 19 36 19 29 7 18 17 5 5 22 31 18 27 17 9 10 13 22 16 35 34 3
19 29 49 29 21 24 24 7 45 18 54 56 24 10 28 16 42 22 39 26 39 45 4 46 45 16 38 53 47 60 33 35 0 24 21 39 49 29 22 52 45 47 13 40 37 41 39 37 18 39 43 19 26 33 26 48 22 38 2 2 32
5 6 25 5 19 23 3 19 23 11 31 32 1 14 10 15 21 8 22 13 24 21 26 24 26 12 17 32 24 37 25 15 24 0 8 17 28 18 2 29 28 24 14 18 27 18 20 19 7 22 30 12 18 17 6 26 7 15 23 22 13
8 10 30 10 23 27 11 19 24 4 36 37 8 12 18 8 29 1 30 7 20 27 21 29 24 15 17 37 29 42 31 23 21 8 0 18 28 12 6 34 24 28 9 23 34 22 28 27 3 18 38 4 24 25 14 31 1 18 19 19 21
22 11 16 12 35 38 19 36 6 22 19 22 16 30 22 26 22 18 27 18 18 15 39 20 13 29 5 28 14 27 37 19 39 17 18 0 11 20 18 19 17 11 27 15 37 5 23 24 21 14 37 22 32 27 20 22 17 3 37 37 20
33 22 19 23 46 49 30 47 5 32 19 24 27 40 32 35 30 27 35 25 18 21 49 26 10 40 11 32 18 27 47 28 49 28 28 11 0 25 29 21 14 13 37 23 46 11 31 33 31 15 46 31 42 37 31 26 27 13 47 47 30
20 18 35 19 35 39 21 28 23 12 38 41 18 21 28 13 38 11 39 5 10 33 28 38 16 26 15 46 33 46 43 32 29 18 12 20 25 0 17 38 16 30 16 32 45 25 37 37 14 10 48 11 36 35 24 40 12 22 27 27 31
4 7 26 6 19 23 5 18 24 9 32 33 2 12 12 13 23 6 24 12 24 23 24 25 26 11 18 33 25 38 26 17 22 2 6 18 29 17 0 30 27 25 12 19 29 19 22 21 5 21 32 10 19 19 8 27 5 16 21 20 15
33 24 4 24 40 43 29 47 18 38 4 3 28 42 27 42 16 34 23 35 37 8 54 9 31 38 24 12 5 8 38 19 52 29 34 19 21 38 30 0 35 9 42 13 36 14 19 23 35 33 32 38 36 28 28 8 33 16 51 50 22
31 24 32 25 46 50 31 43 17 27 33 38 27 36 37 29 39 23 44 19 6 31 44 36 4 38 13 44 30 41 52 36 45 28 24 17 14 16 27 35 0 26 32 32 53 21 40 41 27 6 54 26 46 43 33 38 24 20 43 43 36
29 18 6 19 40 43 25 43 9 32 8 12 23 37 26 36 18 27 24 28 28 8 49 13 22 35 15 19 5 16 38 19 47 24 28 11 13 30 25 9 26 0 37 12 37 6 20 23 30 24 35 32 36 28 25 13 26 9 46 45 22
12 19 39 19 23 27 17 13 33 5 45 46 15 6 23 3 35 10 35 13 26 36 12 38 32 14 26 46 38 51 33 29 13 14 9 27 37 16 12 42 32 37 0 31 37 31 33 32 7 26 43 6 26 30 19 39 10 27 11 11 26
21 14 9 13 28 31 16 35 18 27 16 16 17 30 14 31 7 23 12 28 32 5 42 6 28 25 20 14 9 21 26 7 40 18 23 15 23 32 19 13 32 12 31 0 24 12 8 11 24 29 23 27 24 16 15 8 22 12 39 38 10
26 30 33 28 16 14 24 30 42 36 40 38 28 32 17 40 20 35 13 40 50 29 41 27 50 23 41 28 33 43 4 18 37 27 34 37 46 45 29 36 53 37 37 24 0 35 17 13 32 47 7 37 11 10 21 28 34 34 38 37 17
23 12 11 13 36 39 20 37 6 26 14 17 17 31 22 30 19 21 24 22 23 10 43 15 18 30 10 23 9 22 36 17 41 18 22 5 11 25 19 14 21 6 31 12 35 0 20 22 24 19 35 26 32 26 21 17 20 3 40 39 19
21 19 16 18 24 25 17 33 26 31 23 21 20 30 12 35 3 28 4 33 39 12 42 10 36 23 27 14 16 26 19 5 39 20 28 23 31 37 22 19 40 20 33 8 17 20 0 4 27 36 15 32 17 9 14 11 27 20 39 38 7
20 19 20 18 20 21 16 30 28 30 27 25 19 28 9 34 7 27 3 32 40 16 40 14 37 21 28 18 20 30 15 5 37 19 27 24 33 37 21 23 41 23 32 11 13 22 4 0 26 36 13 31 13 5 13 15 26 21 37 36 6
6 12 31 11 21 25 10 16 27 4 37 38 7 9 17 8 28 4 29 10 23 28 19 30 27 12 20 38 30 43 29 22 18 7 3 21 31 14 5 35 27 30 7 24 32 24 27 26 0 21 37 5 22 24 13 32 4 21 17 17 20
25 18 30 19 40 44 25 37 15 21 31 36 21 30 31 23 36 17 39 13 4 29 38 34 6 32 9 42 28 39 46 31 39 22 18 14 15 10 21 33 6 24 26 29 47 19 36 36 21 0 49 20 40 37 27 36 18 17 37 37 31
31 32 30 31 23 21 27 36 41 41 36 33 31 38 20 45 17 38 11 43 53 27 47 23 50 29 41 23 31 38 11 18 43 30 38 37 46 48 32 32 54 35 43 23 7 35 15 13 37 49 0 42 17 13 24 24 37 34 44 43 19
11 14 34 14 25 29 15 17 28 1 40 41 12 10 22 4 33 5 34 7 20 31 18 33 26 16 20 41 33 46 34 27 19 12 4 22 31 11 10 38 26 32 6 27 37 26 32 31 5 20 42 0 27 29 18 35 5 22 17 17 25
16 22 33 21 6 7 15 19 37 26 40 38 19 21 10 29 20 25 15 31 42 29 30 27 43 12 34 31 33 43 7 17 26 18 24 32 42 36 19 36 46 36 26 24 11 32 17 13 22 40 17 27 0 8 13 28 24 29 27 26 14
18 19 25 18 14 15 14 26 32 28 32 30 18 25 7 32 12 25 7 30 40 21 36 19 40 17 31 23 25 35 10 9 33 17 25 27 37 35 19 28 43 28 30 16 10 26 9 5 24 37 13 29 8 0 11 20 24 24 33 32 7
7 9 24 8 15 18 3 19 26 17 30 31 7 16 4 21 16 14 16 19 30 20 28 21 30 10 21 27 23 36 19 10 26 6 14 20 31 24 8 28 33 25 19 15 21 21 14 13 13 27 24 18 13 11 0 23 13 18 25 24 7
29 22 7 21 34 35 24 42 22 35 12 10 25 38 21 39 8 31 15 36 40 7 50 2 35 32 27 6 9 15 30 13 48 26 31 22 26 40 27 8 38 13 39 8 28 17 11 15 32 36 24 35 28 20 23 0 30 19 47 46 16
8 9 29 9 23 27 10 20 23 5 34 36 7 13 17 9 28 1 29 7 19 26 22 28 23 15 16 36 28 41 31 22 22 7 1 17 27 12 5 33 24 26 10 22 34 20 27 26 4 18 37 5 24 24 13 30 0 17 20 20 20
20 9 13 10 33 36 17 34 8 22 17 19 14 28 19 26 19 18 24 19 21 12 39 17 16 27 8 25 11 24 34 16 38 15 18 3 13 22 16 16 20 9 27 12 34 3 20 21 21 17 34 22 29 24 18 19 17 0 37 36 17
18 28 47 27 22 25 23 8 43 16 53 54 23 9 28 14 41 20 39 24 37 44 3 45 43 16 36 52 46 59 34 35 2 23 19 37 47 27 21 51 43 46 11 39 38 40 39 37 17 37 44 17 27 33 25 47 20 37 0 1 32
17 27 47 27 21 24 22 7 43 16 52 54 22 8 27 14 40 20 38 24 37 43 4 44 43 15 36 51 45 58 33 34 2 22 19 37 47 27 20 50 43 45 11 38 37 39 38 36 17 37 43 17 26 32 24 46 20 36 1 0 31
14 13 19 12 18 21 10 25 25 24 26 25 13 23 5 28 9 21 9 26 34 15 35 14 33 16 24 20 19 30 17 3 32 13 21 20 30 31 15 22 36 22 26 10 17 19 7 6 20 31 19 25 14 7 7 16 20 17 32 31 0
0         651      
321       426      
177       298      
283       415      
68        191      
98        210      
0         73       
18        151      
277       388      
0         86       
187       310      
208       311      
0         77       
55        181      
423       559      
0         93       
157       287      
0         97       
143       265      
0         98       
351       471      
172       298      
23        135      
161       277      
345       460      
57        162      
268       384      
213       334      
184       295      
201       328      
130       249      
150       264      
21        140      
300       411      
0         101      
264       390      
385       494      
355       470      
0         81       
223       350      
475       591      
188       307      
2         127      
241       358      
106       230      
259       372      
135       253      
145       263      
0         68       
337       455      
114       227      
0         88       
90        196      
509       633      
310       418      
402       531      
0         91       
277       410      
17        120      
29        154      
502       633      
