61
0 1 18 16 25 22 3 32 36 19 15 24 18 24 16 33 34 1 25 7 26 39 26 42 30 10 26 16 36 22 32 40 12 7 33 22 6 20 24 17 44 38 25 4 40 31 27 14 40 26 8 5 17 17 37 19 19 3 20 20 20
1 0 18 15 26 22 4 32 36 18 16 24 19 23 15 33 34 1 26 6 27 39 25 43 29 11 26 17 36 22 33 40 11 7 33 23 6 20 24 18 45 38 25 4 40 31 27 14 40 25 9 5 16 18 37 18 20 3 20 21 21
18 18 0 7 39 18 19 17 20 20 33 10 21 8 19 34 18 19 29 13 29 40 9 39 11 28 16 30 26 9 36 24 9 21 24 36 12 14 11 22 39 22 7 22 39 21 13 5 33 8 26 13 7 29 27 24 25 21 12 37 34
16 15 7 0 41 23 19 24 27 13 31 17 25 8 13 39 25 16 33 9 33 45 10 45 15 26 23 30 33 16 40 30 5 17 31 36 12 19 18 26 45 29 11 19 44 28 20 9 40 10 24 12 1 31 34 18 29 18 18 36 34
25 26 39 41 0 30 22 46 48 44 10 39 24 47 41 29 47 25 23 32 24 33 48 40 50 16 37 9 43 38 25 54 35 31 39 4 27 32 38 22 44 49 46 23 35 39 41 34 41 47 17 28 40 10 44 43 19 25 32 5 5
22 22 18 23 30 0 20 16 18 35 28 11 6 26 33 16 17 23 11 23 11 22 27 22 26 27 7 21 15 11 18 24 22 29 11 26 18 4 9 8 23 19 24 25 21 10 11 14 18 26 25 19 24 19 16 38 11 25 6 29 24
3 4 19 19 22 20 0 31 35 22 14 23 16 26 19 30 33 3 23 10 24 36 28 40 30 9 25 13 35 21 29 39 14 10 31 19 7 19 23 15 42 37 26 5 37 30 26 15 38 27 7 7 20 14 36 22 16 5 19 18 17
32 32 17 24 46 16 31 0 4 37 42 8 22 19 36 29 2 33 26 29 26 33 19 29 15 39 9 37 13 10 32 8 25 37 13 42 26 14 8 24 27 6 16 36 32 11 5 18 22 18 37 27 23 35 13 41 27 35 13 45 40
36 36 20 27 48 18 35 4 0 40 45 12 24 23 39 28 2 37 27 33 26 31 22 27 18 42 11 39 11 14 31 7 29 41 11 44 30 17 12 26 25 2 19 40 30 10 9 22 20 21 40 31 27 37 11 44 29 39 16 47 42
19 18 20 13 44 35 22 37 40 0 34 30 34 21 3 49 38 19 42 13 42 55 23 57 28 28 36 35 46 29 49 43 13 13 44 41 18 32 31 33 58 42 24 21 56 41 33 21 52 23 27 17 14 36 47 5 36 19 30 39 39
15 16 33 31 10 28 14 42 45 34 0 35 22 39 31 32 44 15 25 22 26 37 41 42 44 6 35 7 43 34 29 50 27 21 39 8 21 29 34 20 46 47 40 13 39 38 37 29 43 41 7 20 32 10 44 33 19 15 29 5 7
24 24 10 17 39 11 23 8 12 30 35 0 16 16 29 27 10 25 22 21 22 32 16 29 15 32 6 30 16 2 29 16 18 29 14 35 18 8 2 18 29 14 13 28 31 12 3 10 23 15 30 19 17 28 17 34 21 27 6 38 33
18 19 21 25 24 6 16 22 24 34 22 16 0 29 31 15 23 19 8 20 8 21 30 24 30 21 13 15 21 15 15 30 22 25 17 20 15 8 14 2 26 25 27 21 22 16 17 16 22 29 19 16 26 13 22 35 5 21 10 23 18
24 23 8 8 47 26 26 19 23 21 39 16 29 0 21 42 20 24 37 17 37 47 2 45 7 34 22 38 32 15 44 23 13 25 30 44 20 22 17 30 45 24 3 27 46 27 18 13 39 2 32 19 7 37 32 26 33 26 20 44 42
16 15 19 13 41 33 19 36 39 3 31 29 31 21 0 46 37 16 39 10 39 52 23 55 28 25 34 32 45 27 46 43 11 10 42 38 15 30 29 30 56 41 24 18 53 39 32 19 50 23 24 14 14 33 45 5 33 16 28 36 36
33 33 34 39 29 16 30 29 28 49 32 27 15 42 46 0 29 33 7 35 7 6 43 11 42 33 21 25 19 27 4 35 37 40 17 26 30 20 25 15 15 29 40 34 7 18 26 30 13 42 31 31 40 22 19 50 14 35 22 31 26
34 34 18 25 47 17 33 2 2 38 44 10 23 20 37 29 0 35 27 31 27 33 20 29 16 41 10 38 13 12 32 7 27 39 13 43 28 16 10 25 27 4 17 38 32 11 7 20 22 19 39 29 25 36 13 42 28 37 15 46 41
1 1 19 16 25 23 3 33 37 19 15 25 19 24 16 33 35 0 26 7 27 39 26 43 30 10 27 16 37 23 32 41 12 7 34 22 7 21 25 18 45 39 26 3 40 32 28 15 41 26 8 6 17 17 38 19 19 2 21 20 20
25 26 29 33 23 11 23 26 27 42 25 22 8 37 39 7 27 26 0 28 1 13 38 18 37 25 17 18 20 22 7 34 30 32 17 20 23 15 20 8 21 28 35 27 14 17 22 24 18 37 24 24 34 15 21 43 7 28 17 25 20
7 6 13 9 32 23 10 29 33 13 22 21 20 17 10 35 31 7 28 0 28 41 19 44 24 17 25 23 36 19 35 37 5 8 32 29 5 20 21 20 46 35 20 10 42 31 24 11 41 19 15 4 10 24 37 15 23 9 19 27 27
26 27 29 33 24 11 24 26 26 42 26 22 8 37 39 7 27 27 1 28 0 13 38 17 37 26 17 19 19 22 7 33 30 33 16 21 23 15 20 9 20 27 35 28 14 16 22 24 17 37 25 24 34 16 20 43 8 29 17 26 21
39 39 40 45 33 22 36 33 31 55 37 32 21 47 52 6 33 39 13 41 13 0 48 7 47 38 26 30 21 32 8 38 43 45 20 30 36 26 30 21 11 32 45 40 2 22 31 36 13 47 37 37 46 27 21 56 20 41 28 35 30
26 25 9 10 48 27 28 19 22 23 41 16 30 2 23 43 20 26 38 19 38 48 0 45 5 36 22 39 32 16 45 22 15 27 30 45 21 23 18 31 45 24 3 29 47 27 18 14 39 1 34 21 9 38 32 28 34 28 21 46 43
42 43 39 45 40 22 40 29 27 57 42 29 24 45 55 11 29 43 18 44 17 7 45 0 43 43 23 35 16 30 15 33 44 49 16 37 39 25 27 25 4 27 42 44 5 18 27 35 7 44 42 40 45 32 16 59 25 45 27 42 37
30 29 11 15 50 26 30 15 18 28 44 15 30 7 28 42 16 30 37 24 37 47 5 43 0 39 21 41 28 15 44 18 19 31 27 47 23 22 17 32 42 20 4 33 46 25 16 16 36 5 37 24 14 40 28 33 35 32 20 48 45
10 11 28 26 16 27 9 39 42 28 6 32 21 34 25 33 41 10 25 17 26 38 36 43 39 0 32 9 42 30 31 47 22 15 38 13 16 26 31 19 46 44 35 7 39 37 34 24 42 36 2 15 27 12 43 27 18 9 26 11 11
26 26 16 23 37 7 25 9 11 36 35 6 13 22 34 21 10 27 17 25 17 26 22 23 21 32 0 28 11 6 23 17 22 31 8 33 20 6 4 15 23 13 19 30 25 6 5 14 17 21 30 21 22 26 12 39 18 29 6 36 31
16 17 30 30 9 21 13 37 39 35 7 30 15 38 32 25 38 16 18 23 19 30 39 35 41 9 28 0 36 29 22 45 26 22 32 6 18 23 29 13 39 40 37 14 32 31 32 25 36 38 8 19 31 3 37 34 12 16 24 8 4
36 36 26 33 43 15 35 13 11 46 43 16 21 32 45 19 13 37 20 36 19 21 32 16 28 42 11 36 0 17 23 17 33 42 4 39 31 16 15 23 14 11 29 40 19 5 14 25 9 31 40 32 33 33 1 50 24 39 17 43 38
22 22 9 16 38 11 21 10 14 29 34 2 15 15 27 27 12 23 22 19 22 32 16 30 15 30 6 29 17 0 29 18 16 27 14 34 16 7 2 17 29 16 13 26 31 12 5 8 23 15 28 17 16 27 18 32 20 25 5 37 32
32 33 36 40 25 18 29 32 31 49 29 29 15 44 46 4 32 32 7 35 7 8 45 15 44 31 23 22 23 29 0 38 37 39 20 22 30 22 27 15 19 32 42 33 10 21 28 31 17 44 30 31 41 19 23 50 13 34 24 27 22
40 40 24 30 54 24 39 8 7 43 50 16 30 23 43 35 7 41 34 37 33 38 22 33 18 47 17 45 17 18 38 0 33 45 18 50 34 22 16 32 31 6 20 44 36 17 13 26 26 22 45 35 29 43 17 48 35 43 21 53 48
12 11 9 5 35 22 14 25 29 13 27 18 22 13 11 37 27 12 30 5 30 43 15 44 19 22 22 26 33 16 37 33 0 12 30 32 8 18 18 22 44 31 15 15 43 28 21 8 39 15 20 7 6 27 34 16 25 14 17 32 30
7 7 21 17 31 29 10 37 41 13 21 29 25 25 10 40 39 7 32 8 33 45 27 49 31 15 31 22 42 27 39 45 12 0 39 28 11 26 29 24 51 43 27 8 46 37 32 19 47 27 14 10 18 24 43 12 26 6 25 26 26
33 33 24 31 39 11 31 13 11 44 39 14 17 30 42 17 13 34 17 32 16 20 30 16 27 38 8 32 4 14 20 18 30 39 0 35 27 13 12 19 14 12 27 36 19 2 11 22 9 28 36 28 30 29 5 46 20 36 13 39 34
22 23 36 36 4 26 19 42 44 41 8 35 20 44 38 26 43 22 20 29 21 30 45 37 47 13 33 6 39 34 22 50 32 28 35 0 24 28 34 18 41 45 43 20 32 35 37 31 38 44 14 25 37 7 40 40 15 22 29 5 2
6 6 12 12 27 18 7 26 30 18 21 18 15 20 15 30 28 7 23 5 23 36 21 39 23 16 20 18 31 16 30 34 8 11 27 24 0 15 18 15 41 32 19 10 37 26 21 8 36 20 14 1 13 19 32 20 18 9 14 25 22
20 20 14 19 32 4 19 14 17 32 29 8 8 22 30 20 16 21 15 20 15 26 23 25 22 26 6 23 16 7 22 22 18 26 13 28 15 0 6 10 26 18 20 24 25 11 9 10 21 22 24 16 20 21 17 34 13 23 2 31 26
24 24 11 18 38 9 23 8 12 31 34 2 14 17 29 25 10 25 20 21 20 30 18 27 17 31 4 29 15 2 27 16 18 29 12 34 18 6 0 16 26 14 15 28 29 10 3 10 21 17 29 19 18 27 16 34 19 27 5 37 32
17 18 22 26 22 8 15 24 26 33 20 18 2 30 30 15 25 18 8 20 9 21 31 25 32 19 15 13 23 17 15 32 22 24 19 18 15 10 16 0 28 27 29 19 22 18 19 17 23 30 17 16 27 11 24 35 3 20 12 21 16
44 45 39 45 44 23 42 27 25 58 46 29 26 45 56 15 27 45 21 46 20 11 45 4 42 46 23 39 14 29 19 31 44 51 14 41 41 26 26 28 0 25 41 47 9 16 25 36 5 42 45 42 44 36 14 60 28 47 27 46 41
38 38 22 29 49 19 37 6 2 42 47 14 25 24 41 29 4 39 28 35 27 32 24 27 20 44 13 40 11 16 32 6 31 43 12 45 32 18 14 27 25 0 21 42 30 11 11 24 20 23 42 33 29 38 11 46 30 41 18 48 43
25 25 7 11 46 24 26 16 19 24 40 13 27 3 24 40 17 26 35 20 35 45 3 42 4 35 19 37 29 13 42 20 15 27 27 43 19 20 15 29 41 21 0 29 44 24 15 12 36 2 33 20 10 36 29 29 32 28 18 44 41
4 4 22 19 23 25 5 36 40 21 13 28 21 27 18 34 38 3 27 10 28 40 29 44 33 7 30 14 40 26 33 44 15 8 36 20 10 24 28 19 47 42 29 0 41 35 31 18 42 29 6 9 20 16 41 20 20 2 24 18 18
40 40 39 44 35 21 37 32 30 56 39 31 22 46 53 7 32 40 14 42 14 2 47 5 46 39 25 32 19 31 10 36 43 46 19 32 37 25 29 22 9 30 44 41 0 21 30 35 11 46 38 38 45 29 20 57 21 42 27 37 32
31 31 21 28 39 10 30 11 10 41 38 12 16 27 39 18 11 32 17 31 16 22 27 18 25 37 6 31 5 12 21 17 28 37 2 35 26 11 10 18 16 11 24 35 21 0 9 20 11 26 35 27 28 29 6 44 20 34 12 39 34
27 27 13 20 41 11 26 5 9 33 37 3 17 18 32 26 7 28 22 24 22 31 18 27 16 34 5 32 14 5 28 13 21 32 11 37 21 9 3 19 25 11 15 31 30 9 0 13 20 17 32 22 20 30 14 37 22 30 8 40 35
14 14 5 9 34 14 15 18 22 21 29 10 16 13 19 30 20 15 24 11 24 36 14 35 16 24 14 25 25 8 31 26 8 19 22 31 8 10 10 17 36 24 12 18 35 20 13 0 31 13 22 9 10 24 26 24 20 17 9 32 29
40 40 33 40 41 18 38 22 20 52 43 23 22 39 50 13 22 41 18 41 17 13 39 7 36 42 17 36 9 23 17 26 39 47 9 38 36 21 21 23 5 20 36 42 11 11 20 31 0 37 40 37 39 33 9 55 24 42 22 43 38
26 25 8 10 47 26 27 18 21 23 41 15 29 2 23 42 19 26 37 19 37 47 1 44 5 36 21 38 31 15 44 22 15 27 28 44 20 22 17 30 42 23 2 29 46 26 17 13 37 0 34 21 9 37 31 28 33 28 20 45 42
8 9 26 24 17 25 7 37 40 27 7 30 19 32 24 31 39 8 24 15 25 37 34 42 37 2 30 8 40 28 30 45 20 14 36 14 14 24 29 17 45 42 33 6 38 35 32 22 40 34 0 13 25 11 41 26 17 8 24 12 12
5 5 13 12 28 19 7 27 31 17 20 19 16 19 14 31 29 6 24 4 24 37 21 40 24 15 21 19 32 17 31 35 7 10 28 25 1 16 19 16 42 33 20 9 38 27 22 9 37 21 13 0 13 20 33 19 19 8 15 25 23
17 16 7 1 40 24 20 23 27 14 32 17 26 7 14 40 25 17 34 10 34 46 9 45 14 27 22 31 33 16 41 29 6 18 30 37 13 20 18 27 44 29 10 20 45 28 20 10 39 9 25 13 0 32 34 19 30 19 19 37 35
17 18 29 31 10 19 14 35 37 36 10 28 13 37 33 22 36 17 15 24 16 27 38 32 40 12 26 3 33 27 19 43 27 24 29 7 19 21 27 11 36 38 36 16 29 29 30 24 33 37 11 20 32 0 34 36 9 18 22 10 5
37 37 27 34 44 16 36 13 11 47 44 17 22 32 45 19 13 38 21 37 20 21 32 16 28 43 12 37 1 18 23 17 34 43 5 40 32 17 16 24 14 11 29 41 20 6 14 26 9 31 41 33 34 34 0 50 25 40 18 44 39
19 18 24 18 43 38 22 41 44 5 33 34 35 26 5 50 42 19 43 15 43 56 28 59 33 27 39 34 50 32 50 48 16 12 46 40 20 34 34 35 60 46 29 20 57 44 37 24 55 28 26 19 19 36 50 0 38 18 33 38 38
19 20 25 29 19 11 16 27 29 36 19 21 5 33 33 14 28 19 7 23 8 20 34 25 35 18 18 12 24 20 13 35 25 26 20 15 18 13 19 3 28 30 32 20 21 20 22 20 24 33 17 19 30 9 25 38 0 21 15 19 14
3 3 21 18 25 25 5 35 39 19 15 27 21 26 16 35 37 2 28 9 29 41 28 45 32 9 29 16 39 25 34 43 14 6 36 22 9 23 27 20 47 41 28 2 42 34 30 17 42 28 8 8 19 18 40 18 21 0 23 20 20
20 20 12 18 32 6 19 13 16 30 29 6 10 20 28 22 15 21 17 19 17 28 21 27 20 26 6 24 17 5 24 21 17 25 13 29 14 2 5 12 27 18 18 24 27 12 8 9 22 20 24 15 19 22 18 33 15 23 0 32 27
20 21 37 36 5 29 18 45 47 39 5 38 23 44 36 31 46 20 25 27 26 35 46 42 48 11 36 8 43 37 27 53 32 26 39 5 25 31 37 21 46 48 44 18 37 39 40 32 43 45 12 25 37 10 44 38 19 20 32 0 5
20 21 34 34 5 24 17 40 42 39 7 33 18 42 36 26 41 20 20 27 21 30 43 37 45 11 31 4 38 32 22 48 30 26 34 2 22 26 32 16 41 43 41 18 32 34 35 29 38 42 12 23 35 5 39 38 14 20 27 5 0
0         636      
0         143      
174       420      
348       595      
258       425      
0         203      
0         129      
113       370      
98        346      
389       573      
313       469      
378       511      
0         215      
177       410      
182       387      
73        300      
108       333      
0         112      
3         226      
0         123      
25        201      
349       520      
134       340      
60        221      
122       353      
204       455      
0         120      
281       485      
73        271      
0         113      
10        177      
159       347      
160       351      
206       392      
23        231      
242       484      
0         155      
0         221      
0         118      
0         184      
129       303      
143       288      
176       383      
0         89       
63        265      
87        217      
0         180      
0         143      
33        252      
468       609      
0         102      
0         155      
210       425      
463       581      
131       309      
182       369      
0         239      
0         137      
55        252      
224       444      
446       567      
