61
0 32 19 21 29 47 10 6 39 29 4 30 7 14 16 14 24 6 14 30 45 18 47 31 13 34 36 34 33 8 26 26 26 21 30 51 42 25 34 40 29 12 36 33 25 29 37 18 32 27 41 18 42 33 26 3 43 34 12 39 17
32 0 33 18 11 17 32 27 21 29 28 19 37 32 38 30 17 38 26 15 31 26 16 26 21 2 10 17 11 24 26 14 32 30 37 19 12 21 11 33 35 41 15 7 30 22 7 16 20 13 12 14 10 27 33 31 20 20 20 20 34
19 33 0 15 24 42 9 22 27 12 17 41 17 5 8 6 34 21 29 40 28 7 42 44 24 34 31 44 41 17 39 35 8 4 11 46 45 14 29 23 10 16 45 30 7 16 40 27 19 36 36 23 43 16 8 16 32 21 21 26 4
21 18 15 0 9 28 16 19 18 13 17 29 23 14 20 12 22 26 22 26 24 8 28 33 16 19 16 30 26 13 30 22 14 12 19 31 30 5 14 21 17 25 30 15 12 8 25 15 11 22 21 10 28 14 15 18 22 13 13 18 16
29 11 24 9 0 18 25 26 12 18 25 28 32 23 29 21 23 35 28 24 22 17 18 34 22 12 7 27 21 21 32 21 21 20 26 22 23 10 5 21 24 34 25 6 19 11 18 18 9 21 12 14 21 16 22 27 15 9 20 11 25
47 17 42 28 18 0 43 43 18 33 43 35 50 41 47 39 34 53 42 31 27 35 1 42 37 15 10 31 25 38 43 31 37 37 40 5 17 27 12 32 39 52 27 13 35 26 17 32 23 30 5 29 14 30 37 45 14 21 35 17 43
10 32 9 16 25 43 0 12 32 21 8 36 8 4 8 5 29 12 20 35 37 10 43 37 18 34 32 39 36 10 32 30 17 12 20 47 43 18 30 32 19 9 40 31 16 21 38 22 24 31 37 18 42 25 17 7 37 26 15 31 7
6 27 22 19 26 43 12 0 37 29 4 24 13 16 20 16 18 12 8 24 43 18 42 25 7 29 32 28 27 6 20 20 27 22 32 46 36 23 31 39 30 18 30 29 25 27 31 12 30 21 37 12 36 32 27 7 41 32 6 37 19
39 21 27 18 12 18 32 37 0 16 35 40 40 29 35 27 35 43 39 36 10 22 19 46 33 20 11 38 32 31 44 33 21 23 23 23 29 14 10 14 22 40 35 14 20 11 26 30 7 33 15 25 27 12 21 36 5 5 31 1 30
29 29 12 13 18 33 21 29 16 0 26 42 29 17 20 16 35 33 35 39 16 11 33 46 29 30 23 42 38 23 43 34 5 9 8 37 41 8 21 11 6 28 42 24 5 7 36 28 9 35 28 23 39 4 5 26 21 11 26 16 16
4 28 17 17 25 43 8 4 35 26 0 28 9 12 16 12 21 10 12 27 41 15 43 29 10 30 32 31 30 4 24 23 23 18 28 47 39 21 30 36 26 14 33 29 22 25 34 15 28 24 37 14 38 29 23 3 39 30 8 35 15
30 19 41 29 28 35 36 24 40 42 28 0 37 38 44 36 7 36 17 4 50 35 34 7 18 21 29 5 10 26 8 7 43 39 48 36 20 33 30 49 46 42 9 26 41 37 18 14 37 7 31 19 22 43 44 31 39 37 21 39 41
7 37 17 23 32 50 8 13 40 29 9 37 0 12 11 13 30 4 21 36 45 18 50 38 19 39 39 40 39 13 33 32 25 20 28 54 48 26 37 40 27 5 42 38 24 29 43 24 32 33 44 23 47 33 25 6 45 34 17 39 13
14 32 5 14 23 41 4 16 29 17 12 38 12 0 6 2 31 16 24 37 33 7 41 39 20 33 30 41 38 12 35 32 13 8 16 45 44 15 28 28 15 11 42 29 12 18 39 24 21 33 35 20 42 21 13 11 34 23 17 28 3
16 38 8 20 29 47 8 20 35 20 16 44 11 6 0 8 37 15 28 43 36 13 47 45 26 39 36 47 44 18 40 38 16 12 19 51 50 21 34 31 18 8 48 35 15 24 45 30 27 39 41 26 48 24 16 14 40 29 23 34 5
14 30 6 12 21 39 5 16 27 16 12 36 13 2 8 0 29 17 23 35 32 5 39 38 18 31 28 39 36 11 33 30 12 7 17 43 42 13 26 27 15 13 40 27 11 16 37 22 19 31 33 18 40 20 12 11 32 21 15 26 5
24 17 34 22 23 34 29 18 35 35 21 7 30 31 37 29 0 30 12 6 44 28 33 11 11 19 26 10 11 19 9 3 36 32 41 35 21 27 26 43 39 35 13 22 34 30 17 7 31 4 29 12 22 36 37 24 36 32 14 34 34
6 38 21 26 35 53 12 12 43 33 10 36 4 16 15 17 30 0 19 36 49 22 53 36 19 40 42 40 39 14 31 32 29 24 32 57 48 29 40 44 31 8 42 39 28 33 43 24 36 33 47 24 48 37 29 8 48 38 18 43 17
14 26 29 22 28 42 20 8 39 35 12 17 21 24 28 23 12 19 0 18 46 24 42 17 6 28 34 21 22 12 12 14 33 28 38 45 32 27 33 43 36 26 25 30 31 30 28 10 33 15 37 14 33 36 33 15 43 35 9 39 27
30 15 40 26 24 31 35 24 36 39 27 4 36 37 43 35 6 36 18 0 46 33 30 11 17 17 25 4 6 25 12 5 40 37 45 32 16 31 26 45 43 41 7 22 38 34 14 13 33 4 27 17 18 40 41 30 35 33 20 35 40
45 31 28 24 22 27 37 43 10 16 41 50 45 33 36 32 44 49 46 46 0 27 28 55 40 30 21 48 42 37 53 43 21 25 20 32 39 20 20 7 20 44 45 24 21 16 36 39 13 43 25 33 37 12 21 42 13 13 37 11 32
18 26 7 8 17 35 10 18 22 11 15 35 18 7 13 5 28 22 24 33 27 0 35 39 19 27 24 37 34 12 34 28 9 4 14 39 38 8 22 22 11 18 38 23 7 11 33 21 14 29 29 16 36 15 9 15 27 16 16 21 8
47 16 42 28 18 1 43 42 19 33 43 34 50 41 47 39 33 53 42 30 28 35 0 41 37 14 10 30 24 38 42 30 37 37 41 4 15 27 12 33 39 52 26 13 35 26 16 32 24 29 5 29 13 31 37 45 15 22 35 18 43
31 26 44 33 34 42 37 25 46 46 29 7 38 39 45 38 11 36 17 11 55 39 41 0 19 28 36 11 17 27 5 13 47 43 52 43 27 38 36 54 50 43 16 32 45 41 25 18 42 13 38 23 29 47 48 32 46 43 22 45 42
13 21 24 16 22 37 18 7 33 29 10 18 19 20 26 18 11 19 6 17 40 19 37 19 0 23 28 21 20 8 15 13 28 23 33 40 29 21 27 37 30 24 23 24 26 24 24 5 27 14 32 8 29 30 28 13 37 29 3 33 23
34 2 34 19 12 15 34 29 20 30 30 21 39 33 39 31 19 40 28 17 30 27 14 28 23 0 9 18 12 26 28 16 33 31 38 17 11 22 10 32 36 43 15 6 31 23 6 18 21 15 10 16 9 28 34 33 19 19 22 19 35
36 10 31 16 7 10 32 32 11 23 32 29 39 30 36 28 26 42 34 25 21 24 10 36 28 9 0 27 21 28 35 24 26 27 31 14 18 17 2 24 29 41 24 4 25 16 15 24 14 23 5 20 16 21 27 34 10 12 26 10 32
34 17 44 30 27 31 39 28 38 42 31 5 40 41 47 39 10 40 21 4 48 37 30 11 21 18 27 0 6 29 13 9 44 41 49 32 16 34 28 48 47 45 5 24 42 37 14 17 36 8 27 21 18 43 45 34 37 36 24 37 44
33 11 41 26 21 25 36 27 32 38 30 10 39 38 44 36 11 39 22 6 42 34 24 17 20 12 21 6 0 27 18 8 40 38 45 26 10 30 22 42 43 44 4 18 38 32 8 15 30 7 21 18 12 37 41 33 31 30 22 31 41
8 24 17 13 21 38 10 6 31 23 4 26 13 12 18 11 19 14 12 25 37 12 38 27 8 26 28 29 27 0 23 20 21 16 26 42 35 17 26 33 23 17 30 25 19 21 30 12 24 21 33 10 34 26 21 7 35 26 5 31 15
26 26 39 30 32 43 32 20 44 43 24 8 33 35 40 33 9 31 12 12 53 34 42 5 15 28 35 13 18 23 0 12 43 38 48 44 28 35 35 51 45 38 17 31 41 38 26 14 40 13 38 19 30 44 43 27 45 40 18 43 38
26 14 35 22 21 31 30 20 33 34 23 7 32 32 38 30 3 32 14 5 43 28 30 13 13 16 24 9 8 20 12 0 36 32 41 32 18 26 24 42 39 37 10 20 34 30 14 8 30 1 26 12 19 36 37 26 34 30 15 32 35
26 32 8 14 21 37 17 27 21 5 23 43 25 13 16 12 36 29 33 40 21 9 37 47 28 33 26 44 40 21 43 36 0 5 5 40 44 11 24 15 3 24 44 27 2 10 39 29 13 36 31 24 42 9 1 23 26 15 25 20 12
21 30 4 12 20 37 12 22 23 9 18 39 20 8 12 7 32 24 28 37 25 4 37 43 23 31 27 41 38 16 38 32 5 0 10 41 42 10 25 20 7 19 42 26 4 12 37 25 15 33 32 20 40 13 5 18 28 17 20 22 7
30 37 11 19 26 40 20 32 23 8 28 48 28 16 19 17 41 32 38 45 20 14 41 52 33 38 31 49 45 26 48 41 5 10 0 45 49 16 29 13 2 27 49 32 7 15 44 34 17 41 36 29 47 11 4 27 28 19 30 24 15
51 19 46 31 22 5 47 46 23 37 47 36 54 45 51 43 35 57 45 32 32 39 4 43 40 17 14 32 26 42 44 32 40 41 45 0 16 31 16 37 43 55 27 17 39 30 18 35 28 31 9 33 14 35 41 48 19 26 39 22 46
42 12 45 30 23 17 43 36 29 41 39 20 48 44 50 42 21 48 32 16 39 38 15 27 29 11 18 16 10 35 28 18 44 42 49 16 0 33 20 42 47 52 11 17 42 34 5 24 32 17 15 25 2 39 45 42 27 30 31 28 46
25 21 14 5 10 27 18 23 14 8 21 33 26 15 21 13 27 29 27 31 20 8 27 38 21 22 17 34 30 17 35 26 11 10 16 31 33 0 15 17 14 26 34 16 9 4 28 20 7 27 22 15 31 10 12 22 19 9 18 14 16
34 11 29 14 5 12 30 31 10 21 30 30 37 28 34 26 26 40 33 26 20 22 12 36 27 10 2 28 22 26 35 24 24 25 29 16 20 15 0 23 27 39 25 4 23 14 16 23 12 23 7 19 18 19 25 32 10 10 25 9 30
40 33 23 21 21 32 32 39 14 11 36 49 40 28 31 27 43 44 43 45 7 22 33 54 37 32 24 48 42 33 51 42 15 20 13 37 42 17 23 0 13 39 46 26 16 13 38 36 12 42 29 31 40 7 15 37 18 13 34 15 27
29 35 10 17 24 39 19 30 22 6 26 46 27 15 18 15 39 31 36 43 20 11 39 50 30 36 29 47 43 23 45 39 3 7 2 43 47 14 27 13 0 26 47 30 5 13 42 32 15 39 34 27 45 10 2 25 27 17 27 22 14
12 41 16 25 34 52 9 18 40 28 14 42 5 11 8 13 35 8 26 41 44 18 52 43 24 43 41 45 44 17 38 37 24 19 27 55 52 26 39 39 26 0 47 40 23 29 47 29 32 38 46 27 51 32 24 11 45 34 22 39 12
36 15 45 30 25 27 40 30 35 42 33 9 42 42 48 40 13 42 25 7 45 38 26 16 23 15 24 5 4 30 17 10 44 42 49 27 11 34 25 46 47 47 0 21 42 36 10 18 34 9 24 22 13 41 45 36 34 34 25 34 45
33 7 30 15 6 13 31 29 14 24 29 26 38 29 35 27 22 39 30 22 24 23 13 32 24 6 4 24 18 25 31 20 27 26 32 17 17 16 4 26 30 40 21 0 25 17 12 20 15 19 8 16 15 22 28 32 14 13 22 13 31
25 30 7 12 19 35 16 25 20 5 22 41 24 12 15 11 34 28 31 38 21 7 35 45 26 31 25 42 38 19 41 34 2 4 7 39 42 9 23 16 5 23 42 25 0 9 37 27 12 34 30 22 40 9 3 22 25 14 23 19 11
29 22 16 8 11 26 21 27 11 7 25 37 29 18 24 16 30 33 30 34 16 11 26 41 24 23 16 37 32 21 38 30 10 12 15 30 34 4 14 13 13 29 36 17 9 0 29 23 3 30 21 18 32 6 11 26 16 5 21 10 19
37 7 40 25 18 17 38 31 26 36 34 18 43 39 45 37 17 43 28 14 36 33 16 25 24 6 15 14 8 30 26 14 39 37 44 18 5 28 16 38 42 47 10 12 37 29 0 19 27 13 14 20 5 34 40 37 25 25 26 25 41
18 16 27 15 18 32 22 12 30 28 15 14 24 24 30 22 7 24 10 13 39 21 32 18 5 18 24 17 15 12 14 8 29 25 34 35 24 20 23 36 32 29 18 20 27 23 19 0 25 9 27 5 24 29 30 18 33 26 7 29 27
32 20 19 11 9 23 24 30 7 9 28 37 32 21 27 19 31 36 33 33 13 14 24 42 27 21 14 36 30 24 40 30 13 15 17 28 32 7 12 12 15 32 34 15 12 3 27 25 0 30 19 20 30 7 14 29 12 2 24 7 22
27 13 36 22 21 30 31 21 33 35 24 7 33 33 39 31 4 33 15 4 43 29 29 13 14 15 23 8 7 21 13 1 36 33 41 31 17 27 23 42 39 38 9 19 34 30 13 9 30 0 25 13 18 36 37 27 33 30 16 32 36
41 12 36 21 12 5 37 37 15 28 37 31 44 35 41 33 29 47 37 27 25 29 5 38 32 10 5 27 21 33 38 26 31 32 36 9 15 22 7 29 34 46 24 8 30 21 14 27 19 25 0 24 13 26 32 39 12 17 30 14 37
18 14 23 10 14 29 18 12 25 23 14 19 23 20 26 18 12 24 14 17 33 16 29 23 8 16 20 21 18 10 19 12 24 20 29 33 25 15 19 31 27 27 22 16 22 18 20 5 20 13 24 0 24 24 25 17 29 21 6 25 23
42 10 43 28 21 14 42 36 27 39 38 22 47 42 48 40 22 48 33 18 37 36 13 29 29 9 16 18 12 34 30 19 42 40 47 14 2 31 18 40 45 51 13 15 40 32 5 24 30 18 13 24 0 37 43 41 25 28 30 26 44
33 27 16 14 16 30 25 32 12 4 29 43 33 21 24 20 36 37 36 40 12 15 31 47 30 28 21 43 37 26 44 36 9 13 11 35 39 10 19 7 10 32 41 22 9 6 34 29 7 36 26 24 37 0 9 30 17 9 27 13 20
26 33 8 15 22 37 17 27 21 5 23 44 25 13 16 12 37 29 33 41 21 9 37 48 28 34 27 45 41 21 43 37 1 5 4 41 45 12 25 15 2 24 45 28 3 11 40 30 14 37 32 25 43 9 0 23 26 16 25 21 12
3 31 16 18 27 45 7 7 36 26 3 31 6 11 14 11 24 8 15 30 42 15 45 32 13 33 34 34 33 7 27 26 23 18 27 48 42 22 32 37 25 11 36 32 22 26 37 18 29 27 39 17 41 30 23 0 40 31 11 36 14
43 20 32 22 15 14 37 41 5 21 39 39 45 34 40 32 36 48 43 35 13 27 15 46 37 19 10 37 31 35 45 34 26 28 28 19 27 19 10 18 27 45 34 14 25 16 25 33 12 33 12 29 25 17 26 40 0 10 35 5 34
34 20 21 13 9 21 26 32 5 11 30 37 34 23 29 21 32 38 35 33 13 16 22 43 29 19 12 36 30 26 40 30 15 17 19 26 30 9 10 13 17 34 34 13 14 5 25 26 2 30 17 21 28 9 16 31 10 0 26 5 24
12 20 21 13 20 35 15 6 31 26 8 21 17 17 23 15 14 18 9 20 37 16 35 22 3 22 26 24 22 5 18 15 25 20 30 39 31 18 25 34 27 22 25 22 23 21 26 7 24 16 30 6 30 27 25 11 35 26 0 31 20
39 20 26 18 11 17 31 37 1 16 35 39 39 28 34 26 34 43 39 35 11 21 18 45 33 19 10 37 31 31 43 32 20 22 24 22 28 14 9 15 22 39 34 13 19 10 25 29 7 32 14 25 26 13 21 36 5 5 31 0 29
17 34 4 16 25 43 7 19 30 16 15 41 13 3 5 5 34 17 27 40 32 8 43 42 23 35 32 44 41 15 38 35 12 7 15 46 46 16 30 27 14 12 45 31 11 19 41 27 22 36 37 23 44 20 12 14 34 24 20 29 0
0         802      
340       494      
116       344      
232       360      
54        218      
439       622      
181       391      
0         90       
43        239      
106       282      
0         134      
0         153      
256       457      
203       380      
269       451      
183       358      
0         90       
499       699      
0         80       
0         180      
45        336      
198       384      
292       531      
358       618      
0         110      
2         189      
58        300      
0         174      
28        172      
211       381      
0         149      
0         161      
94        376      
212       465      
180       395      
321       498      
29        200      
250       511      
82        275      
525       762      
140       319      
220       421      
1         185      
0         267      
163       374      
155       337      
61        218      
0         180      
127       281      
0         182      
363       539      
219       401      
381       539      
151       330      
167       357      
184       383      
99        234      
11        206      
328       470      
80        282      
465       650      
