61
0 51 14 22 14 25 24 4 46 18 9 35 5 19 29 17 49 45 24 36 38 42 48 33 21 40 2 28 36 5 49 38 14 15 22 27 42 48 17 21 11 24 33 50 47 12 46 46 24 52 23 24 25 27 17 41 43 20 38 47 36
51 0 47 42 47 26 54 48 14 38 42 16 49 34 34 34 3 8 33 16 40 32 29 35 51 33 50 30 53 47 22 16 38 35 55 59 19 36 57 48 48 31 51 42 38 47 36 29 54 48 61 44 27 32 37 55 24 54 42 18 22
14 47 0 8 0 25 12 11 37 25 14 33 9 22 17 18 43 39 14 30 24 30 37 20 8 28 16 18 22 11 39 31 13 17 11 16 32 36 10 7 23 26 19 36 33 2 33 36 13 38 15 10 21 16 9 27 33 9 24 37 26
22 42 8 0 8 24 12 19 30 28 19 30 17 25 9 21 39 34 9 25 16 22 29 12 9 20 23 10 17 18 31 24 16 20 13 17 24 28 17 6 29 29 14 28 25 10 25 28 13 30 19 4 19 8 9 21 25 13 16 29 19
14 47 0 8 0 25 12 11 37 25 14 33 9 22 17 18 43 39 14 30 24 30 37 20 8 28 16 18 22 11 39 31 13 17 11 16 32 36 10 7 23 26 19 36 33 2 33 36 13 38 15 10 21 16 9 27 33 9 24 37 26
25 26 25 24 25 0 35 22 23 12 15 10 23 8 22 8 24 21 17 13 32 30 32 25 31 30 24 18 41 20 29 15 12 9 35 39 22 37 34 29 22 7 38 41 37 25 35 31 36 46 40 28 6 20 16 45 26 34 34 25 17
24 54 12 12 12 35 0 22 42 37 26 42 19 34 20 30 51 46 21 37 23 31 38 22 4 29 26 22 14 22 42 36 25 29 2 5 36 37 9 6 34 38 12 34 33 13 34 37 1 34 9 10 31 20 19 19 36 4 22 41 31
4 48 11 19 11 22 22 0 42 17 6 32 3 16 25 14 45 41 20 32 35 38 44 29 18 36 5 24 33 1 45 34 10 12 21 26 38 44 16 18 12 21 30 46 43 9 42 42 23 49 22 21 21 23 13 38 39 19 35 43 32
46 14 37 30 37 23 42 42 0 35 37 16 42 30 22 30 11 7 22 10 26 17 15 21 39 19 46 19 39 41 8 8 32 31 43 47 5 22 47 36 44 29 37 28 24 38 22 15 43 34 49 32 21 21 29 41 10 43 28 4 10
18 38 25 28 25 12 37 17 35 0 11 22 19 5 29 8 36 33 23 25 40 41 44 33 33 40 16 27 45 16 41 27 12 8 36 41 34 48 32 32 10 7 42 50 47 24 46 43 38 54 38 32 16 26 19 49 38 34 40 37 29
9 42 14 19 14 15 26 6 37 11 0 25 8 10 23 7 39 36 18 27 33 35 40 27 22 34 9 21 35 5 40 29 5 6 25 30 33 42 21 21 10 15 32 44 41 13 40 39 27 47 27 22 16 21 11 40 36 23 34 38 27
35 16 33 30 33 10 42 32 16 22 25 0 33 18 24 18 14 11 21 7 34 28 28 27 39 29 34 20 43 30 23 9 22 19 43 47 16 34 43 36 32 15 41 39 35 34 33 27 43 45 48 33 12 22 24 47 22 42 36 19 15
5 49 9 17 9 23 19 3 42 19 8 33 0 18 24 15 46 42 20 33 33 37 43 28 16 35 7 24 31 3 45 34 11 14 18 23 38 43 13 16 15 23 28 45 42 7 41 42 20 47 19 19 22 22 13 36 39 16 33 43 32
19 34 22 25 22 8 34 16 30 5 10 18 18 0 24 4 32 29 19 20 35 36 39 28 30 35 18 22 42 15 37 22 9 5 33 38 29 43 31 29 14 5 39 45 42 22 41 38 35 49 37 29 11 22 16 46 33 31 36 32 24
29 34 17 9 17 22 20 25 22 29 23 24 24 24 0 21 31 26 5 19 11 13 20 4 18 12 29 4 19 24 22 18 18 20 21 25 17 20 26 15 33 27 17 21 18 19 18 19 20 25 28 10 16 2 12 23 16 22 12 21 12
17 34 18 21 18 8 30 14 30 8 7 18 15 4 21 0 32 29 16 20 32 33 37 25 26 32 16 19 38 12 35 22 5 1 29 34 27 40 27 25 14 8 35 42 39 18 38 36 31 46 33 25 9 19 12 42 31 27 33 32 22
49 3 43 39 43 24 51 45 11 36 39 14 46 32 31 32 0 5 29 13 37 28 26 32 47 30 48 27 50 44 19 13 35 33 51 55 16 33 53 44 46 29 48 39 35 44 33 26 51 45 57 41 24 29 34 52 21 51 39 15 19
45 8 39 34 39 21 46 41 7 33 36 11 42 29 26 29 5 0 25 9 32 24 22 27 43 25 45 22 45 40 15 8 31 30 47 51 11 29 49 40 43 26 43 35 31 40 29 22 46 41 53 36 20 24 30 47 17 46 34 11 14
24 33 14 9 14 17 21 20 22 23 18 21 20 19 5 16 29 25 0 16 16 18 23 9 18 16 24 4 24 19 25 17 13 15 22 26 18 24 24 15 28 22 21 26 23 16 22 22 22 30 28 12 11 3 7 28 19 22 17 23 12
36 16 30 25 30 13 37 32 10 25 27 7 33 20 19 20 13 9 16 0 27 21 21 20 34 22 36 15 38 31 16 2 22 21 38 42 9 27 40 31 34 19 36 32 28 31 26 20 38 38 44 28 11 17 21 40 15 38 29 12 8
38 40 24 16 24 32 23 35 26 40 33 34 33 35 11 32 37 32 16 27 0 9 16 7 22 7 39 14 14 34 21 25 29 31 25 26 21 14 31 19 43 38 13 12 10 26 11 15 23 14 32 14 26 13 22 15 16 26 2 23 19
42 32 30 22 30 30 31 38 17 41 35 28 37 36 13 33 28 24 18 21 9 0 7 10 30 2 42 14 23 37 12 19 31 33 33 35 13 7 39 27 45 37 22 11 7 32 5 6 31 17 40 22 25 15 25 24 7 34 11 14 13
48 29 37 29 37 32 38 44 15 44 40 28 43 39 20 37 26 22 23 21 16 7 0 17 37 9 47 19 30 42 7 19 36 37 40 42 12 7 46 34 50 39 29 13 10 39 8 1 38 19 47 29 28 21 30 31 6 41 18 11 15
33 35 20 12 20 25 22 29 21 33 27 27 28 28 4 25 32 27 9 20 7 10 17 0 20 8 33 7 18 28 20 19 22 24 23 26 16 16 29 17 37 31 16 17 14 22 14 16 22 21 30 12 19 6 16 20 14 24 9 20 13
21 51 8 9 8 31 4 18 39 33 22 39 16 30 18 26 47 43 18 34 22 30 37 20 0 28 23 19 16 18 40 33 21 25 4 8 33 36 9 3 30 34 13 33 32 9 33 36 5 34 10 8 27 17 15 21 34 4 21 38 28
40 33 28 20 28 30 29 36 19 40 34 29 35 35 12 32 30 25 16 22 7 2 9 8 28 0 40 13 21 35 14 20 29 31 31 33 14 8 37 25 44 36 20 11 7 30 6 8 29 16 38 20 24 13 23 22 9 32 9 16 14
2 50 16 23 16 24 26 5 46 16 9 34 7 18 29 16 48 45 24 36 39 42 47 33 23 40 0 28 38 5 49 38 14 15 24 29 42 48 19 23 9 23 35 50 47 14 46 46 26 53 25 26 25 27 17 43 43 22 39 47 36
28 30 18 10 18 18 22 24 19 27 21 20 24 22 4 19 27 22 4 15 14 14 19 7 19 13 28 0 23 23 21 14 17 19 23 27 14 21 27 16 31 24 20 24 20 20 19 18 23 28 29 13 12 2 11 27 15 23 16 19 9
36 53 22 17 22 41 14 33 39 45 35 43 31 42 19 38 50 45 24 38 14 23 30 18 16 21 38 23 0 33 35 37 33 37 15 15 34 26 22 15 45 46 3 22 22 24 24 29 13 21 22 13 35 21 26 5 30 17 12 37 31
5 47 11 18 11 20 22 1 41 16 5 30 3 15 24 12 44 40 19 31 34 37 42 28 18 35 5 23 33 0 44 33 9 11 21 26 37 43 16 18 12 20 30 45 42 9 41 41 23 48 22 21 20 22 12 38 38 19 34 42 31
49 22 39 31 39 29 42 45 8 41 40 23 45 37 22 35 19 15 25 16 21 12 7 20 40 14 49 21 35 44 0 14 35 35 43 46 8 14 48 37 48 35 34 20 16 41 14 7 42 26 50 32 26 23 32 36 6 44 23 4 13
38 16 31 24 31 15 36 34 8 27 29 9 34 22 18 22 13 8 17 2 25 19 19 19 33 20 38 14 37 33 14 0 24 23 37 41 7 25 41 30 36 21 34 30 26 32 24 18 37 36 43 27 13 16 22 39 13 37 27 10 6
14 38 13 16 13 12 25 10 32 12 5 22 11 9 18 5 35 31 13 22 29 31 36 22 21 29 14 17 33 9 35 24 0 4 24 29 28 37 22 20 15 13 30 39 36 13 35 35 26 43 28 20 11 16 7 37 31 22 30 33 22
15 35 17 20 17 9 29 12 31 8 6 19 14 5 20 1 33 30 15 21 31 33 37 24 25 31 15 19 37 11 35 23 4 0 28 33 28 39 26 24 13 9 34 41 38 17 37 36 30 45 32 24 10 18 11 41 31 26 32 33 22
22 55 11 13 11 35 2 21 43 36 25 43 18 33 21 29 51 47 22 38 25 33 40 23 4 31 24 23 15 21 43 37 24 28 0 5 37 39 7 7 33 37 13 36 35 12 36 39 2 35 7 11 31 21 19 20 37 2 24 42 32
27 59 16 17 16 39 5 26 47 41 30 47 23 38 25 34 55 51 26 42 26 35 42 26 8 33 29 27 15 26 46 41 29 33 5 0 41 40 11 11 38 42 14 37 36 17 37 41 4 36 7 14 35 25 23 19 40 7 25 46 36
42 19 32 24 32 22 36 38 5 34 33 16 38 29 17 27 16 11 18 9 21 13 12 16 33 14 42 14 34 37 8 7 28 28 37 41 0 18 41 30 41 28 32 24 20 34 18 11 37 30 43 27 18 16 25 36 6 37 23 5 6
48 36 36 28 36 37 37 44 22 48 42 34 43 43 20 40 33 29 24 27 14 7 7 16 36 8 48 21 26 43 14 25 37 39 39 40 18 0 45 33 52 44 26 6 4 38 3 7 37 12 46 28 32 21 31 25 12 40 15 18 20
17 57 10 17 10 34 9 16 47 32 21 43 13 31 26 27 53 49 24 40 31 39 46 29 9 37 19 27 22 16 48 41 22 26 7 11 41 45 0 12 28 35 20 42 41 9 42 45 9 42 6 17 31 25 19 27 42 5 30 46 36
21 48 7 6 7 29 6 18 36 32 21 36 16 29 15 25 44 40 15 31 19 27 34 17 3 25 23 16 15 18 37 30 20 24 7 11 30 33 12 0 30 33 12 30 29 9 30 33 7 32 13 5 25 14 13 20 31 7 18 35 25
11 48 23 29 23 22 34 12 44 10 10 32 15 14 33 14 46 43 28 34 43 45 50 37 30 44 9 31 45 12 48 36 15 13 33 38 41 52 28 30 0 17 42 54 51 21 50 49 35 57 34 32 23 31 21 50 44 31 44 46 35
24 31 26 29 26 7 38 21 29 7 15 15 23 5 27 8 29 26 22 19 38 37 39 31 34 36 23 24 46 20 35 21 13 9 37 42 28 44 35 33 17 0 43 47 43 26 42 38 39 52 41 33 12 25 20 50 33 35 39 31 24
33 51 19 14 19 38 12 30 37 42 32 41 28 39 17 35 48 43 21 36 13 22 29 16 13 20 35 20 3 30 34 34 30 34 13 14 32 26 20 12 42 43 0 23 22 21 23 28 11 22 20 10 32 18 23 8 29 15 11 36 29
50 42 36 28 36 41 34 46 28 50 44 39 45 45 21 42 39 35 26 32 12 11 13 17 33 11 50 24 22 45 20 30 39 41 36 37 24 6 42 30 54 47 23 0 4 38 6 13 34 6 43 26 35 23 33 20 18 37 12 24 24
47 38 33 25 33 37 33 43 24 47 41 35 42 42 18 39 35 31 23 28 10 7 10 14 32 7 47 20 22 42 16 26 36 38 35 36 20 4 41 29 51 43 22 4 0 35 2 9 33 10 42 24 31 20 30 21 14 36 11 20 20
12 47 2 10 2 25 13 9 38 24 13 34 7 22 19 18 44 40 16 31 26 32 39 22 9 30 14 20 24 9 41 32 13 17 12 17 34 38 9 9 21 26 21 38 35 0 35 38 14 40 15 12 22 18 10 29 35 10 26 39 28
46 36 33 25 33 35 34 42 22 46 40 33 41 41 18 38 33 29 22 26 11 5 8 14 33 6 46 19 24 41 14 24 35 37 36 37 18 3 42 30 50 42 23 6 2 35 0 7 34 12 43 25 30 19 29 23 12 37 12 18 18
46 29 36 28 36 31 37 42 15 43 39 27 42 38 19 36 26 22 22 20 15 6 1 16 36 8 46 18 29 41 7 18 35 36 39 41 11 7 45 33 49 38 28 13 9 38 7 0 37 19 46 28 27 20 29 30 5 40 17 11 14
24 54 13 13 13 36 1 23 43 38 27 43 20 35 20 31 51 46 22 38 23 31 38 22 5 29 26 23 13 23 42 37 26 30 2 4 37 37 9 7 35 39 11 34 33 14 34 37 0 33 9 10 32 21 20 18 36 4 22 41 32
52 48 38 30 38 46 34 49 34 54 47 45 47 49 25 46 45 41 30 38 14 17 19 21 34 16 53 28 21 48 26 36 43 45 35 36 30 12 42 32 57 52 22 6 10 40 12 19 33 0 42 28 40 27 36 18 24 37 14 30 30
23 61 15 19 15 40 9 22 49 38 27 48 19 37 28 33 57 53 28 44 32 40 47 30 10 38 25 29 22 22 50 43 28 32 7 7 43 46 6 13 34 41 20 43 42 15 43 46 9 42 0 18 36 27 24 26 44 6 31 48 38
24 44 10 4 10 28 10 21 32 32 22 33 19 29 10 25 41 36 12 28 14 22 29 12 8 20 26 13 13 21 32 27 20 24 11 14 27 28 17 5 32 33 10 26 24 12 25 28 10 28 18 0 23 11 13 18 26 12 14 31 22
25 27 21 19 21 6 31 21 21 16 16 12 22 11 16 9 24 20 11 11 26 25 28 19 27 24 25 12 35 20 26 13 11 10 31 35 18 32 31 25 23 12 32 35 31 22 30 27 32 40 36 23 0 14 12 39 22 30 28 23 13
27 32 16 8 16 20 20 23 21 26 21 22 22 22 2 19 29 24 3 17 13 15 21 6 17 13 27 2 21 22 23 16 16 18 21 25 16 21 25 14 31 25 18 23 20 18 19 20 21 27 27 11 14 0 10 25 17 21 14 21 11
17 37 9 9 9 16 19 13 29 19 11 24 13 16 12 12 34 30 7 21 22 25 30 16 15 23 17 11 26 12 32 22 7 11 19 23 25 31 19 13 21 20 23 33 30 10 29 29 20 36 24 13 12 10 0 30 26 18 23 30 19
41 55 27 21 27 45 19 38 41 49 40 47 36 46 23 42 52 47 28 40 15 24 31 20 21 22 43 27 5 38 36 39 37 41 20 19 36 25 27 20 50 50 8 20 21 29 23 30 18 18 26 18 39 25 30 0 31 22 13 38 33
43 24 33 25 33 26 36 39 10 38 36 22 39 33 16 31 21 17 19 15 16 7 6 14 34 9 43 15 30 38 6 13 31 31 37 40 6 12 42 31 44 33 29 18 14 35 12 5 36 24 44 26 22 17 26 31 0 38 18 7 9
20 54 9 13 9 34 4 19 43 34 23 42 16 31 22 27 51 46 22 38 26 34 41 24 4 32 22 23 17 19 44 37 22 26 2 7 37 40 5 7 31 35 15 37 36 10 37 40 4 37 6 12 30 21 18 22 38 0 25 42 32
38 42 24 16 24 34 22 35 28 40 34 36 33 36 12 33 39 34 17 29 2 11 18 9 21 9 39 16 12 34 23 27 30 32 24 25 23 15 30 18 44 39 11 12 11 26 12 17 22 14 31 14 28 14 23 13 18 25 0 25 21
47 18 37 29 37 25 41 43 4 37 38 19 43 32 21 32 15 11 23 12 23 14 11 20 38 16 47 19 37 42 4 10 33 33 42 46 5 18 46 35 46 31 36 24 20 39 18 11 41 30 48 31 23 21 30 38 7 42 25 0 11
36 22 26 19 26 17 31 32 10 29 27 15 32 24 12 22 19 14 12 8 19 13 15 13 28 14 36 9 31 31 13 6 22 22 32 36 6 20 36 25 35 24 29 24 20 28 18 14 32 30 38 22 13 11 19 33 9 32 21 11 0
0         747      
351       509      
0         108      
16        202      
423       572      
158       278      
18        150      
0         62       
114       263      
119       308      
0         130      
150       303      
0         102      
170       302      
264       400      
148       333      
538       673      
80        265      
21        199      
353       515      
74        192      
287       448      
63        253      
35        200      
0         131      
58        199      
0         90       
32        181      
445       587      
0         138      
297       478      
129       264      
180       346      
217       341      
0         111      
0         118      
122       240      
51        226      
21        174      
9         194      
209       337      
135       308      
567       708      
275       422      
320       454      
0         123      
80        226      
352       454      
0         115      
263       453      
0         146      
435       601      
247       398      
25        170      
194       340      
486       649      
84        224      
0         158      
242       444      
382       541      
518       711      
