61
0 30 9 41 47 18 12 16 42 47 20 21 11 40 30 27 18 24 33 26 14 23 32 11 33 23 41 6 16 19 20 14 35 40 5 24 13 14 20 32 40 8 44 45 27 5 31 24 30 2 31 28 47 38 17 27 38 36 41 48 24
30 0 29 37 17 12 18 35 36 41 21 11 21 10 6 39 20 45 10 4 40 45 41 40 16 32 11 35 22 43 29 22 26 11 34 22 17 17 23 23 43 37 20 41 43 35 39 44 39 31 3 44 36 9 13 38 11 40 24 41 7
9 29 0 32 45 18 12 8 34 38 14 22 8 39 31 18 25 17 29 25 11 17 23 11 27 14 40 8 23 14 28 8 29 39 13 18 13 17 27 26 31 11 38 36 19 11 22 17 21 8 31 20 40 37 16 18 36 27 35 40 23
41 37 32 0 41 35 33 28 2 6 21 40 31 42 43 21 47 34 28 34 38 35 16 40 22 18 44 39 46 37 54 27 12 39 45 18 34 39 50 14 7 42 27 5 26 43 13 32 16 40 40 25 10 38 35 20 33 7 17 8 31
47 17 45 41 0 29 34 49 40 45 34 28 37 8 21 51 37 59 17 20 56 59 50 56 21 44 8 51 39 58 46 37 30 6 51 32 34 34 40 29 48 54 15 45 56 52 47 58 48 48 18 56 37 8 30 50 10 46 25 43 22
18 12 18 35 29 0 6 25 36 41 15 5 9 22 13 33 12 35 17 9 28 34 35 28 19 26 23 22 13 32 21 13 26 23 22 17 5 6 15 23 38 25 28 40 35 23 33 34 33 19 13 36 38 21 1 32 22 35 29 42 8
12 18 12 33 34 6 0 19 34 39 12 10 4 28 19 28 14 29 21 14 23 29 30 22 21 21 29 17 13 26 21 8 26 28 17 16 1 6 17 23 36 20 32 38 30 17 29 28 28 14 19 31 38 26 5 27 26 32 30 40 12
16 35 8 28 49 25 19 0 30 34 15 29 15 44 38 11 33 10 32 31 10 10 16 12 29 10 46 12 31 9 36 13 28 44 19 18 20 25 35 25 25 14 40 32 11 16 17 9 15 15 38 12 38 42 23 11 39 23 34 36 28
42 36 34 2 40 36 34 30 0 5 22 40 32 41 42 23 48 36 27 33 40 37 18 42 21 20 43 41 47 39 55 28 11 38 47 19 35 40 51 13 9 44 25 5 28 45 15 34 18 42 39 27 8 37 36 22 32 9 15 6 30
47 41 38 6 45 41 39 34 5 0 27 45 37 46 47 26 53 39 32 38 44 40 21 46 26 24 48 45 52 42 60 33 16 43 51 24 40 45 56 18 10 48 30 2 31 49 18 37 21 46 44 30 9 42 41 25 37 12 20 3 35
20 21 14 21 34 15 12 15 22 27 0 20 10 30 26 18 26 25 17 17 24 25 20 25 14 11 32 22 25 24 33 6 15 29 25 4 13 18 29 12 23 25 25 26 22 25 18 24 18 21 24 23 27 27 14 17 24 20 21 28 14
21 11 22 40 28 5 10 29 40 45 20 0 14 20 9 38 9 39 18 9 33 39 40 31 22 31 20 26 11 36 18 18 30 22 24 22 9 7 12 27 43 29 29 45 40 26 38 38 38 23 10 41 42 20 6 37 22 40 32 46 10
11 21 8 31 37 9 4 15 32 37 10 14 0 31 22 24 18 25 22 17 19 25 27 19 22 18 32 14 17 22 23 5 25 31 16 14 5 10 21 22 33 17 33 36 26 16 26 24 25 12 22 27 37 29 8 23 29 30 30 38 15
40 10 39 42 8 22 28 44 41 46 30 20 31 0 13 48 29 54 14 14 50 54 48 50 20 41 2 44 31 53 38 31 30 3 44 29 27 27 32 28 48 47 17 46 52 45 45 53 46 41 10 53 38 4 23 47 9 45 26 44 16
30 6 31 43 21 13 19 38 42 47 26 9 22 13 0 44 16 47 16 9 41 47 46 40 22 37 13 35 18 44 25 25 32 15 33 27 18 16 19 29 48 38 25 47 47 35 44 46 44 32 3 48 42 13 14 43 16 45 30 47 12
27 39 18 21 51 33 28 11 23 26 18 38 24 48 44 0 42 13 34 35 19 14 5 22 30 7 50 23 41 16 46 20 24 46 30 19 29 34 45 23 16 25 39 24 5 27 8 11 5 26 42 5 31 44 32 1 41 14 31 29 32
18 20 25 47 37 12 14 33 48 53 26 9 18 29 16 42 0 42 27 18 32 41 44 29 31 35 29 24 2 37 9 22 38 31 20 29 13 8 3 35 49 26 38 52 44 23 43 42 42 20 19 45 50 29 12 41 31 46 41 54 19
24 45 17 34 59 35 29 10 36 39 25 39 25 54 47 13 42 0 42 41 10 1 18 13 39 17 56 18 40 5 44 23 36 54 25 28 30 34 44 34 29 17 50 37 8 21 21 2 18 22 47 9 44 52 33 14 49 27 43 42 38
33 10 29 28 17 17 21 32 27 32 17 18 22 14 16 34 27 42 0 9 40 42 34 40 6 27 16 36 29 41 36 21 16 12 38 15 21 23 30 14 34 39 11 32 39 38 31 41 32 34 13 39 26 10 18 33 7 31 14 31 9
26 4 25 34 20 9 14 31 33 38 17 9 17 14 9 35 18 41 9 0 36 41 37 36 13 28 15 31 20 39 27 18 23 14 31 18 14 15 21 20 39 34 20 38 39 31 35 40 35 28 7 40 34 12 10 34 13 36 23 39 3
14 40 11 38 56 28 23 10 40 44 24 33 19 50 41 19 32 10 40 36 0 9 24 3 38 20 51 8 30 5 34 19 38 50 15 27 24 27 34 35 34 7 49 42 16 11 26 11 24 12 41 17 48 48 27 20 47 32 44 46 34
23 45 17 35 59 34 29 10 37 40 25 39 25 54 47 14 41 1 42 41 9 0 19 12 39 18 56 17 39 4 43 23 37 54 24 28 30 34 43 35 30 16 50 38 9 20 22 3 19 21 47 10 45 52 33 15 49 28 44 43 38
32 41 23 16 50 35 30 16 18 21 20 40 27 48 46 5 44 18 34 37 24 19 0 27 29 9 50 28 43 21 50 22 22 46 35 19 31 36 47 21 11 30 37 19 10 32 3 16 2 31 44 9 26 44 34 5 40 9 29 24 34
11 40 11 40 56 28 22 12 42 46 25 31 19 50 40 22 29 13 40 36 3 12 27 0 38 22 51 5 27 8 31 19 40 50 12 29 22 25 31 37 37 4 49 44 19 8 29 14 27 9 41 20 50 48 26 23 47 35 46 48 34
33 16 27 22 21 19 21 29 21 26 14 22 22 20 22 30 31 39 6 13 38 39 29 38 0 23 22 35 31 38 39 19 10 17 38 11 21 24 34 8 28 38 11 26 35 38 26 38 27 34 19 35 21 16 19 29 12 25 10 26 12
23 32 14 18 44 26 21 10 20 24 11 31 18 41 37 7 35 17 27 28 20 18 9 22 23 0 43 21 34 19 41 13 19 39 27 12 22 27 38 17 16 24 33 22 12 25 8 15 7 22 35 12 28 37 25 6 34 13 26 26 25
41 11 40 44 8 23 29 46 43 48 32 20 32 2 13 50 29 56 16 15 51 56 50 51 22 43 0 45 31 54 38 33 32 5 44 31 28 27 32 30 50 48 19 48 54 46 47 55 48 42 10 55 40 6 24 49 11 47 28 46 18
6 35 8 39 51 22 17 12 41 45 22 26 14 44 35 23 24 18 36 31 8 17 28 5 35 21 45 0 22 13 26 16 37 45 7 26 17 20 26 34 37 3 46 43 22 4 29 18 27 4 35 23 48 43 21 23 43 34 43 47 29
16 22 23 46 39 13 13 31 47 52 25 11 17 31 18 41 2 40 29 20 30 39 43 27 31 34 31 22 0 35 8 21 38 33 18 29 12 7 4 35 48 24 40 51 42 21 42 40 41 18 21 43 50 31 12 40 33 45 41 53 20
19 43 14 37 58 32 26 9 39 42 24 36 22 53 44 16 37 5 41 39 5 4 21 8 38 19 54 13 35 0 39 21 37 52 20 27 27 31 39 34 32 12 49 40 13 16 24 7 21 17 44 14 47 50 30 17 48 30 43 45 36
20 29 28 54 46 21 21 36 55 60 33 18 23 38 25 46 9 44 36 27 34 43 50 31 39 41 38 26 8 39 0 28 46 40 19 36 20 15 6 43 56 27 47 59 47 23 49 44 48 22 28 48 58 38 20 46 40 53 49 61 28
14 22 8 27 37 13 8 13 28 33 6 18 5 31 25 20 22 23 21 18 19 23 22 19 19 13 33 16 21 21 28 0 21 31 19 10 9 14 25 18 28 19 30 32 22 19 21 22 20 15 25 23 33 29 12 19 28 25 27 34 15
35 26 29 12 30 26 26 28 11 16 15 30 25 30 32 24 38 36 16 23 38 37 22 40 10 19 32 37 38 37 46 21 0 27 40 11 26 31 41 3 18 40 16 16 29 40 19 34 21 36 29 29 12 26 26 23 21 16 7 16 20
40 11 39 39 6 23 28 44 38 43 29 22 31 3 15 46 31 54 12 14 50 54 46 50 17 39 5 45 33 52 40 31 27 0 45 27 28 28 34 25 45 48 14 43 51 45 43 53 44 42 12 51 35 2 24 45 6 42 23 41 16
5 34 13 45 51 22 17 19 47 51 25 24 16 44 33 30 20 25 38 31 15 24 35 12 38 27 44 7 18 20 19 19 40 45 0 29 17 17 21 37 43 8 49 49 29 4 35 25 34 5 34 30 52 43 21 30 43 40 46 53 29
24 22 18 18 32 17 16 18 19 24 4 22 14 29 27 19 29 28 15 18 27 28 19 29 11 12 31 26 29 27 36 10 11 27 29 0 16 21 32 8 21 29 22 23 24 29 17 27 17 25 25 24 23 25 17 18 22 18 17 25 15
13 17 13 34 34 5 1 20 35 40 13 9 5 27 18 29 13 30 21 14 24 30 31 22 21 22 28 17 12 27 20 9 26 28 17 16 0 5 16 23 36 20 32 39 31 18 30 29 29 14 18 32 38 26 4 28 26 33 31 41 12
14 17 17 39 34 6 6 25 40 45 18 7 10 27 16 34 8 34 23 15 27 34 36 25 24 27 27 20 7 31 15 14 31 28 17 21 5 0 11 28 41 22 34 44 36 19 35 34 34 16 17 37 43 26 5 33 28 38 34 46 14
20 23 27 50 40 15 17 35 51 56 29 12 21 32 19 45 3 44 30 21 34 43 47 31 34 38 32 26 4 39 6 25 41 34 21 32 16 11 0 38 52 28 41 55 46 24 46 44 45 22 22 47 53 32 15 44 34 49 44 57 22
32 23 26 14 29 23 23 25 13 18 12 27 22 28 29 23 35 34 14 20 35 35 21 37 8 17 30 34 35 34 43 18 3 25 37 8 23 28 38 0 20 37 16 18 28 37 18 32 20 33 26 28 15 24 23 22 19 17 9 19 17
40 43 31 7 48 38 36 25 9 10 23 43 33 48 48 16 49 29 34 39 34 30 11 37 28 16 50 37 48 32 56 28 18 45 43 21 36 41 52 20 0 39 34 8 21 41 8 27 11 38 46 20 17 44 37 15 39 3 24 13 36
8 37 11 42 54 25 20 14 44 48 25 29 17 47 38 25 26 17 39 34 7 16 30 4 38 24 48 3 24 12 27 19 40 48 8 29 20 22 28 37 39 0 49 46 23 4 31 18 29 6 38 24 51 46 24 25 46 37 46 50 32
44 20 38 27 15 28 32 40 25 30 25 29 33 17 25 39 38 50 11 20 49 50 37 49 11 33 19 46 40 49 47 30 16 14 49 22 32 34 41 16 34 49 0 30 44 49 34 48 36 45 22 44 22 14 29 38 9 32 10 28 20
45 41 36 5 45 40 38 32 5 2 26 45 36 46 47 24 52 37 32 38 42 38 19 44 26 22 48 43 51 40 59 32 16 43 49 23 39 44 55 18 8 46 30 0 29 47 16 35 19 44 44 28 10 42 40 23 37 10 20 5 35
27 43 19 26 56 35 30 11 28 31 22 40 26 52 47 5 44 8 39 39 16 9 10 19 35 12 54 22 42 13 47 22 29 51 29 24 31 36 46 28 21 23 44 29 0 26 13 6 10 26 46 1 36 49 34 6 46 19 36 34 36
5 35 11 43 52 23 17 16 45 49 25 26 16 45 35 27 23 21 38 31 11 20 32 8 38 25 46 4 21 16 23 19 40 45 4 29 18 19 24 37 41 4 49 47 26 0 33 22 31 4 36 27 51 43 22 27 43 38 46 51 29
31 39 22 13 47 33 29 17 15 18 18 38 26 45 44 8 43 21 31 35 26 22 3 29 26 8 47 29 42 24 49 21 19 43 35 17 30 35 46 18 8 31 34 16 13 33 0 19 3 30 42 12 23 41 32 7 37 6 26 21 32
24 44 17 32 58 34 28 9 34 37 24 38 24 53 46 11 42 2 41 40 11 3 16 14 38 15 55 18 40 7 44 22 34 53 25 27 29 34 44 32 27 18 48 35 6 22 19 0 16 22 46 7 42 51 32 12 48 25 41 40 37
30 39 21 16 48 33 28 15 18 21 18 38 25 46 44 5 42 18 32 35 24 19 2 27 27 7 48 27 41 21 48 20 21 44 34 17 29 34 45 20 11 29 36 19 10 31 3 16 0 29 42 9 26 42 32 4 39 9 28 24 32
2 31 8 40 48 19 14 15 42 46 21 23 12 41 32 26 20 22 34 28 12 21 31 9 34 22 42 4 18 17 22 15 36 42 5 25 14 16 22 33 38 6 45 44 26 4 30 22 29 0 32 27 48 40 18 26 40 35 42 48 26
31 3 31 40 18 13 19 38 39 44 24 10 22 10 3 42 19 47 13 7 41 47 44 41 19 35 10 35 21 44 28 25 29 12 34 25 18 17 22 26 46 38 22 44 46 36 42 46 42 32 0 47 39 10 14 41 13 43 27 44 10
28 44 20 25 56 36 31 12 27 30 23 41 27 53 48 5 45 9 39 40 17 10 9 20 35 12 55 23 43 14 48 23 29 51 30 24 32 37 47 28 20 24 44 28 1 27 12 7 9 27 47 0 35 49 35 6 46 18 36 33 37
47 36 40 10 37 38 38 38 8 9 27 42 37 38 42 31 50 44 26 34 48 45 26 50 21 28 40 48 50 47 58 33 12 35 52 23 38 43 53 15 17 51 22 10 36 51 23 42 26 48 39 35 0 34 38 30 29 17 12 6 32
38 9 37 38 8 21 26 42 37 42 27 20 29 4 13 44 29 52 10 12 48 52 44 48 16 37 6 43 31 50 38 29 26 2 43 25 26 26 32 24 44 46 14 42 49 43 41 51 42 40 10 49 34 0 22 43 5 41 22 40 14
17 13 16 35 30 1 5 23 36 41 14 6 8 23 14 32 12 33 18 10 27 33 34 26 19 25 24 21 12 30 20 12 26 24 21 17 4 5 15 23 37 24 29 40 34 22 32 32 32 18 14 35 38 22 0 31 23 34 29 42 9
27 38 18 20 50 32 27 11 22 25 17 37 23 47 43 1 41 14 33 34 20 15 5 23 29 6 49 23 40 17 46 19 23 45 30 18 28 33 44 22 15 25 38 23 6 27 7 12 4 26 41 6 30 43 31 0 40 13 30 28 31
38 11 36 33 10 22 26 39 32 37 24 22 29 9 16 41 31 49 7 13 47 49 40 47 12 34 11 43 33 48 40 28 21 6 43 22 26 28 34 19 39 46 9 37 46 43 37 48 39 40 13 46 29 5 23 40 0 36 17 35 14
36 40 27 7 46 35 32 23 9 12 20 40 30 45 45 14 46 27 31 36 32 28 9 35 25 13 47 34 45 30 53 25 16 42 40 18 33 38 49 17 3 37 32 10 19 38 6 25 9 35 43 18 17 41 34 13 36 0 23 15 33
41 24 35 17 25 29 30 34 15 20 21 32 30 26 30 31 41 43 14 23 44 44 29 46 10 26 28 43 41 43 49 27 7 23 46 17 31 34 44 9 24 46 10 20 36 46 26 41 28 42 27 36 12 22 29 30 17 23 0 18 22
48 41 40 8 43 42 40 36 6 3 28 46 38 44 47 29 54 42 31 39 46 43 24 48 26 26 46 47 53 45 61 34 16 41 53 25 41 46 57 19 13 50 28 5 34 51 21 40 24 48 44 33 6 40 42 28 35 15 18 0 36
24 7 23 31 22 8 12 28 30 35 14 10 15 16 12 32 19 38 9 3 34 38 34 34 12 25 18 29 20 36 28 15 20 16 29 15 12 14 22 17 36 32 20 35 36 29 32 37 32 26 10 37 32 14 9 31 14 33 22 36 0
0         734      
61        221      
0         124      
181       361      
70        263      
35        203      
0         155      
289       444      
156       306      
343       506      
288       463      
28        135      
0         121      
80        197      
0         149      
238       383      
444       565      
220       374      
104       250      
0         168      
271       431      
253       374      
182       339      
0         132      
90        275      
263       428      
45        214      
0         94       
536       717      
210       366      
414       570      
0         140      
114       258      
73        237      
0         98       
390       573      
0         118      
0         146      
446       594      
320       451      
187       341      
0         97       
160       288      
202       336      
195       359      
0         103      
203       360      
213       386      
263       408      
0         114      
36        165      
274       415      
157       339      
78        285      
0         166      
346       484      
112       242      
349       469      
161       264      
502       662      
445       634      
