61
0 21 27 12 19 27 17 23 24 24 21 22 20 15 17 14 16 15 6 22 22 22 20 22 19 24 25 11 7 19 17 17 12 8 19 9 33 31 23 16 5 26 28 12 19 5 23 21 31 12 15 36 10 20 25 17 23 13 26 27 20
21 0 23 15 19 48 11 18 45 35 20 35 41 17 30 20 20 32 18 20 33 27 40 26 36 34 43 18 27 30 37 19 9 24 38 29 44 47 41 28 17 20 47 26 39 26 44 39 16 13 33 47 25 32 39 6 40 29 15 33 40
27 23 0 32 38 49 13 5 42 19 40 49 40 35 44 13 38 42 21 5 49 45 46 9 46 18 31 16 28 16 36 37 21 21 32 29 27 32 30 43 27 4 37 18 45 31 47 47 16 16 42 30 20 47 25 18 49 40 10 51 39
12 15 32 0 7 37 19 27 36 35 9 20 31 3 14 21 6 17 14 27 18 13 25 29 21 35 37 18 19 30 29 5 11 20 31 21 44 43 35 13 8 30 40 23 24 16 31 24 30 16 18 47 21 17 36 16 25 14 28 19 32
19 19 38 7 0 42 25 33 42 42 2 20 37 4 15 28 5 20 21 34 17 8 28 36 22 42 44 25 26 37 35 2 17 27 38 28 51 50 42 14 15 36 47 30 27 22 35 26 35 22 21 54 28 17 43 21 27 17 33 14 38
27 48 49 37 42 0 43 47 9 35 44 25 8 38 28 36 37 22 32 44 30 39 15 40 21 36 25 35 22 33 12 40 39 28 18 20 39 30 23 29 31 50 18 30 15 22 7 17 57 38 21 40 29 28 30 44 18 25 52 39 9
17 11 13 19 25 43 0 8 38 24 27 37 35 22 32 10 25 31 12 9 37 32 37 15 35 23 33 8 21 20 31 24 8 15 29 22 33 37 31 31 15 11 38 16 36 22 40 38 14 5 32 36 15 35 29 5 39 28 9 38 34
23 18 5 27 33 47 8 0 41 21 35 45 39 30 40 11 33 38 17 4 45 40 43 11 42 20 32 13 26 17 35 32 16 19 31 27 30 34 31 39 23 3 38 17 42 28 45 44 13 12 38 33 18 43 26 13 46 36 7 46 38
24 45 42 36 42 9 38 41 0 27 44 29 5 38 29 30 37 23 27 38 33 39 19 33 24 28 16 30 17 26 7 40 35 23 10 15 30 21 14 30 29 44 9 24 19 20 13 21 52 33 22 31 23 30 21 40 22 25 47 41 4
24 35 19 35 42 35 24 21 27 0 44 44 28 38 41 15 40 36 21 17 46 46 39 10 39 1 13 18 21 5 24 40 27 16 17 20 9 13 13 40 28 22 20 12 38 26 37 40 34 22 36 12 14 43 7 29 42 36 28 51 26
21 20 40 9 2 44 27 35 44 44 0 21 39 6 17 30 7 22 23 36 18 8 30 38 24 44 46 27 28 39 37 4 19 29 40 30 53 52 44 16 17 38 49 32 29 24 37 28 36 24 23 56 30 18 45 23 29 19 34 13 40
22 35 49 20 20 25 37 45 29 44 21 0 24 19 5 36 16 7 28 44 5 14 10 44 5 44 39 33 22 39 25 19 29 29 31 23 51 45 36 6 22 48 38 33 10 18 18 8 50 33 8 53 31 3 41 34 8 9 46 14 26
20 41 40 31 37 8 35 39 5 28 39 24 0 33 24 28 32 18 23 36 27 34 14 32 19 29 18 26 14 25 4 35 32 20 11 12 32 24 16 25 24 42 14 22 14 15 9 16 49 30 17 33 21 25 23 36 17 20 43 36 2
15 17 35 3 4 38 22 30 38 38 6 19 33 0 13 24 3 17 17 30 16 10 25 32 20 38 40 21 22 33 31 2 14 23 34 24 47 46 38 12 11 33 43 26 24 18 32 24 33 19 18 50 24 16 39 19 25 14 31 16 34
17 30 44 14 15 28 32 40 29 41 17 5 24 13 0 31 11 6 23 39 5 11 13 39 7 41 38 28 20 36 24 14 24 25 30 21 49 44 35 1 17 43 37 29 13 15 21 11 44 28 7 51 27 3 39 29 12 5 41 12 26
14 20 13 21 28 36 10 11 30 15 30 36 28 24 31 0 27 29 8 8 36 34 33 8 33 14 23 3 15 10 24 26 12 8 20 16 24 27 21 30 14 14 28 6 32 18 34 34 23 7 29 27 7 34 19 14 36 27 17 39 27
16 20 38 6 5 37 25 33 37 40 7 16 32 3 11 27 0 15 19 33 13 7 23 35 18 40 41 23 22 35 30 3 17 24 34 24 49 47 39 10 12 36 43 28 22 18 30 22 36 22 16 52 26 13 41 22 23 12 34 13 33
15 32 42 17 20 22 31 38 23 36 22 7 18 17 6 29 15 0 21 37 9 17 8 37 4 37 32 26 15 32 18 18 24 22 24 16 43 38 29 7 16 41 31 26 7 11 15 7 45 27 1 46 24 7 34 29 8 3 40 18 20
6 18 21 14 21 32 12 17 27 21 23 28 23 17 23 8 19 21 0 16 28 26 26 16 25 21 25 5 10 16 19 19 9 6 20 11 30 29 23 22 7 20 29 9 25 11 29 27 26 7 21 33 7 26 22 13 29 19 21 32 22
22 20 5 27 34 44 9 4 38 17 36 44 36 30 39 8 33 37 16 0 44 40 41 7 41 16 27 11 23 13 32 32 16 16 28 24 26 30 27 38 22 6 34 14 40 26 42 42 17 11 37 29 15 42 22 14 44 35 11 46 35
22 33 49 18 17 30 37 45 33 46 18 5 27 16 5 36 13 9 28 44 0 10 15 44 9 46 41 33 24 41 27 16 29 30 33 25 52 47 38 6 22 48 40 34 15 19 23 13 48 33 10 55 32 2 43 34 13 9 46 9 29
22 27 45 13 8 39 32 40 39 46 8 14 34 10 11 34 7 17 26 40 10 0 24 42 18 46 46 30 27 41 34 8 24 30 39 29 55 52 44 10 19 43 47 34 24 23 32 22 43 29 18 58 32 11 46 29 22 14 41 6 36
20 40 46 25 28 15 37 43 19 39 30 10 14 25 13 33 23 8 26 41 15 24 0 41 6 40 31 30 19 36 17 26 31 26 24 19 44 37 29 14 23 46 28 30 1 15 8 2 51 32 7 46 28 13 35 36 3 11 46 24 16
22 26 9 29 36 40 15 11 33 10 38 44 32 32 39 8 35 37 16 7 44 42 41 0 41 9 21 11 22 7 28 34 20 15 23 22 19 23 21 38 22 12 28 11 40 26 40 42 24 15 37 22 13 42 16 20 44 35 18 47 31
19 36 46 21 22 21 35 42 24 39 24 5 19 20 7 33 18 4 25 41 9 18 6 41 0 40 35 30 19 36 20 21 28 26 27 19 47 41 32 8 20 45 33 30 6 15 14 4 49 31 4 49 28 7 37 33 5 7 44 18 21
24 34 18 35 42 36 23 20 28 1 44 44 29 38 41 14 40 37 21 16 46 46 40 9 40 0 14 17 22 5 25 40 26 16 18 21 10 14 14 40 28 21 21 12 39 26 38 41 33 21 37 13 14 43 8 28 43 36 27 51 27
25 43 31 37 44 25 33 32 16 13 46 39 18 40 38 23 41 32 25 27 41 46 31 21 35 14 0 25 19 14 15 42 34 19 7 17 14 6 2 37 30 33 8 17 30 23 27 32 44 30 31 15 18 39 6 37 34 32 38 49 16
11 18 16 18 25 35 8 13 30 18 27 33 26 21 28 3 23 26 5 11 33 30 30 11 30 17 25 0 13 13 22 23 9 7 21 14 27 29 23 27 11 16 29 8 29 15 32 31 22 5 26 30 7 31 21 12 33 24 17 36 25
7 27 28 19 26 22 21 26 17 21 28 22 14 22 20 15 22 15 10 23 24 27 19 22 19 22 19 13 0 17 10 24 18 7 12 2 28 25 17 20 12 29 21 11 18 5 19 20 35 17 15 31 9 22 19 23 22 15 30 31 13
19 30 16 30 37 33 20 17 26 5 39 39 25 33 36 10 35 32 16 13 41 41 36 7 36 5 14 13 17 0 21 35 22 11 16 17 14 17 14 35 23 19 21 7 35 22 34 37 30 17 32 17 9 39 9 24 39 31 24 46 24
17 37 36 29 35 12 31 35 7 24 37 25 4 31 24 24 30 18 19 32 27 34 17 28 20 25 15 22 10 21 0 33 28 16 7 8 28 21 12 25 22 38 13 18 16 13 13 18 44 26 17 29 17 25 19 32 20 20 39 36 3
17 19 37 5 2 40 24 32 40 40 4 19 35 2 14 26 3 18 19 32 16 8 26 34 21 40 42 23 24 35 33 0 16 25 36 26 49 48 40 13 13 35 45 28 25 20 33 25 35 21 19 52 26 16 41 21 26 15 33 14 36
12 9 21 11 17 39 8 16 35 27 19 29 32 14 24 12 17 24 9 16 29 24 31 20 28 26 34 9 18 22 28 16 0 15 29 20 36 38 32 23 8 19 38 17 30 17 35 31 20 5 25 39 16 27 30 5 32 21 17 30 31
8 24 21 20 27 28 15 19 23 16 29 29 20 23 25 8 24 22 6 16 30 30 26 15 26 16 19 7 7 11 16 25 15 0 14 8 25 24 17 24 12 22 23 4 25 11 26 27 29 11 22 28 2 27 17 18 29 20 24 35 19
19 38 32 31 38 18 29 31 10 17 40 31 11 34 30 20 34 24 20 28 33 39 24 23 27 18 7 21 12 16 7 36 29 14 0 10 21 13 5 30 24 34 9 14 23 16 20 25 43 25 24 22 14 31 12 32 27 25 37 42 9
9 29 29 21 28 20 22 27 15 20 30 23 12 24 21 16 24 16 11 24 25 29 19 22 19 21 17 14 2 17 8 26 20 8 10 0 27 23 15 21 14 30 19 11 18 6 18 20 36 18 16 30 9 23 18 24 22 16 31 32 11
33 44 27 44 51 39 33 30 30 9 53 51 32 47 49 24 49 43 30 26 52 55 44 19 47 10 14 27 28 14 28 49 36 25 21 27 0 9 16 48 37 31 21 21 43 33 41 45 43 31 43 3 23 50 9 38 47 43 37 59 30
31 47 32 43 50 30 37 34 21 13 52 45 24 46 44 27 47 38 29 30 47 52 37 23 41 14 6 29 25 17 21 48 38 24 13 23 9 0 8 43 36 35 12 21 36 29 33 38 47 34 37 10 22 44 8 41 40 38 41 55 22
23 41 30 35 42 23 31 31 14 13 44 36 16 38 35 21 39 29 23 27 38 44 29 21 32 14 2 23 17 14 12 40 32 17 5 15 16 8 0 35 28 33 7 15 28 21 25 30 44 28 29 17 16 36 7 35 32 30 38 47 14
16 28 43 13 14 29 31 39 30 40 16 6 25 12 1 30 10 7 22 38 6 10 14 38 8 40 37 27 20 35 25 13 23 24 30 21 48 43 35 0 16 42 38 28 14 15 22 12 43 27 8 51 26 4 39 28 13 5 40 12 26
5 17 27 8 15 31 15 23 29 28 17 22 24 11 17 14 12 16 7 22 22 19 23 22 20 28 30 11 12 23 22 13 8 12 24 14 37 36 28 16 0 26 33 16 22 9 27 23 28 11 17 40 14 20 29 13 24 13 24 25 25
26 20 4 30 36 50 11 3 44 22 38 48 42 33 43 14 36 41 20 6 48 43 46 12 45 21 33 16 29 19 38 35 19 22 34 30 31 35 33 42 26 0 40 20 45 31 48 47 12 15 41 34 21 46 28 15 49 39 6 49 41
28 47 37 40 47 18 38 38 9 20 49 38 14 43 37 28 43 31 29 34 40 47 28 28 33 21 8 29 21 21 13 45 38 23 9 19 21 12 7 38 33 40 0 22 28 25 22 30 51 34 30 22 22 38 14 41 31 33 45 49 12
12 26 18 23 30 30 16 17 24 12 32 33 22 26 29 6 28 26 9 14 34 34 30 11 30 12 17 8 11 7 18 28 17 4 14 11 21 21 15 28 16 20 22 0 29 15 29 31 29 13 26 24 2 31 13 20 33 24 23 39 21
19 39 45 24 27 15 36 42 19 38 29 10 14 24 13 32 22 7 25 40 15 24 1 40 6 39 30 29 18 35 16 25 30 25 23 18 43 36 28 14 22 45 28 29 0 14 8 2 50 31 6 45 27 13 34 35 4 10 45 24 16
5 26 31 16 22 22 22 28 20 26 24 18 15 18 15 18 18 11 11 26 19 23 15 26 15 26 23 15 5 22 13 20 17 11 16 6 33 29 21 15 9 31 25 15 14 0 18 16 36 17 11 36 13 17 24 22 18 10 31 26 16
23 44 47 31 35 7 40 45 13 37 37 18 9 32 21 34 30 15 29 42 23 32 8 40 14 38 27 32 19 34 13 33 35 26 20 18 41 33 25 22 27 48 22 29 8 18 0 10 54 35 14 42 27 21 32 40 11 18 49 32 11
21 39 47 24 26 17 38 44 21 40 28 8 16 24 11 34 22 7 27 42 13 22 2 42 4 41 32 31 20 37 18 25 31 27 25 20 45 38 30 12 23 47 30 31 2 16 10 0 51 33 6 47 29 11 36 36 2 10 47 22 18
31 16 16 30 35 57 14 13 52 34 36 50 49 33 44 23 36 45 26 17 48 43 51 24 49 33 44 22 35 30 44 35 20 29 43 36 43 47 44 43 28 12 51 29 50 36 54 51 0 19 45 46 29 47 39 15 52 41 6 49 47
12 13 16 16 22 38 5 12 33 22 24 33 30 19 28 7 22 27 7 11 33 29 32 15 31 21 30 5 17 17 26 21 5 11 25 18 31 34 28 27 11 15 34 13 31 17 35 33 19 0 27 34 12 31 26 7 35 24 14 35 29
15 33 42 18 21 21 32 38 22 36 23 8 17 18 7 29 16 1 21 37 10 18 7 37 4 37 31 26 15 32 17 19 25 22 24 16 43 37 29 8 17 41 30 26 6 11 14 6 45 27 0 46 24 8 34 30 8 4 41 19 19
36 47 30 47 54 40 36 33 31 12 56 53 33 50 51 27 52 46 33 29 55 58 46 22 49 13 15 30 31 17 29 52 39 28 22 30 3 10 17 51 40 34 22 24 45 36 42 47 46 34 46 0 26 53 12 41 49 46 40 62 31
10 25 20 21 28 29 15 18 23 14 30 31 21 24 27 7 26 24 7 15 32 32 28 13 28 14 18 7 9 9 17 26 16 2 14 9 23 22 16 26 14 21 22 2 27 13 27 29 29 12 24 26 0 29 15 19 31 22 24 37 20
20 32 47 17 17 28 35 43 30 43 18 3 25 16 3 34 13 7 26 42 2 11 13 42 7 43 39 31 22 39 25 16 27 27 31 23 50 44 36 4 20 46 38 31 13 17 21 11 47 31 8 53 29 0 41 32 11 7 44 11 27
25 39 25 36 43 30 29 26 21 7 45 41 23 39 39 19 41 34 22 22 43 46 35 16 37 8 6 21 19 9 19 41 30 17 12 18 9 8 7 39 29 28 14 13 34 24 32 36 39 26 34 12 15 41 0 33 38 34 33 50 21
17 6 18 16 21 44 5 13 40 29 23 34 36 19 29 14 22 29 13 14 34 29 36 20 33 28 37 12 23 24 32 21 5 18 32 24 38 41 35 28 13 15 41 20 35 22 40 36 15 7 30 41 19 32 33 0 37 26 12 35 35
23 40 49 25 27 18 39 46 22 42 29 8 17 25 12 36 23 8 29 44 13 22 3 44 5 43 34 33 22 39 20 26 32 29 27 22 47 40 32 13 24 49 31 33 4 18 11 2 52 35 8 49 31 11 38 37 0 11 48 22 19
13 29 40 14 17 25 28 36 25 36 19 9 20 14 5 27 12 3 19 35 9 14 11 35 7 36 32 24 15 31 20 15 21 20 25 16 43 38 30 5 13 39 33 24 10 10 18 10 41 24 4 46 22 7 34 26 11 0 37 17 22
26 15 10 28 33 52 9 7 47 28 34 46 43 31 41 17 34 40 21 11 46 41 46 18 44 27 38 17 30 24 39 33 17 24 37 31 37 41 38 40 24 6 45 23 45 31 49 47 6 14 41 40 24 44 33 12 48 37 0 47 42
27 33 51 19 14 39 38 46 41 51 13 14 36 16 12 39 13 18 32 46 9 6 24 47 18 51 49 36 31 46 36 14 30 35 42 32 59 55 47 12 25 49 49 39 24 26 32 22 49 35 19 62 37 11 50 35 22 17 47 0 38
20 40 39 32 38 9 34 38 4 26 40 26 2 34 26 27 33 20 22 35 29 36 16 31 21 27 16 25 13 24 3 36 31 19 9 11 30 22 14 26 25 41 12 21 16 16 11 18 47 29 19 31 20 27 21 35 19 22 42 38 0
0         769      
0         126      
42        196      
339       473      
325       479      
217       365      
31        171      
33        163      
210       365      
81        220      
430       575      
282       426      
226       341      
343       471      
282       431      
0         98       
340       468      
253       396      
0         84       
45        182      
302       473      
338       452      
400       551      
603       746      
354       392      
171       302      
121       259      
92        199      
0         123      
72        235      
256       364      
326       461      
0         130      
0         67       
18        268      
194       348      
189       326      
141       300      
92        255      
303       439      
0         141      
28        184      
142       272      
0         84       
267       383      
0         125      
460       584      
276       416      
519       637      
15        176      
303       428      
156       294      
0         114      
285       443      
109       232      
0         149      
281       414      
286       433      
48        198      
354       492      
549       691      
