81
0 19 32 27 45 9 42 41 30 16 48 49 46 33 48 51 26 59 15 39 45 53 34 27 28 45 41 55 8 38 25 41 23 39 39 38 27 16 17 44 36 58 23 37 51 32 48 18 38 53 41 12 23 49 5 25 58 39 32 2 51 20 48 34 18 40 30 29 47 25 47 32 31 30 42 25 39 48 24 57 21
19 0 15 15 26 19 37 22 29 4 34 44 41 14 34 36 23 44 18 20 45 39 15 19 15 26 37 41 23 35 8 22 23 26 37 19 16 4 10 26 17 43 24 27 33 13 37 18 29 43 22 17 5 48 23 27 44 34 29 19 34 2 34 33 18 25 15 10 38 27 40 15 12 13 23 14 20 43 5 43 2
32 15 0 6 17 27 29 16 26 16 20 36 31 10 19 21 19 29 23 15 40 24 7 12 5 17 29 26 31 27 7 12 23 12 31 10 7 16 15 13 20 28 24 14 20 17 23 21 16 29 12 24 10 41 33 28 29 25 24 31 20 16 19 29 21 10 3 20 24 27 26 2 16 2 19 8 13 33 14 28 16
27 15 6 0 23 22 24 22 20 13 20 31 27 15 20 24 13 32 17 20 34 25 12 6 1 23 24 27 26 22 7 18 17 12 25 16 1 14 10 18 25 31 18 12 25 21 22 15 14 28 18 18 11 36 28 22 30 20 18 26 24 17 21 23 15 13 3 22 23 21 25 8 20 6 24 2 19 29 15 29 17
45 26 17 23 0 43 42 6 42 29 25 49 44 11 23 19 35 26 40 8 55 27 11 29 22 1 43 27 47 42 21 5 40 21 47 7 24 29 31 8 18 26 41 27 12 18 30 38 27 34 5 40 22 55 48 45 29 37 40 44 16 25 21 45 38 16 20 22 32 44 36 15 17 17 11 25 5 44 21 30 24
9 19 27 22 43 0 33 41 21 15 41 40 37 33 42 46 18 54 6 39 36 46 32 20 23 43 32 48 4 29 22 38 14 33 30 36 22 15 12 40 36 53 14 30 47 32 40 9 30 45 38 4 22 40 7 16 51 30 23 7 46 20 42 25 9 35 25 29 39 16 39 28 31 26 42 20 39 39 24 49 21
42 37 29 24 42 33 0 44 12 35 22 7 4 39 23 31 16 36 27 44 13 25 36 18 25 41 2 27 34 4 31 37 19 20 7 37 23 36 29 33 49 34 19 15 38 45 17 24 14 18 36 30 35 13 39 18 30 4 10 40 33 39 25 11 24 25 26 46 15 17 11 31 44 30 48 24 41 6 39 27 39
41 22 16 22 6 41 44 0 42 26 29 51 46 8 28 25 35 32 38 2 56 32 9 28 21 7 45 33 45 43 19 8 39 24 47 6 23 26 29 13 12 32 40 28 18 12 34 36 30 38 8 38 19 57 45 44 35 39 40 41 22 22 26 45 36 19 19 16 35 43 39 13 12 15 5 23 2 47 17 36 20
30 29 26 20 42 21 12 42 0 25 28 19 16 35 29 37 7 42 15 40 16 33 32 13 21 42 11 35 22 8 26 37 7 24 9 36 18 26 19 36 44 40 7 18 42 40 25 12 18 29 37 18 29 19 27 6 38 12 3 28 39 31 31 4 12 29 22 39 24 5 22 27 39 26 44 19 38 18 33 36 31
16 4 16 13 29 15 35 26 25 0 33 42 39 18 33 37 19 45 14 24 41 38 18 17 14 29 34 40 19 31 9 25 19 25 33 22 14 1 6 27 21 44 19 25 34 17 35 14 27 41 25 13 7 44 19 23 43 32 25 15 35 6 34 29 14 26 15 14 36 22 38 16 16 14 27 12 24 41 9 42 6
48 34 20 20 25 41 22 29 28 33 0 26 21 29 1 9 25 14 35 29 35 5 25 21 20 24 24 7 44 24 26 21 30 8 29 23 20 34 30 16 39 12 31 12 16 37 5 31 11 9 21 37 30 34 48 34 10 19 25 46 11 36 3 30 31 11 19 40 7 33 11 22 36 22 34 22 27 21 34 9 36
49 44 36 31 49 40 7 51 19 42 26 0 5 46 27 35 23 39 34 51 10 28 43 25 32 48 8 30 41 11 38 43 26 27 10 44 30 43 36 40 56 37 26 22 42 52 20 31 21 21 43 37 42 9 46 24 33 11 17 47 37 46 29 15 31 32 33 53 18 24 14 38 51 37 55 31 48 4 46 30 46
46 41 31 27 44 37 4 46 16 39 21 5 0 41 22 30 20 35 31 46 14 24 38 22 28 43 5 26 38 8 34 38 23 22 10 39 26 40 33 35 51 33 23 17 37 48 16 28 16 17 38 34 38 13 43 22 29 7 14 44 32 43 24 14 28 27 29 49 14 21 10 33 47 33 50 28 43 2 42 26 43
33 14 10 15 11 33 39 8 35 18 29 46 41 0 28 26 28 33 30 6 49 33 4 21 14 12 39 34 37 37 11 9 32 22 40 6 16 18 21 14 10 33 33 24 20 8 32 28 26 38 9 30 11 51 37 37 36 35 33 33 23 14 27 38 28 18 13 11 34 36 36 8 7 9 9 17 6 43 10 37 13
48 34 19 20 23 42 23 28 29 33 1 27 22 28 0 8 25 13 35 28 36 5 24 21 20 22 25 7 44 25 26 20 30 8 30 22 20 34 30 15 38 12 31 12 15 36 6 31 11 10 20 37 29 35 48 34 10 20 26 46 10 35 2 31 31 10 19 39 8 33 12 21 35 21 33 22 26 22 33 9 35
51 36 21 24 19 46 31 25 37 37 9 35 30 26 8 0 31 8 41 26 44 9 23 26 23 18 33 8 50 33 28 17 36 13 38 20 24 37 34 12 36 7 37 19 8 34 14 36 19 17 17 42 31 43 52 41 10 28 34 50 3 37 6 39 36 11 22 37 16 40 20 21 33 23 30 26 23 30 33 11 36
26 23 19 13 35 18 16 35 7 19 25 23 20 28 25 31 0 38 11 33 22 29 25 6 14 35 15 31 20 12 19 30 5 18 14 29 11 20 13 30 37 37 6 13 36 33 23 8 14 27 30 14 22 25 24 10 34 13 6 24 33 25 26 11 8 23 15 33 22 9 21 20 32 19 37 12 31 22 26 33 25
59 44 29 32 26 54 36 32 42 45 14 39 35 33 13 8 38 0 48 33 49 11 30 34 31 25 38 9 57 38 36 24 43 21 43 27 32 45 42 19 43 2 44 25 14 41 19 44 24 18 24 50 39 48 60 47 6 33 39 58 10 45 12 44 44 19 30 44 21 46 25 29 40 31 37 34 30 35 41 9 44
15 18 23 17 40 6 27 38 15 14 35 34 31 30 35 41 11 48 0 36 30 40 29 13 18 40 26 42 9 23 19 35 8 26 24 33 17 15 9 35 35 46 8 23 42 31 34 3 24 38 35 3 19 34 13 11 45 24 17 13 41 20 35 19 3 30 20 28 33 10 32 25 29 23 39 15 36 33 23 43 20
39 20 15 20 8 39 44 2 40 24 29 51 46 6 28 26 33 33 36 0 54 33 8 26 19 8 44 34 43 42 17 9 37 24 45 6 21 24 27 14 10 33 38 28 19 10 34 34 30 38 9 36 17 56 43 42 36 39 38 39 23 19 27 43 34 19 18 14 35 41 39 13 10 14 5 22 3 47 15 37 18
45 45 40 34 55 36 13 56 16 41 35 10 14 49 36 44 22 49 30 54 0 38 46 27 35 54 11 40 37 13 40 49 23 33 8 49 32 42 35 46 59 47 23 27 50 54 30 28 26 31 49 33 44 4 42 20 43 16 16 43 46 47 38 12 28 38 36 55 28 20 24 41 53 40 58 33 52 14 48 40 47
53 39 24 25 27 46 25 32 33 38 5 28 24 33 5 9 29 11 40 33 38 0 29 26 25 26 27 2 49 27 31 24 34 13 32 27 25 39 35 19 43 9 35 17 17 41 8 36 15 8 24 42 34 37 53 38 5 22 30 51 12 40 6 34 36 15 24 44 10 37 14 26 40 26 37 27 30 24 38 4 40
34 15 7 12 11 32 36 9 32 18 25 43 38 4 24 23 25 30 29 8 46 29 0 18 11 11 36 30 36 34 10 7 29 18 37 4 13 18 20 11 14 30 30 21 18 12 28 27 23 34 7 29 11 48 37 34 32 32 30 33 20 16 23 35 27 14 10 15 30 33 33 5 11 6 12 14 7 40 12 33 15
27 19 12 6 29 20 18 28 13 17 21 25 22 21 21 26 6 34 13 26 27 26 18 0 7 29 18 28 22 16 13 24 11 13 19 22 5 18 11 24 31 33 12 10 30 27 20 10 11 26 24 16 16 30 26 16 31 15 12 26 28 21 22 17 10 17 9 28 20 15 21 14 26 12 30 6 25 24 20 30 21
28 15 5 1 22 23 25 21 21 14 20 32 28 14 20 23 14 31 18 19 35 25 11 7 0 22 25 27 27 23 7 17 18 12 26 15 2 15 11 17 24 30 19 12 24 20 22 16 14 28 17 19 11 37 29 23 30 21 19 27 23 17 20 24 16 12 2 22 23 22 25 7 19 5 23 3 18 30 15 29 17
45 26 17 23 1 43 41 7 42 29 24 48 43 12 22 18 35 25 40 8 54 26 11 29 22 0 42 26 47 41 21 5 40 20 46 7 24 29 31 7 18 25 41 26 11 18 28 38 26 32 5 40 22 54 48 45 28 36 40 44 15 26 20 45 38 15 20 22 30 44 34 15 18 17 12 25 6 43 22 29 25
41 37 29 24 43 32 2 45 11 34 24 8 5 39 25 33 15 38 26 44 11 27 36 18 25 42 0 29 33 3 31 38 18 21 5 38 23 35 28 34 49 36 18 16 39 45 19 23 15 20 37 29 34 12 38 17 32 5 9 39 35 39 27 9 23 26 27 46 17 16 13 31 44 30 48 24 42 7 38 29 39
55 41 26 27 27 48 27 33 35 40 7 30 26 34 7 8 31 9 42 34 40 2 30 28 27 26 29 0 50 29 33 25 36 15 34 28 27 41 37 20 44 7 37 19 16 42 10 38 17 9 25 44 36 39 54 40 3 24 32 53 11 42 7 36 38 16 26 45 12 39 16 27 41 28 38 29 31 26 39 3 42
8 23 31 26 47 4 34 45 22 19 44 41 38 37 44 50 20 57 9 43 37 49 36 22 27 47 33 50 0 30 26 42 16 35 31 40 26 19 16 44 40 55 16 32 51 36 42 12 33 47 42 8 26 41 5 17 53 33 25 7 50 24 44 26 12 39 29 33 42 17 41 32 35 30 46 24 43 40 28 52 25
38 35 27 22 42 29 4 43 8 31 24 11 8 37 25 33 12 38 23 42 13 27 34 16 23 41 3 29 30 0 29 37 15 20 5 37 21 32 25 33 47 36 15 15 38 43 19 20 14 21 36 26 32 14 35 14 32 5 6 36 35 37 27 7 20 25 24 44 17 13 14 29 42 28 46 22 40 10 36 29 37
25 8 7 7 21 22 31 19 26 9 26 38 34 11 26 28 19 36 19 17 40 31 10 13 7 21 31 33 26 29 0 17 21 18 32 14 8 9 10 18 18 35 22 19 25 14 29 17 21 35 17 19 4 43 27 26 36 27 25 24 26 10 26 30 17 17 7 15 30 25 32 7 13 5 20 7 17 36 8 35 10
41 22 12 18 5 38 37 8 37 25 21 43 38 9 20 17 30 24 35 9 49 24 7 24 17 5 38 25 42 37 17 0 35 16 42 3 19 25 26 5 19 24 36 22 11 17 26 33 22 30 0 35 18 50 44 40 27 32 35 40 14 23 18 40 33 11 15 20 28 39 31 10 16 12 13 20 6 39 19 28 22
23 23 23 17 40 14 19 39 7 19 30 26 23 32 30 36 5 43 8 37 23 34 29 11 18 40 18 36 16 15 21 35 0 23 16 33 16 20 13 35 39 42 1 18 41 35 28 5 19 32 35 11 23 26 21 5 39 17 9 21 38 25 31 11 5 28 20 33 27 4 26 25 33 23 41 15 36 25 27 38 25
39 26 12 12 21 33 20 24 24 25 8 27 22 22 8 13 18 21 26 24 33 13 18 13 12 20 21 15 35 20 18 16 23 0 25 18 12 26 22 13 32 19 24 6 18 29 11 23 6 17 16 29 22 33 39 28 18 16 21 38 15 28 9 26 23 5 11 32 12 27 15 14 28 14 29 14 22 23 26 17 28
39 37 31 25 47 30 7 47 9 33 29 10 10 40 30 38 14 43 24 45 8 32 37 19 26 46 5 34 31 5 32 42 16 25 0 41 24 34 27 38 50 41 16 20 43 46 24 21 19 25 41 27 35 11 36 14 37 10 8 37 40 39 32 5 21 30 28 47 22 14 18 33 45 31 49 25 44 12 39 34 39
38 19 10 16 7 36 37 6 36 22 23 44 39 6 22 20 29 27 33 6 49 27 4 22 15 7 38 28 40 37 14 3 33 18 41 0 17 22 24 8 16 27 34 22 14 14 28 31 24 32 3 33 15 50 41 38 30 33 34 37 17 20 21 39 31 13 13 17 29 37 33 8 13 10 11 18 4 41 16 31 19
27 16 7 1 24 22 23 23 18 14 20 30 26 16 20 24 11 32 17 21 32 25 13 5 2 24 23 27 26 21 8 19 16 12 24 17 0 15 10 19 26 31 17 11 26 22 21 14 13 27 19 18 12 35 28 21 30 19 17 26 24 18 21 22 14 13 4 23 22 20 24 9 21 7 25 2 20 28 16 29 18
16 4 16 14 29 15 36 26 26 1 34 43 40 18 34 37 20 45 15 24 42 39 18 18 15 29 35 41 19 32 9 25 20 26 34 22 15 0 7 27 21 44 20 26 34 17 36 15 28 42 25 13 7 45 19 24 44 33 26 15 35 5 35 30 15 26 16 14 37 23 39 16 16 14 27 13 24 42 9 43 6
17 10 15 10 31 12 29 29 19 6 30 36 33 21 30 34 13 42 9 27 35 35 20 11 11 31 28 37 16 25 10 26 13 22 27 24 10 7 0 27 26 41 13 20 34 22 31 8 22 36 26 9 10 38 18 17 40 26 19 16 34 12 31 23 8 23 13 20 31 16 32 16 20 14 30 8 27 35 14 39 12
44 26 13 18 8 40 33 13 36 27 16 40 35 14 15 12 30 19 35 14 46 19 11 24 17 7 34 20 44 33 18 5 35 13 38 8 19 27 27 0 24 19 36 19 7 22 21 33 19 25 5 36 21 46 45 40 22 29 33 42 9 27 13 38 33 8 15 25 23 39 27 12 21 13 18 20 11 36 23 23 26
36 17 20 25 18 36 49 12 44 21 39 56 51 10 38 36 37 43 35 10 59 43 14 31 24 18 49 44 40 47 18 19 39 32 50 16 26 21 26 24 0 43 39 34 29 4 42 34 36 48 19 34 15 61 40 43 46 45 43 36 33 16 37 48 34 28 23 7 44 42 46 18 5 19 8 25 13 53 12 47 15
58 43 28 31 26 53 34 32 40 44 12 37 33 33 12 7 37 2 46 33 47 9 30 33 30 25 36 7 55 36 35 24 42 19 41 27 31 44 41 19 43 0 43 23 14 41 17 42 23 16 24 48 38 46 58 46 5 31 37 57 10 44 10 42 42 18 29 44 19 45 23 28 40 30 37 33 30 33 40 8 43
23 24 24 18 41 14 19 40 7 19 31 26 23 33 31 37 6 44 8 38 23 35 30 12 19 41 18 37 16 15 22 36 1 24 16 34 17 20 13 36 39 43 0 19 42 35 29 5 20 33 36 11 23 26 20 4 40 18 9 21 39 25 32 11 5 29 21 33 28 3 27 26 33 24 42 16 37 25 27 39 25
37 27 14 12 27 30 15 28 18 25 12 22 17 24 12 19 13 25 23 28 27 17 21 10 12 26 16 19 32 15 19 22 18 6 20 22 11 26 20 19 34 23 19 0 24 31 11 20 2 16 22 26 23 28 36 23 22 11 15 36 21 29 13 20 20 11 12 33 11 22 13 16 30 16 33 13 26 19 27 21 29
51 33 20 25 12 47 38 18 42 34 16 42 37 20 15 8 36 14 42 19 50 17 18 30 24 11 39 16 51 38 25 11 41 18 43 14 26 34 34 7 29 14 42 24 0 28 21 40 24 25 11 43 28 50 52 46 18 34 39 49 5 34 13 44 40 13 22 31 23 45 27 19 27 20 23 27 16 37 30 19 33
32 13 17 21 18 32 45 12 40 17 37 52 48 8 36 34 33 41 31 10 54 41 12 27 20 18 45 42 36 43 14 17 35 29 46 14 22 17 22 22 4 41 35 31 28 0 40 30 33 46 17 30 11 57 36 39 44 41 39 32 31 12 35 44 30 26 19 4 41 38 43 15 1 15 10 21 13 50 8 45 11
48 37 23 22 30 40 17 34 25 35 5 20 16 32 6 14 23 19 34 34 30 8 28 20 22 28 19 10 42 19 29 26 28 11 24 28 21 36 31 21 42 17 29 11 21 40 0 30 9 6 26 36 33 29 46 31 13 14 22 46 16 39 8 26 30 15 22 43 2 30 6 25 39 25 39 23 32 16 37 11 39
18 18 21 15 38 9 24 36 12 14 31 31 28 28 31 36 8 44 3 34 28 36 27 10 16 38 23 38 12 20 17 33 5 23 21 31 14 15 8 33 34 42 5 20 40 30 30 0 21 35 33 6 18 31 16 9 41 21 14 16 38 20 32 16 0 27 18 28 30 8 29 23 28 21 37 13 34 30 22 40 20
38 29 16 14 27 30 14 30 18 27 11 21 16 26 11 19 14 24 24 30 26 15 23 11 14 26 15 17 33 14 21 22 19 6 19 24 13 28 22 19 36 23 20 2 24 33 9 21 0 14 22 27 25 27 37 23 20 10 15 37 21 31 13 20 21 11 14 35 9 22 11 18 32 18 35 15 28 17 29 19 31
53 43 29 28 34 45 18 38 29 41 9 21 17 38 10 17 27 18 38 38 31 8 34 26 28 32 20 9 47 21 35 30 32 17 25 32 27 42 36 25 48 16 33 16 25 46 6 35 14 0 30 41 39 30 51 35 12 17 26 51 20 45 12 28 35 20 28 49 5 34 7 31 45 31 43 29 36 17 43 9 45
41 22 12 18 5 38 36 8 37 25 21 43 38 9 20 17 30 24 35 9 49 24 7 24 17 5 37 25 42 36 17 0 35 16 41 3 19 25 26 5 19 24 36 22 11 17 26 33 22 30 0 35 18 49 44 40 27 32 35 40 14 23 18 40 33 11 15 20 28 39 31 10 16 12 13 20 6 39 19 28 22
12 17 24 18 40 4 30 38 18 13 37 37 34 30 37 42 14 50 3 36 33 42 29 16 19 40 29 44 8 26 19 35 11 29 27 33 18 13 9 36 34 48 11 26 43 30 36 6 27 41 35 0 19 37 11 13 47 27 20 10 42 18 38 22 6 31 21 27 36 13 35 25 29 23 39 16 36 36 22 46 19
23 5 10 11 22 22 35 19 29 7 30 42 38 11 29 31 22 39 19 17 44 34 11 16 11 22 34 36 26 32 4 18 23 22 35 15 12 7 10 21 15 38 23 23 28 11 33 18 25 39 18 19 0 46 26 27 39 31 28 22 29 6 29 33 18 20 11 11 34 26 36 10 10 8 20 10 17 40 4 38 6
49 48 41 36 55 40 13 57 19 44 34 9 13 51 35 43 25 48 34 56 4 37 48 30 37 54 12 39 41 14 43 50 26 33 11 50 35 45 38 46 61 46 26 28 50 57 29 31 27 30 49 37 46 0 46 24 42 17 19 47 45 50 37 15 31 38 38 57 27 24 23 43 56 42 60 36 54 13 50 39 50
5 23 33 28 48 7 39 45 27 19 48 46 43 37 48 52 24 60 13 43 42 53 37 26 29 48 38 54 5 35 27 44 21 39 36 41 28 19 18 45 40 58 20 36 52 36 46 16 37 51 44 11 26 46 0 22 57 37 29 4 52 24 48 31 16 41 31 33 46 22 45 34 35 32 46 26 43 45 28 56 25
25 27 28 22 45 16 18 44 6 23 34 24 22 37 34 41 10 47 11 42 20 38 34 16 23 45 17 40 17 14 26 40 5 28 14 38 21 24 17 40 43 46 4 23 46 39 31 9 23 35 40 13 27 24 22 0 43 18 9 23 43 29 36 9 9 33 25 37 30 1 28 30 37 28 46 20 41 24 31 42 29
58 44 29 30 29 51 30 35 38 43 10 33 29 36 10 10 34 6 45 36 43 5 32 31 30 28 32 3 53 32 36 27 39 18 37 30 30 44 40 22 46 5 40 22 18 44 13 41 20 12 27 47 39 42 57 43 0 27 35 56 13 45 10 39 41 19 29 47 15 42 19 30 43 31 40 32 33 29 42 3 45
39 34 25 20 37 30 4 39 12 32 19 11 7 35 20 28 13 33 24 39 16 22 32 15 21 36 5 24 33 5 27 32 17 16 10 33 19 33 26 29 45 31 18 11 34 41 14 21 10 17 32 27 31 17 37 18 27 0 9 37 30 36 22 12 21 21 22 42 12 17 10 27 40 26 44 21 37 9 35 24 36
32 29 24 18 40 23 10 40 3 25 25 17 14 33 26 34 6 39 17 38 16 30 30 12 19 40 9 32 25 6 25 35 9 21 8 34 17 26 19 33 43 37 9 15 39 39 22 14 15 26 35 20 28 19 29 9 35 9 0 30 36 31 28 5 14 26 21 39 21 8 19 26 38 24 42 18 37 16 32 33 31
2 19 31 26 44 7 40 41 28 15 46 47 44 33 46 50 24 58 13 39 43 51 33 26 27 44 39 53 7 36 24 40 21 38 37 37 26 15 16 42 36 57 21 36 49 32 46 16 37 51 40 10 22 47 4 23 56 37 30 0 50 20 47 32 16 39 29 29 46 23 45 31 31 29 42 24 39 46 24 55 21
51 34 20 24 16 46 33 22 39 35 11 37 32 23 10 3 33 10 41 23 46 12 20 28 23 15 35 11 50 35 26 14 38 15 40 17 24 35 34 9 33 10 39 21 5 31 16 38 21 20 14 42 29 45 52 43 13 30 36 50 0 35 8 41 38 11 22 34 18 42 22 20 30 21 27 26 20 32 32 14 35
20 2 16 17 25 20 39 22 31 6 36 46 43 14 35 37 25 45 20 19 47 40 16 21 17 26 39 42 24 37 10 23 25 28 39 20 18 5 12 27 16 44 25 29 34 12 39 20 31 45 23 18 6 50 24 29 45 36 31 20 35 0 35 35 20 26 17 9 40 28 42 16 11 14 22 16 20 45 4 44 1
48 34 19 21 21 42 25 26 31 34 3 29 24 27 2 6 26 12 35 27 38 6 23 22 20 20 27 7 44 27 26 18 31 9 32 21 21 35 31 13 37 10 32 13 13 35 8 32 13 12 18 38 29 37 48 36 10 22 28 47 8 35 0 33 32 9 19 38 10 35 14 20 34 21 31 23 24 24 32 10 35
34 33 29 23 45 25 11 45 4 29 30 15 14 38 31 39 11 44 19 43 12 34 35 17 24 45 9 36 26 7 30 40 11 26 5 39 22 30 23 38 48 42 11 20 44 44 26 16 20 28 40 22 33 15 31 9 39 12 5 32 41 35 33 0 16 31 26 43 24 9 21 31 43 29 47 23 42 16 37 36 35
18 18 21 15 38 9 24 36 12 14 31 31 28 28 31 36 8 44 3 34 28 36 27 10 16 38 23 38 12 20 17 33 5 23 21 31 14 15 8 33 34 42 5 20 40 30 30 0 21 35 33 6 18 31 16 9 41 21 14 16 38 20 32 16 0 27 18 28 30 8 29 23 28 21 37 13 34 30 22 40 20
40 25 10 13 16 35 25 19 29 26 11 32 27 18 10 11 23 19 30 19 38 15 14 17 12 15 26 16 39 25 17 11 28 5 30 13 13 26 23 8 28 18 29 11 13 26 15 27 11 20 11 31 20 38 41 33 19 21 26 39 11 26 9 31 27 0 11 29 17 32 20 11 25 12 24 15 17 28 23 19 26
30 15 3 3 20 25 26 19 22 15 19 33 29 13 19 22 15 30 20 18 36 24 10 9 2 20 27 26 29 24 7 15 20 11 28 13 4 16 13 15 23 29 21 12 22 19 22 18 14 28 15 21 11 38 31 25 29 22 21 29 22 17 19 26 18 11 0 21 23 24 25 5 18 4 22 5 16 31 15 28 17
29 10 20 22 22 29 46 16 39 14 40 53 49 11 39 37 33 44 28 14 55 44 15 28 22 22 46 45 33 44 15 20 33 32 47 17 23 14 20 25 7 44 33 33 31 4 43 28 35 49 20 27 11 57 33 37 47 42 39 29 34 9 38 43 28 29 21 0 44 36 46 18 4 18 14 21 16 51 7 48 8
47 38 24 23 32 39 15 35 24 36 7 18 14 34 8 16 22 21 33 35 28 10 30 20 23 30 17 12 42 17 30 28 27 12 22 29 22 37 31 23 44 19 28 11 23 41 2 30 9 5 28 36 34 27 46 30 15 12 21 46 18 40 10 24 30 17 23 44 0 29 4 26 40 26 40 24 33 14 38 12 40
25 27 27 21 44 16 17 43 5 22 33 24 21 36 33 40 9 46 10 41 20 37 33 15 22 44 16 39 17 13 25 39 4 27 14 37 20 23 16 39 42 45 3 22 45 38 30 8 22 34 39 13 26 24 22 1 42 17 8 23 42 28 35 9 8 32 24 36 29 0 27 29 36 27 45 19 40 23 30 41 28
47 40 26 25 36 39 11 39 22 38 11 14 10 36 12 20 21 25 32 39 24 14 33 21 25 34 13 16 41 14 32 31 26 15 18 33 24 39 32 27 46 23 27 13 27 43 6 29 11 7 31 35 36 23 45 28 19 10 19 45 22 42 14 21 29 20 25 46 4 27 0 28 42 28 44 26 37 10 40 16 42
32 15 2 8 15 28 31 13 27 16 22 38 33 8 21 21 20 29 25 13 41 26 5 14 7 15 31 27 32 29 7 10 25 14 33 8 9 16 16 12 18 28 26 16 19 15 25 23 18 31 10 25 10 43 34 30 30 27 26 31 20 16 20 31 23 11 5 18 26 29 28 0 14 2 17 10 11 35 12 30 15
31 12 16 20 17 31 44 12 39 16 36 51 47 7 35 33 32 40 29 10 53 40 11 26 19 18 44 41 35 42 13 16 33 28 45 13 21 16 20 21 5 40 33 30 27 1 39 28 32 45 16 29 10 56 35 37 43 40 38 31 30 11 34 43 28 25 18 4 40 36 42 14 0 14 11 20 12 49 7 44 10
30 13 2 6 17 26 30 15 26 14 22 37 33 9 21 23 19 31 23 14 40 26 6 12 5 17 30 28 30 28 5 12 23 14 31 10 7 14 14 13 19 30 24 16 20 15 25 21 18 31 12 23 8 42 32 28 31 26 24 29 21 14 21 29 21 12 4 18 26 27 28 2 14 0 18 8 13 35 12 30 14
42 23 19 24 11 42 48 5 44 27 34 55 50 9 33 30 37 37 39 5 58 37 12 30 23 12 48 38 46 46 20 13 41 29 49 11 25 27 30 18 8 37 42 33 23 10 39 37 35 43 13 39 20 60 46 46 40 44 42 42 27 22 31 47 37 24 22 14 40 45 44 17 11 18 0 26 7 52 18 41 21
25 14 8 2 25 20 24 23 19 12 22 31 28 17 22 26 12 34 15 22 33 27 14 6 3 25 24 29 24 22 7 20 15 14 25 18 2 13 8 20 25 33 16 13 27 21 23 13 15 29 20 16 10 36 26 20 32 21 18 24 26 16 23 23 13 15 5 21 24 19 26 10 20 8 26 0 21 30 14 31 16
39 20 13 19 5 39 41 2 38 24 27 48 43 6 26 23 31 30 36 3 52 30 7 25 18 6 42 31 43 40 17 6 36 22 44 4 20 24 27 11 13 30 37 26 16 13 32 34 28 36 6 36 17 54 43 41 33 37 37 39 20 20 24 42 34 17 16 16 33 40 37 11 12 13 7 21 0 45 16 34 19
48 43 33 29 44 39 6 47 18 41 21 4 2 43 22 30 22 35 33 47 14 24 40 24 30 43 7 26 40 10 36 39 25 23 12 41 28 42 35 36 53 33 25 19 37 50 16 30 17 17 39 36 40 13 45 24 29 9 16 46 32 45 24 16 30 28 31 51 14 23 10 35 49 35 52 30 45 0 44 26 45
24 5 14 15 21 24 39 17 33 9 34 46 42 10 33 33 26 41 23 15 48 38 12 20 15 22 38 39 28 36 8 19 27 26 39 16 16 9 14 23 12 40 27 27 30 8 37 22 29 43 19 22 4 50 28 31 42 35 32 24 32 4 32 37 22 23 15 7 38 30 40 12 7 12 18 14 16 44 0 42 3
57 43 28 29 30 49 27 36 36 42 9 30 26 37 9 11 33 9 43 37 40 4 33 30 29 29 29 3 52 29 35 28 38 17 34 31 29 43 39 23 47 8 39 21 19 45 11 40 19 9 28 46 38 39 56 42 3 24 33 55 14 44 10 36 40 19 28 48 12 41 16 30 44 30 41 31 34 26 42 0 44
21 2 16 17 24 21 39 20 31 6 36 46 43 13 35 36 25 44 20 18 47 40 15 21 17 25 39 42 25 37 10 22 25 28 39 19 18 6 12 26 15 43 25 29 33 11 39 20 31 45 22 19 6 50 25 29 45 36 31 21 35 1 35 35 20 26 17 8 40 28 42 15 10 14 21 16 19 45 3 44 0
0         810      
0         163      
149       342      
172       364      
479       703      
0         172      
324       581      
29        225      
594       776      
25        232      
96        279      
357       572      
352       589      
226       488      
125       357      
71        254      
467       640      
131       343      
0         132      
640       770      
447       634      
43        275      
182       390      
165       420      
234       379      
166       399      
338       512      
51        279      
0         70       
342       530      
231       438      
179       394      
0         152      
155       316      
338       512      
20        255      
211       375      
7         180      
0         134      
58        282      
21        239      
119       315      
0         180      
230       478      
63        280      
215       469      
240       483      
0         140      
339       472      
259       534      
93        223      
0         84       
0         176      
321       564      
0         126      
417       657      
63        270      
299       492      
423       635      
0         163      
162       364      
189       413      
49        264      
350       607      
0         140      
95        328      
226       356      
25        210      
509       684      
0         205      
276       539      
133       427      
13        231      
310       492      
8         269      
176       444      
2         233      
388       604      
48        252      
43        294      
493       716      
