81
0 22 38 6 34 34 37 22 35 26 9 33 13 43 23 40 48 24 26 15 9 25 23 18 9 27 5 29 45 27 24 33 25 33 36 16 11 32 16 10 46 3 17 12 7 31 5 28 31 5 40 35 9 26 28 23 27 41 38 17 18 28 12 22 4 1 14 9 49 27 40 20 20 37 7 36 30 37 9 11 25
22 0 39 22 14 27 51 27 15 37 20 26 30 37 20 43 45 36 22 10 29 35 27 35 30 38 18 39 41 41 4 22 37 46 44 9 17 38 22 31 43 18 21 9 26 22 16 24 19 16 30 15 13 13 38 27 32 37 48 23 23 38 12 35 18 20 9 24 48 32 46 36 32 46 15 27 43 40 13 26 30
38 39 0 31 34 13 30 15 34 21 45 14 32 9 19 4 10 22 17 31 35 18 15 31 38 21 39 17 8 28 37 20 24 29 10 31 27 8 20 41 9 36 21 36 45 18 36 16 23 36 18 38 34 27 16 14 11 9 16 20 19 20 42 26 34 36 41 46 12 11 8 31 24 12 37 17 29 1 37 48 12
6 22 31 0 31 28 31 15 32 20 15 27 8 36 18 33 41 18 21 12 7 19 16 13 10 21 10 23 38 21 23 29 19 27 30 13 6 26 10 13 40 7 11 13 13 26 8 23 27 8 35 33 9 22 22 17 20 35 32 11 12 22 16 16 5 5 16 15 43 20 34 15 14 31 10 31 24 31 11 17 18
34 14 34 31 0 21 55 28 1 41 34 20 39 30 18 38 39 40 19 19 38 37 26 43 41 40 31 39 35 46 10 14 42 50 42 18 26 36 26 43 37 31 25 22 40 16 29 19 11 29 20 4 25 10 38 25 30 30 47 27 25 40 26 41 30 33 23 38 42 30 42 44 38 44 28 19 48 35 26 40 28
34 27 13 28 21 0 39 15 21 26 39 1 32 10 10 17 18 26 7 22 34 23 14 34 37 26 33 24 14 32 24 7 28 36 22 22 22 16 18 40 16 31 17 27 40 5 30 5 10 30 8 25 27 14 23 12 14 10 28 18 16 26 33 30 29 32 32 41 21 14 21 35 27 24 30 4 34 14 30 43 13
37 51 30 31 55 39 0 26 55 14 46 39 24 39 35 28 39 15 36 40 28 16 27 19 30 13 41 15 38 10 51 44 13 4 20 41 33 23 29 32 39 38 30 44 42 41 39 37 44 39 46 58 40 43 16 28 25 39 15 28 29 13 47 15 36 36 47 46 40 25 25 17 18 19 41 43 7 29 42 48 26
22 27 15 15 28 15 26 0 28 13 29 15 17 21 9 17 25 13 10 17 20 10 1 19 23 13 23 13 22 19 26 18 15 23 17 18 11 11 5 26 24 20 6 22 28 14 20 11 18 20 23 32 19 17 12 3 5 21 21 5 4 13 27 15 18 20 27 30 27 5 19 20 12 19 21 19 21 15 22 32 3
35 15 34 32 1 21 55 28 0 41 35 20 40 30 19 38 39 40 19 20 39 38 27 44 42 41 32 40 35 46 11 14 42 51 42 19 27 36 27 44 37 32 26 23 41 16 30 19 11 30 20 4 26 11 39 26 31 30 48 28 26 41 27 42 31 34 24 39 42 31 42 45 39 44 29 19 49 35 27 41 29
26 37 21 20 41 26 14 13 41 0 35 26 14 30 22 19 30 2 22 27 18 3 14 11 21 1 30 5 29 7 37 30 3 10 13 28 20 13 15 24 30 27 16 31 32 27 28 23 30 28 34 44 28 30 5 15 12 30 13 14 15 2 36 6 25 25 36 35 31 12 18 11 6 14 30 30 8 20 31 37 13
9 20 45 15 34 39 46 29 35 35 0 38 22 48 28 46 54 33 31 16 18 34 30 27 17 36 5 38 51 36 24 36 34 42 45 16 17 40 23 16 53 8 23 12 7 34 7 33 32 7 43 35 10 26 37 30 34 48 47 24 25 37 8 31 10 10 11 4 56 34 48 29 29 46 7 39 39 44 8 6 32
33 26 14 27 20 1 39 15 20 26 38 0 32 11 9 18 19 26 6 21 34 23 14 34 37 26 32 24 15 32 23 6 28 36 23 21 21 17 18 40 17 30 17 26 39 4 29 4 9 29 8 24 26 13 23 12 14 11 29 18 16 26 32 30 28 31 31 40 22 14 22 35 27 25 29 4 34 15 29 42 13
13 30 32 8 39 32 24 17 40 14 22 32 0 38 23 32 41 12 26 20 4 15 18 5 7 15 17 18 39 14 31 34 12 20 26 21 13 25 14 10 41 14 15 21 18 31 16 28 32 16 40 41 17 29 18 20 21 38 27 14 16 16 24 9 13 12 24 22 44 21 31 7 8 27 18 36 17 31 19 24 20
43 37 9 36 30 10 39 21 30 30 48 11 38 0 20 13 9 31 17 32 41 27 20 39 44 30 43 26 5 37 34 16 33 38 19 32 32 17 25 47 7 41 25 37 49 15 40 15 19 40 10 34 37 24 25 18 18 0 25 25 23 29 43 35 39 41 42 51 12 18 17 40 32 21 40 11 38 10 40 53 18
23 20 19 18 18 10 35 9 19 22 28 9 23 20 0 23 27 21 3 12 25 19 8 25 28 22 22 21 23 27 18 11 23 32 24 12 12 18 9 31 25 21 8 17 30 8 20 5 9 20 17 22 17 8 20 7 12 20 28 9 7 22 23 23 19 22 22 30 30 12 26 27 20 26 20 13 30 20 20 32 10
40 43 4 33 38 17 28 17 38 19 46 18 32 13 23 0 11 21 21 34 36 17 17 30 39 19 40 15 10 26 41 24 22 27 8 35 28 7 22 42 11 37 23 39 45 22 37 20 27 37 22 42 36 31 14 17 13 13 13 22 21 18 44 25 35 37 44 47 12 13 4 30 24 9 38 21 27 3 39 49 14
48 45 10 41 39 18 39 25 39 30 54 19 41 9 27 11 0 31 24 39 45 27 25 40 48 30 48 26 4 37 42 25 33 38 19 39 36 17 30 51 2 45 31 44 53 23 45 22 28 45 19 43 44 32 25 24 21 9 24 30 29 29 50 35 43 45 49 55 3 21 14 40 34 20 46 20 38 10 47 57 22
24 36 22 18 40 26 15 13 40 2 33 26 12 31 21 21 31 0 22 25 16 4 13 9 19 3 28 7 30 6 36 30 2 11 15 26 18 14 14 22 31 25 15 29 30 27 26 23 30 26 34 43 26 29 7 15 13 31 15 13 14 4 34 4 23 23 34 33 33 13 20 9 4 16 28 30 9 21 29 35 13
26 22 17 21 19 7 36 10 19 22 31 6 26 17 3 21 24 22 0 15 28 19 9 28 31 22 25 22 20 28 20 8 24 32 23 15 15 17 12 34 22 24 11 20 33 5 23 2 8 23 14 23 20 10 20 7 12 17 28 12 10 22 26 25 22 25 25 33 27 12 24 30 22 25 23 10 30 18 23 35 10
15 10 31 12 19 22 40 17 20 27 16 21 20 32 12 34 39 25 15 0 19 25 17 24 22 28 12 29 35 30 11 20 27 36 34 1 7 28 12 24 37 12 11 5 21 18 10 17 17 10 27 21 6 11 28 17 22 32 38 13 13 28 11 25 11 14 10 20 42 22 36 26 22 36 9 23 33 31 8 22 20
9 29 35 7 38 34 28 20 39 18 18 34 4 41 25 36 45 16 28 19 0 19 21 9 3 19 13 22 42 18 30 36 16 24 30 20 13 29 16 6 44 10 17 19 14 33 12 30 34 12 42 40 15 29 22 23 24 41 31 16 18 20 20 13 10 8 22 18 47 24 35 11 12 31 14 38 21 35 16 20 23
25 35 18 19 37 23 16 10 38 3 34 23 15 27 19 17 27 4 19 25 19 0 11 13 22 3 29 4 26 10 35 27 6 13 11 26 19 10 13 25 27 26 14 30 32 24 27 20 27 27 31 41 27 27 3 12 9 27 13 12 13 3 35 8 24 24 35 34 29 9 16 13 7 12 29 27 11 17 30 36 10
23 27 15 16 26 14 27 1 27 14 30 14 18 20 8 17 25 13 9 17 21 11 0 20 24 14 24 13 22 19 25 17 15 24 17 18 12 11 6 27 24 21 6 22 29 13 21 10 17 21 22 30 19 16 12 2 5 20 21 5 4 14 27 16 19 21 27 31 27 5 19 21 13 19 22 18 22 15 22 33 3
18 35 31 13 43 34 19 19 44 11 27 34 5 39 25 30 40 9 28 24 9 13 20 0 11 12 22 16 39 9 35 36 8 15 24 25 17 23 17 14 40 19 18 26 23 33 21 30 34 21 42 45 22 33 16 22 21 39 23 16 18 13 29 5 18 17 29 27 42 21 29 2 7 25 23 38 12 30 24 29 21
9 30 38 10 41 37 30 23 42 21 17 37 7 44 28 39 48 19 31 22 3 22 24 11 0 22 14 25 45 20 32 39 19 26 33 23 16 32 19 3 47 11 20 20 12 36 13 33 37 13 45 43 16 32 25 26 27 44 34 19 21 23 21 16 11 9 23 16 50 27 38 13 15 34 15 41 23 38 17 18 26
27 38 21 21 40 26 13 13 41 1 36 26 15 30 22 19 30 3 22 28 19 3 14 12 22 0 31 4 29 7 38 30 3 10 12 29 21 13 16 25 30 28 17 32 33 27 29 23 30 29 34 44 29 30 5 15 12 30 12 15 16 1 37 6 26 26 37 36 31 12 17 11 7 13 31 30 8 20 32 38 13
5 18 39 10 31 33 41 23 32 30 5 32 17 43 22 40 48 28 25 12 13 29 24 22 14 31 0 33 45 31 21 32 29 37 39 13 11 34 17 15 47 3 17 9 9 30 2 27 29 2 39 32 6 23 32 24 28 42 42 18 19 32 7 26 5 5 10 8 50 28 42 24 24 41 3 35 34 38 5 10 26
29 39 17 23 39 24 15 13 40 5 38 24 18 26 21 15 26 7 22 29 22 4 13 16 25 4 33 0 25 11 38 29 7 12 8 30 23 9 17 28 26 30 18 34 36 26 31 22 30 31 31 43 31 29 1 14 10 26 9 16 16 3 39 10 28 28 39 38 27 10 13 15 10 9 33 28 12 16 34 40 11
45 41 8 38 35 14 38 22 35 29 51 15 39 5 23 10 4 30 20 35 42 26 22 39 45 29 45 25 0 36 38 21 32 37 18 35 33 16 27 48 2 42 27 40 50 19 42 18 24 42 15 39 40 28 24 20 18 5 23 27 25 28 46 34 40 42 45 52 7 18 14 39 32 19 43 16 37 9 43 54 19
27 41 28 21 46 32 10 19 46 7 36 32 14 37 27 26 37 6 28 30 18 10 19 9 20 7 31 11 36 0 41 36 4 6 19 31 23 20 20 22 37 28 21 34 32 32 29 29 36 29 40 49 30 35 12 21 19 37 17 19 20 8 37 5 26 26 37 36 38 19 24 7 8 19 31 36 3 27 32 38 19
24 4 37 23 10 24 51 26 11 37 24 23 31 34 18 41 42 36 20 11 30 35 25 35 32 38 21 38 38 41 0 18 38 47 42 10 18 36 22 34 40 21 21 12 30 19 19 21 15 19 26 11 16 10 37 25 30 34 46 23 22 38 16 36 21 23 13 28 45 30 44 37 33 44 18 23 44 38 16 30 28
33 22 20 29 14 7 44 18 14 30 36 6 34 16 11 24 25 30 8 20 36 27 17 36 39 30 32 29 21 36 18 0 32 40 29 19 23 23 20 42 23 31 19 24 40 3 30 6 3 30 8 18 26 9 27 14 18 16 35 20 18 30 30 32 30 32 28 40 28 18 28 37 29 31 29 5 38 21 27 42 17
25 37 24 19 42 28 13 15 42 3 34 28 12 33 23 22 33 2 24 27 16 6 15 8 19 3 29 7 32 4 38 32 0 9 15 28 20 16 16 22 33 26 17 31 30 28 27 25 32 27 36 45 27 31 8 17 15 33 15 15 16 4 35 3 24 24 35 34 34 15 20 8 5 16 29 32 7 23 30 36 15
33 46 29 27 50 36 4 23 51 10 42 36 20 38 32 27 38 11 32 36 24 13 24 15 26 10 37 12 37 6 47 40 9 0 19 37 29 21 25 28 38 34 26 40 38 37 35 33 40 35 43 54 36 40 13 25 22 38 14 24 25 10 43 11 32 32 43 42 39 22 24 13 14 18 37 40 3 28 38 44 23
36 44 10 30 42 22 20 17 42 13 45 23 26 19 24 8 19 15 23 34 30 11 17 24 33 12 39 8 18 19 42 29 15 19 0 35 28 6 22 36 19 37 23 39 43 26 37 23 31 37 28 46 36 32 8 17 12 19 6 21 21 11 44 18 35 35 44 45 20 12 5 23 18 2 38 26 19 9 39 47 14
16 9 31 13 18 22 41 18 19 28 16 21 21 32 12 35 39 26 15 1 20 26 18 25 23 29 13 30 35 31 10 19 28 37 35 0 8 29 13 25 37 13 12 5 22 18 11 17 16 11 27 20 7 10 29 18 23 32 39 14 14 29 11 26 12 15 10 20 42 23 37 27 23 37 10 23 34 32 8 22 21
11 17 27 6 26 22 33 11 27 20 17 21 13 32 12 28 36 18 15 7 13 19 12 17 16 21 11 23 33 23 18 23 20 29 28 8 0 22 6 19 35 9 6 11 18 20 9 17 21 9 29 28 8 16 22 13 16 31 32 7 8 22 16 18 7 10 16 19 38 16 30 19 15 30 10 25 26 26 11 21 14
32 38 8 26 36 16 23 11 36 13 40 17 25 17 18 7 17 14 17 28 29 10 11 23 32 13 34 9 16 20 36 23 16 21 6 29 22 0 16 35 17 31 17 33 39 20 31 17 25 31 23 40 30 26 8 11 6 17 12 16 15 12 38 18 29 31 38 41 19 6 8 23 17 8 32 20 21 7 33 43 8
16 22 20 10 26 18 29 5 27 15 23 18 14 25 9 22 30 14 12 12 16 13 6 17 19 16 17 17 27 20 22 20 16 25 22 13 6 16 0 22 29 15 1 17 23 17 15 14 18 15 26 30 14 16 16 7 10 25 26 1 2 16 22 15 13 15 22 25 32 10 24 18 12 24 16 22 23 20 17 27 8
10 31 41 13 43 40 32 26 44 24 16 40 10 47 31 42 51 22 34 24 6 25 27 14 3 25 15 28 48 22 34 42 22 28 36 25 19 35 22 0 50 12 23 21 10 39 14 36 40 14 48 44 18 35 28 29 30 47 37 22 24 26 22 19 13 10 24 14 53 30 41 15 18 37 16 44 25 41 18 16 29
46 43 9 40 37 16 39 24 37 30 53 17 41 7 25 11 2 31 22 37 44 27 24 40 47 30 47 26 2 37 40 23 33 38 19 37 35 17 29 50 0 44 29 42 52 21 44 20 26 44 17 41 42 30 25 22 20 7 24 29 27 29 48 35 42 44 47 54 5 20 14 40 33 20 45 18 38 10 45 56 21
3 18 36 7 31 31 38 20 32 27 8 30 14 41 21 37 45 25 24 12 10 26 21 19 11 28 3 30 42 28 21 31 26 34 37 13 9 31 15 12 44 0 15 9 9 29 2 26 28 2 38 32 6 23 29 22 25 40 39 16 17 29 10 23 2 2 11 10 47 25 39 21 21 38 4 34 31 35 6 12 23
17 21 21 11 25 17 30 6 26 16 23 17 15 25 8 23 31 15 11 11 17 14 6 18 20 17 17 18 27 21 21 19 17 26 23 12 6 17 1 23 29 15 0 16 24 16 15 13 17 15 25 29 13 15 17 7 11 25 27 2 2 17 21 16 13 16 21 25 33 11 25 19 13 25 16 21 24 21 16 27 9
12 9 36 13 22 27 44 22 23 31 12 26 21 37 17 39 44 29 20 5 19 30 22 26 20 32 9 34 40 34 12 24 31 40 39 5 11 33 17 21 42 9 16 0 18 23 7 22 21 7 32 23 4 15 33 22 27 37 43 18 18 33 6 29 9 11 5 16 47 27 41 28 26 41 6 28 37 36 4 18 25
7 26 45 13 40 40 42 28 41 32 7 39 18 49 30 45 53 30 33 21 14 32 29 23 12 33 9 36 50 32 30 40 30 38 43 22 18 39 23 10 52 9 24 18 0 38 11 35 37 11 47 41 15 32 35 30 33 48 45 24 25 34 14 27 11 8 17 4 55 33 47 25 26 44 12 43 35 43 14 6 31
31 22 18 26 16 5 41 14 16 27 34 4 31 15 8 22 23 27 5 18 33 24 13 33 36 27 30 26 19 32 19 3 28 37 26 18 20 20 17 39 21 29 16 23 38 0 28 3 5 28 9 20 24 9 24 11 15 15 32 17 15 27 29 29 27 30 28 38 26 15 26 34 26 28 27 5 35 19 26 40 14
5 16 36 8 29 30 39 20 30 28 7 29 16 40 20 37 45 26 23 10 12 27 21 21 13 29 2 31 42 29 19 30 27 35 37 11 9 31 15 14 44 2 15 7 11 28 0 25 27 0 37 30 4 21 30 22 25 40 40 16 17 30 8 24 3 4 9 10 47 25 39 23 22 39 2 33 32 35 4 12 23
28 24 16 23 19 5 37 11 19 23 33 4 28 15 5 20 22 23 2 17 30 20 10 30 33 23 27 22 18 29 21 6 25 33 23 17 17 17 14 36 20 26 13 22 35 3 25 0 8 25 12 23 22 11 21 8 12 15 29 14 12 23 28 26 24 27 27 35 25 12 23 31 23 25 25 8 31 17 25 37 11
31 19 23 27 11 10 44 18 11 30 32 9 32 19 9 27 28 30 8 17 34 27 17 34 37 30 29 30 24 36 15 3 32 40 31 16 21 25 18 40 26 28 17 21 37 5 27 8 0 27 11 15 23 6 28 15 20 19 36 18 16 30 27 32 27 30 25 36 31 20 31 36 29 33 26 8 38 24 24 38 18
5 16 36 8 29 30 39 20 30 28 7 29 16 40 20 37 45 26 23 10 12 27 21 21 13 29 2 31 42 29 19 30 27 35 37 11 9 31 15 14 44 2 15 7 11 28 0 25 27 0 37 30 4 21 30 22 25 40 40 16 17 30 8 24 3 4 9 10 47 25 39 23 22 39 2 33 32 35 4 12 23
40 30 18 35 20 8 46 23 20 34 43 8 40 10 17 22 19 34 14 27 42 31 22 42 45 34 39 31 15 40 26 8 36 43 28 27 29 23 26 48 17 38 25 32 47 9 37 12 11 37 0 24 33 17 30 20 22 10 34 26 24 34 38 38 36 39 36 47 22 22 26 43 35 30 36 4 42 19 35 49 21
35 15 38 33 4 25 58 32 4 44 35 24 41 34 22 42 43 43 23 21 40 41 30 45 43 44 32 43 39 49 11 18 45 54 46 20 28 40 30 44 41 32 29 23 41 20 30 23 15 30 24 0 26 14 42 29 34 34 50 31 29 44 27 45 31 34 24 39 46 34 46 47 42 48 29 23 52 39 27 41 32
9 13 34 9 25 27 40 19 26 28 10 26 17 37 17 36 44 26 20 6 15 27 19 22 16 29 6 31 40 30 16 26 27 36 36 7 8 30 14 18 42 6 13 4 15 24 4 22 23 4 33 26 0 17 30 20 24 37 40 15 15 30 8 25 5 8 8 14 46 24 38 24 22 38 3 29 33 34 3 16 22
26 13 27 22 10 14 43 17 11 30 26 13 29 24 8 31 32 29 10 11 29 27 16 33 32 30 23 29 28 35 10 9 31 40 32 10 16 26 16 35 30 23 15 15 32 9 21 11 6 21 17 14 17 0 28 15 20 24 36 17 15 30 21 31 22 25 19 30 35 20 34 34 28 34 20 14 38 28 18 32 18
28 38 16 22 38 23 16 12 39 5 37 23 18 25 20 14 25 7 20 28 22 3 12 16 25 5 32 1 24 12 37 27 8 13 8 29 22 8 16 28 25 29 17 33 35 24 30 21 28 30 30 42 30 28 0 13 9 25 10 15 15 4 38 11 27 27 38 37 26 9 13 16 10 9 32 27 13 15 33 39 10
23 27 14 17 25 12 28 3 26 15 30 12 20 18 7 17 24 15 7 17 23 12 2 22 26 15 24 14 20 21 25 14 17 25 17 18 13 11 7 29 22 22 7 22 30 11 22 8 15 22 20 29 20 15 13 0 5 18 21 7 5 15 28 18 20 22 27 32 26 5 19 23 15 19 23 16 23 14 23 34 3
27 32 11 20 30 14 25 5 31 12 34 14 21 18 12 13 21 13 12 22 24 9 5 21 27 12 28 10 18 19 30 18 15 22 12 23 16 6 10 30 20 25 11 27 33 15 25 12 20 25 22 34 24 20 9 5 0 18 17 10 9 12 32 17 23 25 32 35 23 0 14 22 14 14 26 18 20 11 27 37 2
41 37 9 35 30 10 39 21 30 30 48 11 38 0 20 13 9 31 17 32 41 27 20 39 44 30 42 26 5 37 34 16 33 38 19 32 31 17 25 47 7 40 25 37 48 15 40 15 19 40 10 34 37 24 25 18 18 0 25 25 23 29 43 35 38 40 42 50 12 18 17 40 32 21 40 11 38 10 40 52 18
38 48 16 32 47 28 15 21 48 13 47 29 27 25 28 13 24 15 28 38 31 13 21 23 34 12 42 9 23 17 46 35 15 14 6 39 32 12 26 37 24 39 27 43 45 32 40 29 36 40 34 50 40 36 10 21 17 25 0 25 25 11 48 18 37 37 48 47 25 17 10 23 19 4 42 32 16 15 43 49 18
17 23 20 11 27 18 28 5 28 14 24 18 14 25 9 22 30 13 12 13 16 12 5 16 19 15 18 16 27 19 23 20 15 24 21 14 7 16 1 22 29 16 2 18 24 17 16 14 18 16 26 31 15 17 15 7 10 25 25 0 2 15 23 14 14 16 23 26 32 10 24 18 11 23 17 22 22 20 18 28 8
18 23 19 12 25 16 29 4 26 15 25 16 16 23 7 21 29 14 10 13 18 13 4 18 21 16 19 16 25 20 22 18 16 25 21 14 8 15 2 24 27 17 2 18 25 15 17 12 16 17 24 29 15 15 15 5 9 23 25 2 0 16 23 16 15 17 23 27 31 9 23 20 13 23 18 20 23 19 18 29 7
28 38 20 22 40 26 13 13 41 2 37 26 16 29 22 18 29 4 22 28 20 3 14 13 23 1 32 3 28 8 38 30 4 10 11 29 22 12 16 26 29 29 17 33 34 27 30 23 30 30 34 44 30 30 4 15 12 29 11 15 16 0 38 7 27 27 38 37 30 12 16 12 8 12 32 30 9 19 33 39 13
12 12 42 16 26 33 47 27 27 36 8 32 24 43 23 44 50 34 26 11 20 35 27 29 21 37 7 39 46 37 16 30 35 43 44 11 16 38 22 22 48 10 21 6 14 29 8 28 27 8 38 27 8 21 38 28 32 43 48 23 23 38 0 32 11 12 3 12 53 32 46 31 30 46 6 34 40 42 5 14 30
22 35 26 16 41 30 15 15 42 6 31 30 9 35 23 25 35 4 25 25 13 8 16 5 16 6 26 10 34 5 36 32 3 11 18 26 18 18 15 19 35 23 16 29 27 29 24 26 32 24 38 45 25 31 11 18 17 35 18 14 16 7 32 0 21 21 32 31 37 17 23 5 3 19 26 34 8 25 27 33 17
4 18 34 5 30 29 36 18 31 25 10 28 13 39 19 35 43 23 22 11 10 24 19 18 11 26 5 28 40 26 21 30 24 32 35 12 7 29 13 13 42 2 13 9 11 27 3 24 27 3 36 31 5 22 27 20 23 38 37 14 15 27 11 21 0 3 12 12 45 23 37 20 19 36 5 32 29 33 7 14 21
1 20 36 5 33 32 36 20 34 25 10 31 12 41 22 37 45 23 25 14 8 24 21 17 9 26 5 28 42 26 23 32 24 32 35 15 10 31 15 10 44 2 16 11 8 30 4 27 30 4 39 34 8 25 27 22 25 40 37 16 17 27 12 21 3 0 13 10 47 25 39 19 19 36 6 35 29 35 8 12 23
14 9 41 16 23 32 47 27 24 36 11 31 24 42 22 44 49 34 25 10 22 35 27 29 23 37 10 39 45 37 13 28 35 43 44 10 16 38 22 24 47 11 21 5 17 28 9 27 25 9 36 24 8 19 38 27 32 42 48 23 23 38 3 32 12 13 0 15 52 32 46 31 30 46 7 33 40 41 5 17 30
9 24 46 15 38 41 46 30 39 35 4 40 22 51 30 47 55 33 33 20 18 34 31 27 16 36 8 38 52 36 28 40 34 42 45 20 19 41 25 14 54 10 25 16 4 38 10 35 36 10 47 39 14 30 37 32 35 50 47 26 27 37 12 31 12 10 15 0 57 35 49 29 29 46 11 43 39 45 12 2 33
49 48 12 43 42 21 40 27 42 31 56 22 44 12 30 12 3 33 27 42 47 29 27 42 50 31 50 27 7 38 45 28 34 39 20 42 38 19 32 53 5 47 33 47 55 26 47 25 31 47 22 46 46 35 26 26 23 12 25 32 31 30 53 37 45 47 52 57 0 23 15 42 36 21 48 23 39 13 49 59 24
27 32 11 20 30 14 25 5 31 12 34 14 21 18 12 13 21 13 12 22 24 9 5 21 27 12 28 10 18 19 30 18 15 22 12 23 16 6 10 30 20 25 11 27 33 15 25 12 20 25 22 34 24 20 9 5 0 18 17 10 9 12 32 17 23 25 32 35 23 0 14 22 14 14 26 18 20 11 27 37 2
40 46 8 34 42 21 25 19 42 18 48 22 31 17 26 4 14 20 24 36 35 16 19 29 38 17 42 13 14 24 44 28 20 24 5 37 30 8 24 41 14 39 25 41 47 26 39 23 31 39 26 46 38 34 13 19 14 17 10 24 23 16 46 23 37 39 46 49 15 14 0 28 23 6 40 25 24 7 41 51 16
20 36 31 15 44 35 17 20 45 11 29 35 7 40 27 30 40 9 30 26 11 13 21 2 13 11 24 15 39 7 37 37 8 13 23 27 19 23 18 15 40 21 19 28 25 34 23 31 36 23 43 47 24 34 16 23 22 40 23 18 20 12 31 5 20 19 31 29 42 22 28 0 8 24 25 39 10 30 26 31 22
20 32 24 14 38 27 18 12 39 6 29 27 8 32 20 24 34 4 22 22 12 7 13 7 15 7 24 10 32 8 33 29 5 14 18 23 15 17 12 18 33 21 13 26 26 26 22 23 29 22 35 42 22 28 10 15 14 32 19 11 13 8 30 3 19 19 30 29 36 14 23 8 0 19 24 31 11 24 25 31 14
37 46 12 31 44 24 19 19 44 14 46 25 27 21 26 9 20 16 25 36 31 12 19 25 34 13 41 9 19 19 44 31 16 18 2 37 30 8 24 37 20 38 25 41 44 28 39 25 33 39 30 48 38 34 9 19 14 21 4 23 23 12 46 19 36 36 46 46 21 14 6 24 19 0 40 28 18 11 41 48 16
7 15 37 10 28 30 41 21 29 30 7 29 18 40 20 38 46 28 23 9 14 29 22 23 15 31 3 33 43 31 18 29 29 37 38 10 10 32 16 16 45 4 16 6 12 27 2 25 26 2 36 29 3 20 32 23 26 40 42 17 18 32 6 26 5 6 7 11 48 26 40 25 24 40 0 32 34 36 2 13 24
36 27 17 31 19 4 43 19 19 30 39 4 36 11 13 21 20 30 10 23 38 27 18 38 41 30 35 28 16 36 23 5 32 40 26 23 25 20 22 44 18 34 21 28 43 5 33 8 8 33 4 23 29 14 27 16 18 11 32 22 20 30 34 34 32 35 33 43 23 18 25 39 31 28 32 0 38 18 31 45 17
30 43 29 24 48 34 7 21 49 8 39 34 17 38 30 27 38 9 30 33 21 11 22 12 23 8 34 12 37 3 44 38 7 3 19 34 26 21 23 25 38 31 24 37 35 35 32 31 38 32 42 52 33 38 13 23 20 38 16 22 23 9 40 8 29 29 40 39 39 20 24 10 11 18 34 38 0 28 35 41 21
37 40 1 31 35 14 29 15 35 20 44 15 31 10 20 3 10 21 18 31 35 17 15 30 38 20 38 16 9 27 38 21 23 28 9 32 26 7 20 41 10 35 21 36 43 19 35 17 24 35 19 39 34 28 15 14 11 10 15 20 19 19 42 25 33 35 41 45 13 11 7 30 24 11 36 18 28 0 37 47 12
9 13 37 11 26 30 42 22 27 31 8 29 19 40 20 39 47 29 23 8 16 30 22 24 17 32 5 34 43 32 16 27 30 38 39 8 11 33 17 18 45 6 16 4 14 26 4 25 24 4 35 27 3 18 33 23 27 40 43 18 18 33 5 27 7 8 5 12 49 27 41 26 25 41 2 31 35 37 0 14 25
11 26 48 17 40 43 48 32 41 37 6 42 24 53 32 49 57 35 35 22 20 36 33 29 18 38 10 40 54 38 30 42 36 44 47 22 21 43 27 16 56 12 27 18 6 40 12 37 38 12 49 41 16 32 39 34 37 52 49 28 29 39 14 33 14 12 17 2 59 37 51 31 31 48 13 45 41 47 14 0 35
25 30 12 18 28 13 26 3 29 13 32 13 20 18 10 14 22 13 10 20 23 10 3 21 26 13 26 11 19 19 28 17 15 23 14 21 14 8 8 29 21 23 9 25 31 14 23 11 18 23 21 32 22 18 10 3 2 18 18 8 7 13 30 17 21 23 30 33 24 2 16 22 14 16 24 17 21 12 25 35 0
0         767      
541       657      
401       527      
0         115      
182       336      
162       311      
304       421      
242       373      
203       347      
27        157      
87        243      
127       295      
22        162      
575       718      
117       265      
384       560      
418       550      
17        161      
247       381      
0         104      
0         156      
277       424      
250       366      
32        208      
55        183      
25        174      
0         142      
22        181      
396       543      
279       414      
207       335      
139       291      
49        168      
307       454      
310       457      
121       262      
0         115      
375       519      
385       522      
508       635      
446       587      
0         79       
238       389      
0         83       
84        219      
151       273      
495       645      
138       278      
188       323      
0         80       
130       303      
171       327      
0         106      
135       274      
357       482      
247       377      
241       387      
416       588      
322       443      
261       375      
273       392      
36        151      
75        252      
1         156      
0         131      
0         133      
0         92       
642       757      
425       560      
285       399      
314       463      
0         147      
33        183      
342       451      
0         70       
157       279      
347       504      
463       571      
0         83       
95        210      
576       735      
