81
0 26 24 17 13 12 33 14 25 33 9 7 41 16 23 14 15 26 16 35 26 13 7 29 27 27 8 17 21 27 5 7 32 29 22 18 1 19 4 34 11 28 5 21 20 14 33 25 32 14 14 30 26 31 24 8 26 24 17 21 18 7 36 21 7 25 30 16 20 17 27 26 19 7 16 22 11 18 37 24 28
26 0 18 19 39 20 11 12 4 16 35 31 25 17 41 35 24 37 29 20 24 26 33 10 17 19 18 17 38 11 22 29 6 11 44 17 27 8 28 23 15 29 31 22 6 20 7 26 21 22 38 12 7 22 45 22 9 2 14 28 28 32 21 36 23 46 23 37 42 19 21 41 29 29 14 23 37 41 23 35 20
24 18 0 8 35 12 15 18 21 10 32 26 42 8 29 38 14 46 19 11 38 16 29 27 34 36 18 28 27 28 23 23 21 28 46 29 25 21 28 9 17 42 28 34 19 29 19 39 8 30 38 29 24 6 35 26 26 16 8 13 16 27 38 43 26 35 40 28 32 7 4 48 37 23 25 6 34 42 40 43 4
17 19 8 0 27 5 21 16 22 18 24 18 43 2 22 31 6 41 11 19 36 8 21 28 32 34 13 26 20 28 18 15 25 29 39 27 18 19 21 17 14 40 20 32 18 26 24 37 16 27 31 30 25 14 27 21 26 17 5 9 9 19 39 38 21 28 38 20 24 1 11 43 33 15 23 5 26 35 40 39 12
13 39 35 27 0 23 46 27 38 44 4 9 52 27 21 13 22 27 20 46 35 20 6 41 38 38 21 28 20 39 17 12 45 41 17 29 12 32 12 44 24 36 8 30 33 24 46 34 43 23 10 42 39 41 19 18 39 37 28 27 23 8 47 22 17 21 40 14 17 28 38 25 23 12 28 30 3 13 48 25 39
12 20 12 5 23 0 24 13 21 21 20 14 42 4 21 26 5 36 10 23 32 6 17 27 30 31 9 22 19 27 13 11 25 27 34 23 13 18 16 21 10 36 16 28 17 22 25 33 20 23 26 28 24 18 25 16 25 18 6 12 9 15 37 33 16 27 34 18 22 5 15 38 28 11 19 10 22 30 39 34 16
33 11 15 21 46 24 0 21 15 7 42 38 33 20 43 44 27 48 32 11 35 29 40 19 27 29 25 28 41 21 30 35 10 20 53 28 34 19 35 14 23 39 38 33 17 31 6 36 12 33 46 21 17 14 48 31 19 12 18 28 30 39 30 47 32 49 33 41 45 20 15 52 40 35 25 21 44 50 32 46 14
14 12 18 16 27 13 21 0 11 23 23 20 29 14 33 23 18 28 22 27 20 18 21 15 17 18 6 10 31 14 10 18 18 15 32 11 15 5 16 27 3 24 19 16 6 11 19 21 26 13 26 16 12 24 36 10 12 10 11 25 22 20 25 27 11 37 22 27 32 16 22 32 20 18 7 21 25 29 26 26 22
25 4 21 22 38 21 15 11 0 20 34 31 21 20 42 33 26 34 31 24 20 27 32 6 13 15 17 13 40 7 21 29 7 7 42 14 26 6 27 27 14 25 30 19 5 17 10 22 25 19 37 8 3 26 46 21 5 5 17 31 30 31 17 33 22 48 19 38 43 22 25 38 26 29 11 26 36 40 19 32 24
33 16 10 18 44 21 7 23 20 0 41 35 40 17 39 45 24 51 29 4 39 26 38 26 33 35 26 31 37 27 31 32 17 27 54 32 34 22 36 7 24 44 37 37 20 34 13 41 5 36 47 28 23 7 45 33 25 16 16 23 26 36 37 50 34 45 39 38 42 17 9 55 43 32 28 16 43 51 39 49 8
9 35 32 24 4 20 42 23 34 41 0 6 48 24 22 12 19 26 17 43 32 17 3 37 34 34 17 24 21 35 13 9 41 37 17 25 8 28 8 41 20 33 4 27 29 20 42 31 40 20 9 38 35 38 20 14 35 33 25 24 20 5 43 21 13 22 36 15 18 25 35 24 21 9 24 27 2 12 44 24 36
7 31 26 18 9 14 38 20 31 35 6 0 48 18 16 18 13 32 11 37 33 11 3 35 34 34 14 24 15 34 12 3 37 35 23 25 8 25 10 35 17 35 5 28 26 21 38 32 34 21 15 36 32 32 16 15 32 29 20 18 14 1 43 27 14 18 37 9 13 19 29 30 25 3 23 21 8 18 44 30 30
41 25 42 43 52 42 33 29 21 40 48 48 0 41 62 42 47 37 51 44 19 47 48 15 13 14 35 23 60 15 35 47 23 14 50 22 40 24 40 47 32 22 44 22 25 27 27 21 45 28 46 13 18 46 64 33 16 26 37 52 51 47 4 40 34 66 14 56 61 42 46 45 33 47 24 47 48 48 3 37 45
16 17 8 2 27 4 20 14 20 17 24 18 41 0 24 30 7 40 12 19 34 9 21 26 30 32 12 24 21 26 17 15 23 27 38 25 17 17 20 17 12 38 20 30 16 24 22 35 16 25 30 28 23 14 28 20 24 15 3 11 11 19 37 37 20 29 36 21 25 2 12 42 32 15 21 7 26 34 38 38 12
23 41 29 22 21 21 43 33 42 39 22 16 62 24 0 34 16 48 11 40 49 15 19 48 50 50 27 40 2 47 28 16 46 48 38 41 24 38 26 37 30 51 21 44 38 37 45 48 37 37 31 49 45 34 6 31 45 39 26 16 13 17 58 43 30 6 53 7 5 23 31 46 41 16 38 23 24 34 59 46 32
14 35 38 31 13 26 44 23 33 45 12 18 42 30 34 0 29 14 28 48 24 27 15 35 29 28 19 21 33 33 14 19 40 35 9 21 13 27 10 47 21 23 13 20 29 16 42 23 46 14 5 36 34 44 32 13 33 33 29 35 31 17 38 9 12 34 29 27 30 31 41 12 10 19 22 36 10 7 39 12 41
15 24 14 6 22 5 27 18 26 24 19 13 47 7 16 29 0 41 5 25 37 2 16 32 35 36 14 27 14 32 18 10 30 32 36 28 16 23 19 22 15 41 16 33 22 27 29 38 22 28 28 33 29 19 21 21 30 22 10 7 4 14 42 36 21 22 39 14 18 7 16 41 33 10 24 8 21 31 44 39 17
26 37 46 41 27 36 48 28 34 51 26 32 37 40 48 14 41 0 42 55 18 39 29 33 25 23 28 21 47 31 23 33 41 33 16 20 25 30 22 55 28 15 27 16 32 17 44 16 54 15 18 33 33 52 46 20 32 37 37 47 44 31 34 5 20 48 23 41 44 41 50 8 8 33 23 46 24 17 34 2 49
16 29 19 11 20 10 32 22 31 29 17 11 51 12 11 28 5 42 0 30 40 4 14 37 39 40 17 30 9 36 20 9 35 37 34 31 17 27 20 27 19 43 15 35 27 29 34 40 27 30 26 38 34 24 16 23 34 27 15 7 3 12 47 37 23 17 43 9 13 12 21 40 35 9 28 13 19 29 48 40 22
35 20 11 19 46 23 11 27 24 4 43 37 44 19 40 48 25 55 30 0 43 27 40 30 37 39 28 35 38 31 33 34 21 31 57 36 36 26 38 4 27 48 39 41 24 38 17 45 3 40 49 32 27 6 46 36 29 20 18 24 27 38 41 53 36 46 43 39 43 18 9 58 47 34 32 17 45 53 43 53 8
26 24 38 36 35 32 35 20 20 39 32 33 19 34 49 24 37 18 40 43 0 36 32 16 7 5 23 10 47 14 20 32 26 15 31 9 25 17 24 45 22 5 29 5 19 11 30 2 43 12 29 15 18 43 49 18 15 24 31 44 41 32 16 21 18 51 5 42 46 36 42 26 14 32 13 41 32 30 16 18 41
13 26 16 8 20 6 29 18 27 26 17 11 47 9 15 27 2 39 4 27 36 0 14 33 35 36 13 26 13 32 17 8 31 33 34 27 14 23 17 24 15 40 14 32 23 26 31 37 24 27 26 34 30 21 19 20 30 24 12 8 5 12 43 34 20 21 39 12 16 9 18 39 32 8 24 10 19 29 44 37 19
7 33 29 21 6 17 40 21 32 38 3 3 48 21 19 15 16 29 14 40 32 14 0 36 34 34 15 24 18 34 12 6 39 36 20 25 6 26 7 38 18 33 2 26 27 20 40 31 37 19 12 37 33 35 18 13 33 31 22 21 17 2 43 24 12 20 36 12 15 22 32 27 22 6 23 24 5 15 44 27 33
29 10 27 28 41 27 19 15 6 26 37 35 15 26 48 35 32 33 37 30 16 33 36 0 9 11 21 14 46 2 24 33 10 1 44 14 29 9 29 33 18 21 33 17 10 19 14 18 31 21 39 2 3 32 51 23 2 11 23 37 36 35 11 34 24 52 15 42 47 28 31 39 27 33 13 32 38 42 13 32 30
27 17 34 32 38 30 27 17 13 33 34 34 13 30 50 29 35 25 39 37 7 35 34 9 0 2 22 10 47 7 22 34 18 8 38 9 27 13 26 40 20 12 31 10 15 14 22 9 38 15 33 8 10 39 50 20 8 18 27 41 39 34 9 28 21 52 6 43 47 32 38 33 21 34 11 37 35 36 10 25 37
27 19 36 34 38 31 29 18 15 35 34 34 14 32 50 28 36 23 40 39 5 36 34 11 2 0 23 10 48 9 22 34 20 10 36 9 27 15 26 42 21 10 31 8 17 13 24 7 40 14 32 10 12 41 50 20 10 20 29 43 40 34 11 26 20 52 4 43 47 34 40 31 19 34 12 39 34 34 11 23 39
8 18 18 13 21 9 25 6 17 26 17 14 35 12 27 19 14 28 17 28 23 13 15 21 22 23 0 13 25 20 5 12 24 21 28 14 9 11 10 27 3 27 13 19 12 13 25 24 26 14 21 22 18 24 29 8 18 16 10 21 18 14 31 25 8 30 26 21 26 13 22 30 20 12 11 18 19 25 32 26 22
17 17 28 26 28 22 28 10 13 31 24 24 23 24 40 21 27 21 30 35 10 26 24 14 10 10 13 0 38 12 12 24 20 14 30 1 17 9 16 37 12 14 21 6 11 5 23 11 35 7 25 15 13 34 40 10 12 16 21 34 31 24 19 21 11 42 13 33 37 26 32 26 14 24 3 31 25 28 20 20 32
21 38 27 20 20 19 41 31 40 37 21 15 60 21 2 33 14 47 9 38 47 13 18 46 47 48 25 38 0 45 26 14 44 46 37 39 22 36 25 35 28 49 20 42 36 35 43 46 35 35 30 47 43 32 8 29 43 36 24 14 11 16 56 42 28 8 51 6 5 21 29 45 40 14 36 21 23 33 57 45 30
27 11 28 28 39 27 21 14 7 27 35 34 15 26 47 33 32 31 36 31 14 32 34 2 7 9 20 12 45 0 22 32 12 2 42 12 27 9 27 34 17 19 31 15 10 17 16 16 32 19 37 3 4 33 49 21 2 12 23 37 36 34 11 32 22 50 13 41 46 28 32 37 25 32 11 32 36 40 13 30 31
5 22 23 18 17 13 30 10 21 31 13 12 35 17 28 14 18 23 20 33 20 17 12 24 22 22 5 12 26 22 0 12 28 24 23 13 5 15 6 32 7 23 9 15 16 9 29 20 31 10 16 25 22 29 28 3 22 20 15 25 22 12 31 20 3 30 25 21 25 18 27 25 15 12 11 23 15 20 32 21 27
7 29 23 15 12 11 35 18 29 32 9 3 47 15 16 19 10 33 9 34 32 8 6 33 34 34 12 24 14 32 12 0 35 33 26 25 8 23 11 32 15 35 6 27 24 21 35 32 31 21 18 34 30 29 17 15 30 27 17 16 12 4 43 28 14 19 37 10 14 16 26 31 26 0 23 18 11 21 44 31 27
32 6 21 25 45 25 10 18 7 17 41 37 23 23 46 40 30 41 35 21 26 31 39 10 18 20 24 20 44 12 28 35 0 11 49 21 33 13 34 24 21 30 37 26 12 24 4 27 22 26 44 11 8 24 50 28 10 8 20 34 34 38 20 40 29 52 24 43 47 24 23 45 33 35 18 27 43 47 22 39 22
29 11 28 29 41 27 20 15 7 27 37 35 14 27 48 35 32 33 37 31 15 33 36 1 8 10 21 14 46 2 24 33 11 0 44 14 29 9 29 34 18 20 33 17 10 19 15 17 32 21 39 1 4 33 50 23 2 12 23 38 36 35 10 34 24 51 14 42 47 28 32 39 27 33 13 32 38 42 12 32 31
22 44 46 39 17 34 53 32 42 54 17 23 50 38 38 9 36 16 34 57 31 34 20 44 38 36 28 30 37 42 23 26 49 44 0 30 21 36 19 55 30 29 20 28 38 25 51 30 54 23 8 45 43 52 36 22 42 42 38 41 37 22 47 11 21 38 36 31 34 39 49 9 17 26 31 44 14 4 47 15 50
18 17 29 27 29 23 28 11 14 32 25 25 22 25 41 21 28 20 31 36 9 27 25 14 9 9 14 1 39 12 13 25 21 14 30 0 18 10 17 38 13 13 22 5 12 5 24 10 36 7 25 15 13 35 41 11 12 17 22 35 32 25 18 20 12 43 12 34 38 27 33 25 13 25 4 32 26 28 19 19 33
1 27 25 18 12 13 34 15 26 34 8 8 40 17 24 13 16 25 17 36 25 14 6 29 27 27 9 17 22 27 5 8 33 29 21 18 0 20 3 34 12 27 4 20 21 14 34 25 33 14 13 30 27 31 24 7 27 25 18 22 19 7 36 20 7 26 30 17 21 18 28 25 18 8 16 23 10 17 37 23 29
19 8 21 19 32 18 19 5 6 22 28 25 24 17 38 27 23 30 27 26 17 23 26 9 13 15 11 9 36 9 15 23 13 9 36 10 20 0 21 28 8 22 24 15 2 12 15 19 26 14 31 10 7 26 40 15 7 7 14 28 27 25 19 28 16 41 19 32 37 19 25 33 21 23 6 24 30 34 21 27 24
4 28 28 21 12 16 35 16 27 36 8 10 40 20 26 10 19 22 20 38 24 17 7 29 26 26 10 16 25 27 6 11 34 29 19 17 3 21 0 37 13 25 5 19 22 12 35 23 36 12 11 30 28 34 25 6 27 26 20 25 22 9 35 17 5 27 28 19 22 21 31 22 15 11 16 26 9 15 36 20 32
34 23 9 17 44 21 14 27 27 7 41 35 47 17 37 47 22 55 27 4 45 24 38 33 40 42 27 37 35 34 32 32 24 34 55 38 34 28 37 0 26 50 37 43 26 38 20 47 2 39 47 35 30 3 43 35 32 22 17 21 24 36 44 52 35 43 46 36 40 16 6 57 46 32 34 14 43 51 46 52 5
11 15 17 14 24 10 23 3 14 24 20 17 32 12 30 21 15 28 19 27 22 15 18 18 20 21 3 12 28 17 7 15 21 18 30 13 12 8 13 26 0 26 16 18 9 12 22 23 25 13 23 18 15 23 32 9 15 13 9 22 19 17 27 26 10 33 24 24 29 14 21 31 20 15 9 19 22 27 29 26 21
28 29 42 40 36 36 39 24 25 44 33 35 22 38 51 23 41 15 43 48 5 40 33 21 12 10 27 14 49 19 23 35 30 20 29 13 27 22 25 50 26 0 30 8 24 14 34 3 48 13 28 20 22 48 50 20 20 28 35 48 45 34 19 18 20 52 8 44 47 40 46 23 13 34 17 45 33 29 19 15 46
5 31 28 20 8 16 38 19 30 37 4 5 44 20 21 13 16 27 15 39 29 14 2 33 31 31 13 21 20 31 9 6 37 33 20 22 4 24 5 37 16 30 0 24 25 17 38 28 36 17 12 34 31 34 20 11 31 29 21 22 18 4 40 22 10 22 33 14 17 21 31 25 20 6 20 24 6 16 41 25 32
21 22 34 32 30 28 33 16 19 37 27 28 22 30 44 20 33 16 35 41 5 32 26 17 10 8 19 6 42 15 15 27 26 17 28 5 20 15 19 43 18 8 24 0 17 6 29 5 41 7 25 17 18 40 43 13 16 22 27 40 37 27 19 18 13 45 10 36 40 32 38 23 11 27 9 37 27 26 19 15 38
20 6 19 18 33 17 17 6 5 20 29 26 25 16 38 29 22 32 27 24 19 23 27 10 15 17 12 11 36 10 16 24 12 10 38 12 21 2 22 26 9 24 25 17 0 14 13 21 24 16 32 11 7 24 41 16 8 5 13 27 26 26 20 30 17 42 21 33 38 18 23 35 23 24 8 22 31 35 22 29 22
14 20 29 26 24 22 31 11 17 34 20 21 27 24 37 16 27 17 29 38 11 26 20 19 14 13 13 5 35 17 9 21 24 19 25 5 14 12 12 38 12 14 17 6 14 0 27 11 37 2 20 20 18 35 37 7 17 19 21 34 31 21 23 16 7 39 16 30 34 26 33 21 9 21 6 31 21 23 24 15 33
33 7 19 24 46 25 6 19 10 13 42 38 27 22 45 42 29 44 34 17 30 31 40 14 22 24 25 23 43 16 29 35 4 15 51 24 34 15 35 20 22 34 38 29 13 27 0 31 18 29 45 15 12 20 50 29 14 9 19 32 33 39 24 43 30 51 28 43 47 23 20 48 36 35 21 25 44 48 26 42 19
25 26 39 37 34 33 36 21 22 41 31 32 21 35 48 23 38 16 40 45 2 37 31 18 9 7 24 11 46 16 20 32 27 17 30 10 25 19 23 47 23 3 28 5 21 11 31 0 45 11 28 17 19 45 48 18 17 25 32 45 42 32 18 19 18 50 7 41 45 37 43 24 13 32 14 42 31 29 18 16 43
32 21 8 16 43 20 12 26 25 5 40 34 45 16 37 46 22 54 27 3 43 24 37 31 38 40 26 35 35 32 31 31 22 32 54 36 33 26 36 2 25 48 36 41 24 37 18 45 0 38 46 33 28 3 43 34 30 20 16 21 24 35 42 51 34 43 44 36 40 15 6 56 45 31 32 14 42 50 44 51 5
14 22 30 27 23 23 33 13 19 36 20 21 28 25 37 14 28 15 30 40 12 27 19 21 15 14 14 7 35 19 10 21 26 21 23 7 14 14 12 39 13 13 17 7 16 2 29 11 38 0 18 22 20 36 37 7 19 21 22 35 32 21 24 14 7 39 17 30 34 27 34 19 7 21 8 32 20 21 25 13 34
14 38 38 31 10 26 46 26 37 47 9 15 46 30 31 5 28 18 26 49 29 26 12 39 33 32 21 25 30 37 16 18 44 39 8 25 13 31 11 47 23 28 12 25 32 20 45 28 46 18 0 40 38 44 29 16 37 36 31 33 29 14 42 13 15 31 34 24 27 31 41 15 15 18 26 36 7 4 43 17 42
30 12 29 30 42 28 21 16 8 28 38 36 13 28 49 36 33 33 38 32 15 34 37 2 8 10 22 15 47 3 25 34 11 1 45 15 30 10 30 35 18 20 34 17 11 20 15 17 33 22 40 0 5 34 50 24 3 13 24 38 37 35 9 35 25 51 14 42 47 29 33 40 28 33 14 33 39 43 11 32 32
26 7 24 25 39 24 17 12 3 23 35 32 18 23 45 34 29 33 34 27 18 30 33 3 10 12 18 13 43 4 22 30 8 4 43 13 27 7 28 30 15 22 31 18 7 18 12 19 28 20 38 5 0 29 47 22 2 8 20 34 33 32 14 33 23 48 16 39 44 25 28 38 26 30 12 29 37 41 16 32 27
31 22 6 14 41 18 14 24 26 7 38 32 46 14 34 44 19 52 24 6 43 21 35 32 39 41 24 34 32 33 29 29 24 33 52 35 31 26 34 3 23 48 34 40 24 35 20 45 3 36 44 34 29 0 40 32 31 21 14 18 21 33 43 49 32 40 45 33 37 13 3 54 43 29 31 11 40 48 45 49 2
24 45 35 27 19 25 48 36 46 45 20 16 64 28 6 32 21 46 16 46 49 19 18 51 50 50 29 40 8 49 28 17 50 50 36 41 24 40 25 43 32 50 20 43 41 37 50 48 43 37 29 50 47 40 0 31 47 43 31 22 19 17 59 41 30 2 53 8 3 28 37 44 40 17 39 29 22 32 60 44 38
8 22 26 21 18 16 31 10 21 33 14 15 33 20 31 13 21 20 23 36 18 20 13 23 20 20 8 10 29 21 3 15 28 23 22 11 7 15 6 35 9 20 11 13 16 7 29 18 34 7 16 24 22 32 31 0 21 20 18 28 25 14 29 17 1 33 23 24 28 21 30 22 12 15 10 26 15 19 30 18 30
26 9 26 26 39 25 19 12 5 25 35 32 16 24 45 33 30 32 34 29 15 30 33 2 8 10 18 12 43 2 22 30 10 2 42 12 27 7 27 32 15 20 31 16 8 17 14 17 30 19 37 3 2 31 47 21 0 10 21 35 34 32 12 32 22 48 14 39 44 26 30 37 25 30 11 30 36 40 14 31 29
24 2 16 17 37 18 12 10 5 16 33 29 26 15 39 33 22 37 27 20 24 24 31 11 18 20 16 16 36 12 20 27 8 12 42 17 25 7 26 22 13 28 29 22 5 19 9 25 20 21 36 13 8 21 43 20 10 0 12 26 26 30 22 35 21 44 24 35 40 17 20 40 28 27 13 21 35 39 24 34 19
17 14 8 5 28 6 18 11 17 16 25 20 37 3 26 29 10 37 15 18 31 12 22 23 27 29 10 21 24 23 15 17 20 23 38 22 18 14 20 17 9 35 21 27 13 21 19 32 16 22 31 24 20 14 31 18 21 12 0 14 14 21 33 35 18 32 33 24 28 5 12 40 29 17 18 10 27 35 35 35 12
21 28 13 9 27 12 28 25 31 23 24 18 52 11 16 35 7 47 7 24 44 8 21 37 41 43 21 34 14 37 25 16 34 38 41 35 22 28 25 21 22 48 22 40 27 34 32 45 21 35 33 38 34 18 22 28 35 26 14 0 4 19 47 42 28 22 46 16 19 10 15 47 40 16 31 7 26 36 49 45 16
18 28 16 9 23 9 30 22 30 26 20 14 51 11 13 31 4 44 3 27 41 5 17 36 39 40 18 31 11 36 22 12 34 36 37 32 19 27 22 24 19 45 18 37 26 31 33 42 24 32 29 37 33 21 19 25 34 26 14 4 0 15 46 39 25 19 43 12 16 10 18 43 37 12 28 10 22 32 48 42 19
7 32 27 19 8 15 39 20 31 36 5 1 47 19 17 17 14 31 12 38 32 12 2 35 34 34 14 24 16 34 12 4 38 35 22 25 7 25 9 36 17 34 4 27 26 21 39 32 35 21 14 35 32 33 17 14 32 30 21 19 15 0 43 26 14 19 37 10 14 20 30 29 24 4 23 22 7 17 44 29 31
36 21 38 39 47 37 30 25 17 37 43 43 4 37 58 38 42 34 47 41 16 43 43 11 9 11 31 19 56 11 31 43 20 10 47 18 36 19 35 44 27 19 40 19 20 23 24 18 42 24 42 9 14 43 59 29 12 22 33 47 46 43 0 37 30 60 11 51 56 38 42 42 30 42 20 42 44 45 2 34 41
21 36 43 38 22 33 47 27 33 50 21 27 40 37 43 9 36 5 37 53 21 34 24 34 28 26 25 21 42 32 20 28 40 34 11 20 20 28 17 52 26 18 22 18 30 16 43 19 51 14 13 35 33 49 41 17 32 35 35 42 39 26 37 0 17 43 26 36 39 38 47 5 7 28 22 43 19 12 37 4 47
7 23 26 21 17 16 32 11 22 34 13 14 34 20 30 12 21 20 23 36 18 20 12 24 21 20 8 11 28 22 3 14 29 24 21 12 7 16 5 35 10 20 10 13 17 7 30 18 34 7 15 25 23 32 30 1 22 21 18 28 25 14 30 17 0 32 23 23 27 21 30 22 12 14 11 26 14 18 31 18 30
25 46 35 28 21 27 49 37 48 45 22 18 66 29 6 34 22 48 17 46 51 21 20 52 52 52 30 42 8 50 30 19 52 51 38 43 26 41 27 43 33 52 22 45 42 39 51 50 43 39 31 51 48 40 2 33 48 44 32 22 19 19 60 43 32 0 55 9 5 29 37 46 42 19 41 29 24 34 62 46 38
30 23 40 38 40 34 33 22 19 39 36 37 14 36 53 29 39 23 43 43 5 39 36 15 6 4 26 13 51 13 25 37 24 14 36 12 30 19 28 46 24 8 33 10 21 16 28 7 44 17 34 14 16 45 53 23 14 24 33 46 43 37 11 26 23 55 0 46 50 38 44 31 19 37 15 43 37 35 11 23 43
16 37 28 20 14 18 41 27 38 38 15 9 56 21 7 27 14 41 9 39 42 12 12 42 43 43 21 33 6 41 21 10 43 42 31 34 17 32 19 36 24 44 14 36 33 30 43 41 36 30 24 42 39 33 8 24 39 35 24 16 12 10 51 36 23 9 46 0 5 21 30 39 34 10 32 22 17 27 53 39 31
20 42 32 24 17 22 45 32 43 42 18 13 61 25 5 30 18 44 13 43 46 16 15 47 47 47 26 37 5 46 25 14 47 47 34 38 21 37 22 40 29 47 17 40 38 34 47 45 40 34 27 47 44 37 3 28 44 40 28 19 16 14 56 39 27 5 50 5 0 25 34 42 37 14 36 26 20 30 57 42 35
17 19 7 1 28 5 20 16 22 17 25 19 42 2 23 31 7 41 12 18 36 9 22 28 32 34 13 26 21 28 18 16 24 28 39 27 18 19 21 16 14 40 21 32 18 26 23 37 15 27 31 29 25 13 28 21 26 17 5 10 10 20 38 38 21 29 38 21 25 0 10 43 33 16 23 5 27 35 40 39 11
27 21 4 11 38 15 15 22 25 9 35 29 46 12 31 41 16 50 21 9 42 18 32 31 38 40 22 32 29 32 27 26 23 32 49 33 28 25 31 6 21 46 31 38 23 33 20 43 6 34 41 33 28 3 37 30 30 20 12 15 18 30 42 47 30 37 44 30 34 10 0 52 41 26 29 8 37 45 44 47 1
26 41 48 43 25 38 52 32 38 55 24 30 45 42 46 12 41 8 40 58 26 39 27 39 33 31 30 26 45 37 25 31 45 39 9 25 25 33 22 57 31 23 25 23 35 21 48 24 56 19 15 40 38 54 44 22 37 40 40 47 43 29 42 5 22 46 31 39 42 43 52 0 12 31 27 48 22 12 42 8 52
19 29 37 33 23 28 40 20 26 43 21 25 33 32 41 10 33 8 35 47 14 32 22 27 21 19 20 14 40 25 15 26 33 27 17 13 18 21 15 46 20 13 20 11 23 9 36 13 45 7 15 28 26 43 40 12 25 28 29 40 37 24 30 7 12 42 19 34 37 33 41 12 0 26 15 38 20 16 30 6 41
7 29 23 15 12 11 35 18 29 32 9 3 47 15 16 19 10 33 9 34 32 8 6 33 34 34 12 24 14 32 12 0 35 33 26 25 8 23 11 32 15 34 6 27 24 21 35 32 31 21 18 33 30 29 17 15 30 27 17 16 12 4 42 28 14 19 37 10 14 16 26 31 26 0 23 18 11 21 44 31 27
16 14 25 23 28 19 25 7 11 28 24 23 24 21 38 22 24 23 28 32 13 24 23 13 11 12 11 3 36 11 11 23 18 13 31 4 16 6 16 34 9 17 20 9 8 6 21 14 32 8 26 14 12 31 39 10 11 13 18 31 28 23 20 22 11 41 15 32 36 23 29 27 15 23 0 28 25 29 21 21 29
22 23 6 5 30 10 21 21 26 16 27 21 47 7 23 36 8 46 13 17 41 10 24 32 37 39 18 31 21 32 23 18 27 32 44 32 23 24 26 14 19 45 24 37 22 31 25 42 14 32 36 33 29 11 29 26 30 21 10 7 10 22 42 43 26 29 43 22 26 5 8 48 38 18 28 0 29 39 44 44 9
11 37 34 26 3 22 44 25 36 43 2 8 48 26 24 10 21 24 19 45 32 19 5 38 35 34 19 25 23 36 15 11 43 38 14 26 10 30 9 43 22 33 6 27 31 21 44 31 42 20 7 39 37 40 22 15 36 35 27 26 22 7 44 19 14 24 37 17 20 27 37 22 20 11 25 29 0 10 45 22 38
18 41 42 35 13 30 50 29 40 51 12 18 48 34 34 7 31 17 29 53 30 29 15 42 36 34 25 28 33 40 20 21 47 42 4 28 17 34 15 51 27 29 16 26 35 23 48 29 50 21 4 43 41 48 32 19 40 39 35 36 32 17 45 12 18 34 35 27 30 35 45 12 16 21 29 39 10 0 45 16 46
37 23 40 40 48 39 32 26 19 39 44 44 3 38 59 39 44 34 48 43 16 44 44 13 10 11 32 20 57 13 32 44 22 12 47 19 37 21 36 46 29 19 41 19 22 24 26 18 44 25 43 11 16 45 60 30 14 24 35 49 48 44 2 37 31 62 11 53 57 40 44 42 30 44 21 44 45 45 0 34 43
24 35 43 39 25 34 46 26 32 49 24 30 37 38 46 12 39 2 40 53 18 37 27 32 25 23 26 20 45 30 21 31 39 32 15 19 23 27 20 52 26 15 25 15 29 15 42 16 51 13 17 32 32 49 44 18 31 34 35 45 42 29 34 4 18 46 23 39 42 39 47 8 6 31 21 44 22 16 34 0 47
28 20 4 12 39 16 14 22 24 8 36 30 45 12 32 41 17 49 22 8 41 19 33 30 37 39 22 32 30 31 27 27 22 31 50 33 29 24 32 5 21 46 32 38 22 33 19 43 5 34 42 32 27 2 38 30 29 19 12 16 19 31 41 47 30 38 43 31 35 11 1 52 41 27 29 9 38 46 43 47 0
0         862      
66        192      
18        141      
9         126      
210       325      
3         129      
52        167      
168       279      
68        180      
42        166      
542       664      
0         98       
357       474      
5         134      
508       624      
233       344      
0         116      
255       360      
0         117      
31        159      
112       234      
0         111      
0         94       
90        219      
104       221      
333       463      
199       314      
172       298      
494       618      
89        221      
0         73       
0         89       
67        180      
347       477      
264       378      
137       257      
0         80       
155       274      
0         57       
461       580      
162       285      
113       249      
195       329      
132       253      
78        186      
299       417      
392       511      
303       419      
31        162      
169       290      
220       343      
98        212      
83        198      
39        145      
507       625      
183       310      
98        223      
86        195      
23        126      
431       555      
524       639      
0         91       
641       766      
243       352      
0         72       
566       699      
108       235      
500       622      
504       631      
440       560      
416       536      
255       380      
315       441      
0         100      
136       255      
429       533      
215       321      
730       843      
365       487      
285       398      
682       791      
