81
0 34 26 22 26 42 25 4 31 38 25 25 43 27 33 37 39 24 19 39 32 34 35 28 35 14 35 31 30 10 28 17 7 49 29 6 39 26 15 4 13 25 18 39 12 31 12 6 6 32 11 15 31 29 38 12 6 20 16 28 12 35 32 38 22 33 25 19 22 8 20 23 41 2 24 47 10 22 34 30 30
34 0 20 21 24 23 38 36 35 32 45 21 13 9 41 15 7 22 21 14 18 3 30 16 6 21 39 11 36 44 20 17 41 27 9 40 31 11 20 37 29 16 20 17 37 30 45 33 29 25 27 20 42 18 17 28 33 34 21 17 22 4 31 14 14 19 9 15 43 37 15 24 20 32 29 25 25 13 40 27 11
26 20 0 30 4 15 19 25 15 15 27 1 22 20 21 13 27 32 7 33 32 22 12 29 16 22 19 10 16 36 2 15 33 23 22 31 15 21 20 26 30 26 25 13 35 10 38 29 24 7 27 20 22 4 13 29 29 17 24 4 18 23 11 32 10 7 14 16 26 23 20 5 16 25 10 22 16 18 20 8 25
22 21 30 0 32 41 40 26 42 45 44 30 34 13 46 33 21 2 24 18 11 19 42 7 26 9 46 27 41 30 32 15 27 46 12 27 45 11 10 26 11 5 5 35 19 38 30 18 17 37 11 10 45 31 35 11 18 34 7 29 13 19 40 17 20 35 18 14 40 28 10 29 38 21 33 44 17 12 45 37 10
26 24 4 32 0 18 15 24 11 13 23 3 26 23 17 17 31 34 8 37 36 26 10 32 20 24 15 14 12 35 6 17 33 26 25 30 13 24 22 25 32 29 27 17 36 6 38 30 24 6 29 22 18 8 17 31 29 13 26 8 20 27 8 35 13 10 18 18 22 21 22 3 19 25 6 25 17 21 16 5 28
42 23 15 41 18 0 31 40 24 13 39 16 14 29 30 8 29 43 22 37 41 26 14 39 17 35 26 14 26 51 13 27 48 8 31 46 11 31 32 41 43 37 37 6 50 18 53 44 39 12 40 32 33 12 6 42 44 30 36 14 32 27 18 37 22 8 23 28 38 38 31 20 4 40 23 7 31 29 28 16 34
25 38 19 40 15 31 0 21 9 21 8 18 41 36 8 32 45 42 18 50 47 40 18 43 35 29 11 29 7 31 21 26 30 38 38 26 22 36 28 22 35 39 33 32 37 13 35 31 26 19 32 28 6 23 32 34 31 5 31 23 25 41 14 48 26 25 31 28 8 17 31 14 34 25 9 38 21 31 9 15 40
4 36 25 26 24 40 21 0 27 36 21 24 44 29 29 37 41 27 18 41 35 36 33 31 36 16 31 32 26 11 27 19 9 48 31 6 37 28 17 1 17 27 21 38 16 28 14 10 9 30 15 17 27 28 37 16 10 16 18 27 14 37 29 40 23 32 27 21 18 4 22 21 40 5 21 46 11 24 30 28 32
31 35 15 42 11 24 9 27 0 12 16 14 34 34 6 25 42 44 17 48 47 37 10 43 31 32 4 25 2 38 15 26 36 31 36 33 13 35 31 28 40 39 36 25 43 6 41 37 32 12 37 31 9 17 25 39 37 12 34 18 28 38 6 46 24 18 29 28 17 24 31 13 27 31 8 31 25 31 5 8 39
38 32 15 45 13 13 21 36 12 0 28 15 27 33 17 18 39 47 21 46 46 34 3 43 26 37 13 20 14 47 13 30 45 20 35 42 2 35 35 37 45 41 40 17 49 8 50 43 37 8 42 35 20 14 17 44 42 22 39 16 33 35 7 45 25 12 27 31 29 33 35 16 17 38 15 20 30 33 15 8 38
25 45 27 44 23 39 8 21 16 28 0 26 49 41 12 40 52 46 23 55 52 45 26 48 43 34 16 37 14 30 29 32 29 46 43 25 29 42 33 21 37 44 38 40 36 21 34 31 29 27 35 33 9 31 40 37 31 10 36 31 30 46 22 53 31 33 36 34 3 17 37 22 42 26 17 46 26 37 14 23 46
25 21 1 30 3 16 18 24 14 15 26 0 23 20 20 14 28 32 6 34 33 23 12 29 17 22 18 11 15 35 3 15 32 24 22 30 15 21 20 25 30 26 25 14 35 9 37 29 23 7 27 20 21 5 14 29 28 16 24 5 18 24 10 32 10 8 15 16 25 23 20 4 17 24 9 23 15 18 19 7 25
43 13 22 34 26 14 41 44 34 27 49 23 0 21 40 9 17 35 26 26 30 15 26 29 8 32 37 12 36 53 20 26 50 15 22 49 25 23 30 45 40 29 32 10 48 28 55 43 39 22 38 30 43 18 10 40 43 39 32 18 31 16 28 26 21 16 18 25 48 43 26 27 10 41 32 13 33 24 38 26 23
27 9 20 13 23 29 36 29 34 33 41 20 21 0 40 21 12 14 18 13 12 7 31 10 13 13 38 15 35 36 21 10 33 34 2 33 33 2 12 30 20 8 11 23 28 29 37 25 21 26 18 12 41 19 23 19 25 31 12 17 15 8 30 12 10 23 6 8 40 30 7 22 26 25 27 32 18 5 39 27 5
33 41 21 46 17 30 8 29 6 17 12 20 40 40 0 31 48 48 22 53 52 43 16 48 37 36 4 31 5 39 21 31 38 37 42 34 19 41 35 30 42 44 40 31 45 12 43 39 34 18 40 35 3 23 31 42 39 13 38 24 32 44 12 52 29 24 34 33 14 25 36 17 33 33 12 37 28 36 2 14 45
37 15 13 33 17 8 32 37 25 18 40 14 9 21 31 0 21 35 18 29 33 18 17 31 9 28 28 6 27 47 11 21 44 13 23 42 16 23 26 38 36 29 29 2 44 19 49 39 34 13 34 26 34 9 2 36 39 30 29 9 26 19 19 29 15 7 15 21 39 35 24 18 5 36 23 11 27 21 29 17 26
39 7 27 21 31 29 45 41 42 39 52 28 17 12 48 21 0 22 27 9 14 5 37 15 12 25 46 18 43 48 27 22 45 32 10 45 37 13 24 42 31 15 22 23 39 37 49 36 33 32 30 24 49 25 23 30 36 40 23 24 27 4 38 9 19 26 14 20 49 42 19 31 25 37 36 30 30 17 47 34 10
24 22 32 2 34 43 42 27 44 47 46 32 35 14 48 35 22 0 26 18 10 20 44 7 27 11 48 29 43 31 34 17 28 48 13 29 47 12 12 27 12 6 7 37 20 40 31 19 18 39 13 12 47 33 37 12 19 36 9 31 15 20 42 17 22 37 20 16 42 30 12 31 40 22 35 46 19 14 47 39 11
19 21 7 24 8 22 18 18 17 21 23 6 26 18 22 18 27 26 0 31 30 22 18 26 20 16 21 14 18 29 9 9 26 30 20 24 21 19 14 19 24 22 19 19 28 14 31 22 16 13 21 14 23 10 19 23 21 13 18 9 12 23 16 30 8 14 13 11 22 17 14 5 22 18 10 28 9 14 22 13 23
39 14 33 18 37 37 50 41 48 46 55 34 26 13 53 29 9 18 31 0 8 11 44 11 20 25 51 24 48 48 33 23 45 41 11 45 44 14 24 42 29 14 21 31 37 42 48 36 33 38 29 24 54 31 31 29 36 44 23 30 27 10 43 1 23 32 19 21 53 42 19 35 34 37 40 39 31 18 52 40 9
32 18 32 11 36 41 47 35 47 46 52 33 30 12 52 33 14 10 30 8 0 15 43 4 24 19 50 27 47 41 33 20 38 45 10 38 45 11 19 36 22 7 14 35 30 41 41 29 26 38 22 18 52 31 35 22 29 42 16 29 21 14 42 7 22 35 18 18 48 36 14 34 38 30 39 43 25 15 51 39 7
34 3 22 19 26 26 40 36 37 34 45 23 15 7 43 18 5 20 22 11 15 0 32 13 9 20 41 13 38 43 22 17 40 30 7 40 33 9 19 37 27 13 18 20 35 32 44 32 28 27 25 19 44 20 20 26 32 35 19 19 22 1 33 11 14 21 9 15 44 37 14 26 23 32 31 28 25 12 42 29 8
35 30 12 42 10 14 18 33 10 3 26 12 26 31 16 17 37 44 18 44 43 32 0 41 24 34 12 18 12 44 10 27 42 21 33 39 4 33 32 34 42 38 37 16 46 5 47 40 34 5 39 32 19 12 16 41 39 19 36 13 30 33 4 43 22 10 24 28 26 30 32 13 17 35 12 21 27 30 14 5 36
28 16 29 7 32 39 43 31 43 43 48 29 29 10 48 31 15 7 26 11 4 13 41 0 22 14 47 25 44 37 30 16 34 43 8 34 43 8 14 31 18 3 10 33 26 38 37 25 22 35 18 14 48 29 33 18 25 38 12 27 17 13 39 10 19 33 16 14 44 32 10 30 36 26 35 41 21 11 47 36 5
35 6 16 26 20 17 35 36 31 26 43 17 8 13 37 9 12 27 20 20 24 9 24 22 0 24 35 6 32 45 15 18 42 21 14 41 25 15 22 37 32 21 24 11 40 25 47 35 31 20 30 22 38 13 11 31 35 33 24 12 23 10 26 20 13 14 10 17 42 36 18 21 14 33 26 19 25 16 36 22 17
14 21 22 9 24 35 29 16 32 37 34 22 32 13 36 28 25 11 16 25 19 20 34 14 24 0 36 22 32 23 24 7 20 41 15 20 37 12 2 17 8 11 4 30 16 30 24 12 8 29 6 2 35 23 30 8 12 24 2 21 4 21 32 24 12 27 14 7 31 19 6 21 33 12 24 39 8 8 36 29 16
35 39 19 46 15 26 11 31 4 13 16 18 37 38 4 28 46 48 21 51 50 41 12 47 35 36 0 28 5 42 19 30 40 33 40 36 15 39 35 32 44 43 40 27 47 10 45 41 36 14 41 35 7 21 27 43 41 15 38 22 32 42 8 50 28 20 33 32 18 27 35 17 29 35 12 33 29 35 2 11 43
31 11 10 27 14 14 29 32 25 20 37 11 12 15 31 6 18 29 14 24 27 13 18 25 6 22 28 0 26 41 9 14 38 19 17 37 19 17 19 33 30 23 23 8 37 19 43 32 27 14 27 19 32 7 8 29 32 27 23 6 19 14 20 24 9 8 9 15 36 31 17 15 11 29 20 17 21 15 30 16 20
30 36 16 41 12 26 7 26 2 14 14 15 36 35 5 27 43 43 18 48 47 38 12 44 32 32 5 26 0 37 17 27 35 33 37 31 15 36 31 27 39 40 36 27 42 8 40 36 31 14 36 31 7 19 27 38 36 10 34 20 28 39 8 47 25 20 30 29 15 22 32 13 29 30 8 33 24 32 4 10 40
10 44 36 30 35 51 31 11 38 47 30 35 53 36 39 47 48 31 29 48 41 43 44 37 45 23 42 41 37 0 38 27 3 59 38 5 48 35 24 10 19 34 27 48 12 39 4 12 15 41 19 24 37 39 48 19 12 26 25 38 22 44 40 47 32 43 35 29 27 14 29 32 51 12 32 57 20 31 40 39 39
28 20 2 32 6 13 21 27 15 13 29 3 20 21 21 11 27 34 9 33 33 22 10 30 15 24 19 9 17 38 0 17 35 21 23 33 13 22 22 28 32 28 27 11 37 9 40 31 25 5 29 22 24 2 11 31 30 19 26 3 20 23 10 33 12 5 14 18 28 25 22 7 14 27 12 20 18 20 20 7 26
17 17 15 15 17 27 26 19 26 30 32 15 26 10 31 21 22 17 9 23 20 17 27 16 18 7 30 14 27 27 17 0 24 33 12 23 30 9 5 20 15 12 10 22 23 23 29 17 12 22 13 5 32 16 22 15 17 22 9 14 5 18 25 22 5 20 8 2 30 20 5 14 25 15 19 31 8 5 31 22 14
7 41 33 27 33 48 30 9 36 45 29 32 50 33 38 44 45 28 26 45 38 40 42 34 42 20 40 38 35 3 35 24 0 56 35 4 46 32 21 8 16 31 24 45 10 37 5 9 12 39 16 21 36 36 45 16 9 25 22 35 19 41 38 44 29 40 32 26 26 13 26 30 48 9 30 54 17 28 39 37 36
49 27 23 46 26 8 38 48 31 20 46 24 15 34 37 13 32 48 30 41 45 30 21 43 21 41 33 19 33 59 21 33 56 0 35 54 18 36 38 49 48 42 42 11 56 25 61 50 45 20 46 38 40 20 11 48 50 38 42 21 38 31 25 41 28 16 28 34 46 46 36 28 8 48 31 2 39 34 35 24 38
29 9 22 12 25 31 38 31 36 35 43 22 22 2 42 23 10 13 20 11 10 7 33 8 14 15 40 17 37 38 23 12 35 35 0 35 35 3 14 32 21 7 12 25 29 31 38 26 23 28 19 14 43 21 25 20 26 33 13 19 17 7 32 10 12 25 8 10 42 32 9 24 28 27 29 33 20 7 41 29 3
6 40 31 27 30 46 26 6 33 42 25 30 49 33 34 42 45 29 24 45 38 40 39 34 41 20 36 37 31 5 33 23 4 54 35 0 43 32 21 5 17 31 24 43 13 34 9 10 12 36 16 21 32 34 43 17 10 21 22 33 18 41 35 44 28 38 31 25 22 9 26 27 46 8 27 52 16 28 35 34 36
39 31 15 45 13 11 22 37 13 2 29 15 25 33 19 16 37 47 21 44 45 33 4 43 25 37 15 19 15 48 13 30 46 18 35 43 0 35 35 38 45 41 40 15 49 9 51 43 37 8 42 35 22 14 15 44 42 23 39 16 33 33 8 43 25 11 27 31 30 34 35 16 15 38 16 18 30 33 17 9 38
26 11 21 11 24 31 36 28 35 35 42 21 23 2 41 23 13 12 19 14 11 9 33 8 15 12 39 17 36 35 22 9 32 36 3 32 35 0 11 29 18 6 9 25 26 30 35 23 20 27 16 11 41 21 25 17 23 31 10 19 14 9 31 13 11 25 8 7 39 29 6 23 28 24 28 34 17 4 40 28 5
15 20 20 10 22 32 28 17 31 35 33 20 30 12 35 26 24 12 14 24 19 19 32 14 22 2 35 19 31 24 22 5 21 38 14 21 35 11 0 18 10 11 5 27 18 28 25 13 9 27 8 0 34 21 27 10 13 23 4 19 3 20 30 23 10 25 12 5 30 18 5 19 30 13 23 36 7 7 35 27 15
4 37 26 26 25 41 22 1 28 37 21 25 45 30 30 38 42 27 19 42 36 37 34 31 37 17 32 33 27 10 28 20 8 49 32 5 38 29 18 0 17 28 21 38 15 29 13 10 9 31 15 18 28 29 38 16 10 17 19 28 15 38 30 41 24 33 28 22 18 5 23 22 41 5 22 47 12 25 31 29 33
13 29 30 11 32 43 35 17 40 45 37 30 40 20 42 36 31 12 24 29 22 27 42 18 32 8 44 30 39 19 32 15 16 48 21 17 45 18 10 17 0 15 9 37 8 38 19 7 8 37 3 10 41 31 37 1 7 29 8 29 12 27 40 28 20 35 22 15 34 20 13 29 40 12 32 46 15 15 43 37 20
25 16 26 5 29 37 39 27 39 41 44 26 29 8 44 29 15 6 22 14 7 13 38 3 21 11 43 23 40 34 28 12 31 42 7 31 41 6 11 28 15 0 7 31 23 35 34 22 19 33 15 11 44 27 31 15 22 34 9 25 14 13 36 13 16 31 14 11 41 29 7 26 34 23 31 40 18 8 43 33 5
18 20 25 5 27 37 33 21 36 40 38 25 32 11 40 29 22 7 19 21 14 18 37 10 24 4 40 23 36 27 27 10 24 42 12 24 40 9 5 21 9 7 0 31 16 33 27 15 12 32 8 5 39 26 31 8 15 28 2 24 8 18 35 20 15 30 14 9 35 23 5 24 34 16 28 40 12 7 40 32 12
39 17 13 35 17 6 32 38 25 17 40 14 10 23 31 2 23 37 19 31 35 20 16 33 11 30 27 8 27 48 11 22 45 11 25 43 15 25 27 38 37 31 31 0 45 19 50 39 34 13 35 27 34 9 0 37 39 30 31 10 27 21 19 31 17 7 17 23 39 36 25 18 3 37 23 9 28 23 29 17 28
12 37 35 19 36 50 37 16 43 49 36 35 48 28 45 44 39 20 28 37 30 35 46 26 40 16 47 37 42 12 37 23 10 56 29 13 49 26 18 15 8 23 16 45 0 41 11 6 11 41 10 18 43 38 45 8 6 32 15 36 18 34 43 36 28 42 30 23 33 20 20 32 48 12 35 54 18 22 46 40 28
31 30 10 38 6 18 13 28 6 8 21 9 28 29 12 19 37 40 14 42 41 32 5 38 25 30 10 19 8 39 9 23 37 25 31 34 9 30 28 29 38 35 33 19 41 0 42 35 30 6 35 28 15 11 19 37 35 14 32 12 26 32 2 41 19 12 23 24 21 25 28 9 21 30 7 25 23 27 11 2 34
12 45 38 30 38 53 35 14 41 50 34 37 55 37 43 49 49 31 31 48 41 44 47 37 47 24 45 43 40 4 40 29 5 61 38 9 51 35 25 13 19 34 27 50 11 42 0 12 17 44 19 25 41 41 50 19 12 30 25 40 24 44 43 47 34 45 37 30 31 18 30 35 53 14 35 59 22 32 44 42 39
6 33 29 18 30 44 31 10 37 43 31 29 43 25 39 39 36 19 22 36 29 32 40 25 35 12 41 32 36 12 31 17 9 50 26 10 43 23 13 10 7 22 15 39 6 35 12 0 5 35 7 13 37 32 39 7 0 26 13 30 12 32 37 35 22 36 25 18 28 14 18 26 42 6 29 48 12 20 40 34 27
6 29 24 17 24 39 26 9 32 37 29 23 39 21 34 34 33 18 16 33 26 28 34 22 31 8 36 27 31 15 25 12 12 45 23 12 37 20 9 9 8 19 12 34 11 30 17 5 0 29 6 9 32 26 34 8 5 21 10 25 7 29 32 32 17 30 20 14 26 12 14 21 37 4 24 43 7 16 35 29 24
32 25 7 37 6 12 19 30 12 8 27 7 22 26 18 13 32 39 13 38 38 27 5 35 20 29 14 14 14 41 5 22 39 20 28 36 8 27 27 31 37 33 32 13 41 6 44 35 29 0 34 27 21 7 13 36 34 18 31 8 25 28 6 38 17 6 19 23 26 27 27 9 15 31 11 19 22 25 16 4 31
11 27 27 11 29 40 32 15 37 42 35 27 38 18 40 34 30 13 21 29 22 25 39 18 30 6 41 27 36 19 29 13 16 46 19 16 42 16 8 15 3 15 8 35 10 35 19 7 6 34 0 8 38 29 35 2 7 27 6 27 9 25 37 28 18 33 20 13 32 18 11 26 38 10 29 44 12 13 40 34 20
15 20 20 10 22 32 28 17 31 35 33 20 30 12 35 26 24 12 14 24 18 19 32 14 22 2 35 19 31 24 22 5 21 38 14 21 35 11 0 18 10 11 5 27 18 28 25 13 9 27 8 0 34 21 27 10 13 23 4 19 3 20 30 23 10 25 12 5 30 18 5 19 30 13 23 36 7 7 35 27 15
31 42 22 45 18 33 6 27 9 20 9 21 43 41 3 34 49 47 23 54 52 44 19 48 38 35 7 32 7 37 24 32 36 40 43 32 22 41 34 28 41 44 39 34 43 15 41 37 32 21 38 34 0 26 34 40 37 11 37 26 31 45 15 53 30 27 35 34 11 23 37 18 36 31 13 40 27 37 5 17 46
29 18 4 31 8 12 23 28 17 14 31 5 18 19 23 9 25 33 10 31 31 20 12 29 13 23 21 7 19 39 2 16 36 20 21 34 14 21 21 29 31 27 26 9 38 11 41 32 26 7 29 21 26 0 9 31 31 21 25 2 21 21 12 31 11 4 13 17 30 27 21 9 12 28 14 18 19 19 22 9 24
38 17 13 35 17 6 32 37 25 17 40 14 10 23 31 2 23 37 19 31 35 20 16 33 11 30 27 8 27 48 11 22 45 11 25 43 15 25 27 38 37 31 31 0 45 19 50 39 34 13 35 27 34 9 0 37 39 30 31 10 27 21 19 31 17 7 17 23 39 36 25 18 3 37 23 9 28 23 29 17 28
12 28 29 11 31 42 34 16 39 44 37 29 40 19 42 36 30 12 23 29 22 26 41 18 31 8 43 29 38 19 31 15 16 48 20 17 44 17 10 16 1 15 8 37 8 37 19 7 8 36 2 10 40 31 37 0 7 29 7 29 11 26 39 28 20 35 22 15 34 20 12 28 40 11 31 46 14 14 42 36 20
6 33 29 18 29 44 31 10 37 42 31 28 43 25 39 39 36 19 21 36 29 32 39 25 35 12 41 32 36 12 30 17 9 50 26 10 42 23 13 10 7 22 15 39 6 35 12 0 5 34 7 13 37 31 39 7 0 26 13 30 12 32 37 35 22 35 25 18 28 14 18 26 42 6 29 48 12 20 40 34 27
20 34 17 34 13 30 5 16 12 22 10 16 39 31 13 30 40 36 13 44 42 35 19 38 33 24 15 27 10 26 19 22 25 38 33 21 23 31 23 17 29 34 28 30 32 14 30 26 21 18 27 23 11 21 30 29 26 0 26 21 20 36 15 43 21 23 26 24 9 12 27 12 32 20 7 37 16 27 14 14 36
16 21 24 7 26 36 31 18 34 39 36 24 32 12 38 29 23 9 18 23 16 19 36 12 24 2 38 23 34 25 26 9 22 42 13 22 39 10 4 19 8 9 2 31 15 32 25 13 10 31 6 4 37 25 31 7 13 26 0 23 6 19 34 22 14 29 14 8 33 21 5 23 34 14 26 40 10 7 38 31 14
28 17 4 29 8 14 23 27 18 16 31 5 18 17 24 9 24 31 9 30 29 19 13 27 12 21 22 6 20 38 3 14 35 21 19 33 16 19 19 28 29 25 24 10 36 12 40 30 25 8 27 19 26 2 10 29 30 21 23 0 19 20 13 29 9 6 11 15 30 26 19 9 13 27 14 19 18 17 23 10 22
12 22 18 13 20 32 25 14 28 33 30 18 31 15 32 26 27 15 12 27 21 22 30 17 23 4 32 19 28 22 20 5 19 38 17 18 33 14 3 15 12 14 8 27 18 26 24 12 7 25 9 3 31 21 27 11 12 20 6 19 0 23 28 26 10 25 13 7 27 15 8 17 30 10 20 36 4 10 32 25 18
35 4 23 19 27 27 41 37 38 35 46 24 16 8 44 19 4 20 23 10 14 1 33 13 10 21 42 14 39 44 23 18 41 31 7 41 33 9 20 38 27 13 18 21 34 32 44 32 29 28 25 20 45 21 21 26 32 36 19 20 23 0 33 10 15 22 10 16 45 38 15 27 24 33 32 29 26 13 43 30 8
32 31 11 40 8 18 14 29 6 7 22 10 28 30 12 19 38 42 16 43 42 33 4 39 26 32 8 20 8 40 10 25 38 25 32 35 8 31 30 30 40 36 35 19 43 2 43 37 32 6 37 30 15 12 19 39 37 15 34 13 28 33 0 42 20 12 24 26 22 26 30 11 21 31 8 25 25 28 10 3 35
38 14 32 17 35 37 48 40 46 45 53 32 26 12 52 29 9 17 30 1 7 11 43 10 20 24 50 24 47 47 33 22 44 41 10 44 43 13 23 41 28 13 20 31 36 41 47 35 32 38 28 23 53 31 31 28 35 43 22 29 26 10 42 0 22 32 18 20 52 41 18 34 34 36 39 39 30 17 51 39 8
22 14 10 20 13 22 26 23 24 25 31 10 21 10 29 15 19 22 8 23 22 14 22 19 13 12 28 9 25 32 12 5 29 28 12 28 25 11 10 24 20 16 15 17 28 19 34 22 17 17 18 10 30 11 17 20 22 21 14 9 10 15 20 22 0 15 5 6 30 23 10 12 20 20 17 26 12 8 29 17 15
33 19 7 35 10 8 25 32 18 12 33 8 16 23 24 7 26 37 14 32 35 21 10 33 14 27 20 8 20 43 5 20 40 16 25 38 11 25 25 33 35 31 30 7 42 12 45 36 30 6 33 25 27 4 7 35 35 23 29 6 25 22 12 32 15 0 17 21 32 30 25 12 9 32 16 15 23 23 22 10 28
25 9 14 18 18 23 31 27 29 27 36 15 18 6 34 15 14 20 13 19 18 9 24 16 10 14 33 9 30 35 14 8 32 28 8 31 27 8 12 28 22 14 14 17 30 23 37 25 20 19 20 12 35 13 17 22 25 26 14 11 13 10 24 18 5 17 0 7 35 28 8 17 20 23 22 26 16 6 34 21 11
19 15 16 14 18 28 28 21 28 31 34 16 25 8 33 21 20 16 11 21 18 15 28 14 17 7 32 15 29 29 18 2 26 34 10 25 31 7 5 22 15 11 9 23 23 24 30 18 14 23 13 5 34 17 23 15 18 24 8 15 7 16 26 20 6 21 7 0 32 22 4 16 26 17 21 32 10 3 33 23 12
22 43 26 40 22 38 8 18 17 29 3 25 48 40 14 39 49 42 22 53 48 44 26 44 42 31 18 36 15 27 28 30 26 46 42 22 30 39 30 18 34 41 35 39 33 21 31 28 26 26 32 30 11 30 39 34 28 9 33 30 27 45 22 52 30 32 35 32 0 14 35 21 41 23 16 45 23 35 16 23 44
8 37 23 28 21 38 17 4 24 33 17 23 43 30 25 35 42 30 17 42 36 37 30 32 36 19 27 31 22 14 25 20 13 46 32 9 34 29 18 5 20 29 23 36 20 25 18 14 12 27 18 18 23 27 36 20 14 12 21 26 15 38 26 41 23 30 28 22 14 0 23 19 39 9 18 45 12 25 26 25 33
20 15 20 10 22 31 31 22 31 35 37 20 26 7 36 24 19 12 14 19 14 14 32 10 18 6 35 17 32 29 22 5 26 36 9 26 35 6 5 23 13 7 5 25 20 28 30 18 14 27 11 5 37 21 25 12 18 27 5 19 8 15 30 18 10 25 8 4 35 23 0 19 28 18 24 34 12 2 36 27 10
23 24 5 29 3 20 14 21 13 16 22 4 27 22 17 18 31 31 5 35 34 26 13 30 21 21 17 15 13 32 7 14 30 28 24 27 16 23 19 22 29 26 24 18 32 9 35 26 21 9 26 19 18 9 18 28 26 12 23 9 17 27 11 34 12 12 17 16 21 19 19 0 21 22 5 27 14 19 17 8 27
41 20 16 38 19 4 34 40 27 17 42 17 10 26 33 5 25 40 22 34 38 23 17 36 14 33 29 11 29 51 14 25 48 8 28 46 15 28 30 41 40 34 34 3 48 21 53 42 37 15 38 30 36 12 3 40 42 32 34 13 30 24 21 34 20 9 20 26 41 39 28 21 0 40 25 6 31 26 31 19 31
2 32 25 21 25 40 25 5 31 38 26 24 41 25 33 36 37 22 18 37 30 32 35 26 33 12 35 29 30 12 27 15 9 48 27 8 38 24 13 5 12 23 16 37 12 30 14 6 4 31 10 13 31 28 37 11 6 20 14 27 10 33 31 36 20 32 23 17 23 9 18 22 40 0 23 46 9 20 34 30 28
24 29 10 33 6 23 9 21 8 15 17 9 32 27 12 23 36 35 10 40 39 31 12 35 26 24 12 20 8 32 12 19 30 31 29 27 16 28 23 22 32 31 28 23 35 7 35 29 24 11 29 23 13 14 23 31 29 7 26 14 20 32 8 39 17 16 22 21 16 18 24 5 25 23 0 30 17 24 12 7 32
47 25 22 44 25 7 38 46 31 20 46 23 13 32 37 11 30 46 28 39 43 28 21 41 19 39 33 17 33 57 20 31 54 2 33 52 18 34 36 47 46 40 40 9 54 25 59 48 43 19 44 36 40 18 9 46 48 37 40 19 36 29 25 39 26 15 26 32 45 45 34 27 6 46 30 0 37 32 35 23 36
10 25 16 17 17 31 21 11 25 30 26 15 33 18 28 27 30 19 9 31 25 25 27 21 25 8 29 21 24 20 18 8 17 39 20 16 30 17 7 12 15 18 12 28 18 23 22 12 7 22 12 7 27 19 28 14 12 16 10 18 4 26 25 30 12 23 16 10 23 12 12 14 31 9 17 37 0 13 28 22 22
22 13 18 12 21 29 31 24 31 33 37 18 24 5 36 21 17 14 14 18 15 12 30 11 16 8 35 15 32 31 20 5 28 34 7 28 33 4 7 25 15 8 7 23 22 27 32 20 16 25 13 7 37 19 23 14 20 27 7 17 10 13 28 17 8 23 6 3 35 25 2 19 26 20 24 32 13 0 36 25 9
34 40 20 45 16 28 9 30 5 15 14 19 38 39 2 29 47 47 22 52 51 42 14 47 36 36 2 30 4 40 20 31 39 35 41 35 17 40 35 31 43 43 40 29 46 11 44 40 35 16 40 35 5 22 29 42 40 14 38 23 32 43 10 51 29 22 34 33 16 26 36 17 31 34 12 35 28 36 0 13 44
30 27 8 37 5 16 15 28 8 8 23 7 26 27 14 17 34 39 13 40 39 29 5 36 22 29 11 16 10 39 7 22 37 24 29 34 9 28 27 29 37 33 32 17 40 2 42 34 29 4 34 27 17 9 17 36 34 14 31 10 25 30 3 39 17 10 21 23 23 25 27 8 19 30 7 23 22 25 13 0 32
30 11 25 10 28 34 40 32 39 38 46 25 23 5 45 26 10 11 23 9 7 8 36 5 17 16 43 20 40 39 26 14 36 38 3 36 38 5 15 33 20 5 12 28 28 34 39 27 24 31 20 15 46 24 28 20 27 36 14 22 18 8 35 8 15 28 11 12 44 33 10 27 31 28 32 36 22 9 44 32 0
0         856      
373       525      
111       314      
30        214      
150       298      
244       438      
172       362      
0         106      
148       312      
216       455      
223       411      
57        292      
325       541      
0         177      
133       298      
247       456      
402       591      
600       831      
105       252      
411       540      
340       569      
434       636      
278       463      
516       768      
352       477      
0         200      
187       329      
284       493      
199       404      
425       677      
81        284      
108       309      
0         128      
338       511      
72        190      
0         154      
564       766      
68        215      
10        175      
0         156      
0         204      
49        258      
70        202      
306       522      
0         186      
92        328      
0         159      
0         195      
0         135      
151       318      
9         183      
0         197      
153       302      
70        290      
281       430      
548       691      
0         117      
171       433      
0         175      
130       268      
0         218      
397       580      
241       420      
384       555      
403       580      
84        289      
62        294      
60        207      
519       633      
0         130      
0         182      
274       436      
310       436      
399       623      
219       345      
293       463      
43        227      
0         240      
170       346      
85        366      
491       773      
