81
0 24 35 7 23 26 13 40 31 30 33 32 31 12 24 27 34 17 14 4 11 25 40 40 32 7 14 27 29 27 37 27 36 34 22 33 29 32 32 7 30 15 37 37 28 10 40 25 6 10 16 16 18 37 27 22 23 7 5 17 22 15 13 35 10 8 37 22 14 32 6 25 19 37 26 26 13 5 25 18 34
24 0 41 17 14 27 11 18 12 44 18 13 38 12 40 17 45 24 20 22 31 43 44 42 24 29 37 3 48 37 29 38 37 41 14 27 40 14 8 18 10 27 19 46 48 22 47 13 29 30 40 8 25 43 37 32 33 19 29 24 5 19 14 27 29 17 18 37 37 16 18 4 33 17 37 38 20 26 10 30 42
35 41 0 37 27 14 36 44 35 16 28 34 3 36 18 25 7 51 46 38 46 24 5 7 20 41 30 44 27 8 19 9 5 1 27 17 9 32 44 32 36 19 31 5 30 25 6 29 39 27 38 38 51 2 9 12 11 38 34 49 36 23 29 19 45 32 32 18 31 30 36 38 17 37 10 12 44 39 32 52 2
7 17 37 0 18 25 6 33 26 35 28 27 33 5 30 22 37 13 9 5 15 31 42 41 29 12 21 20 35 29 34 30 36 36 17 31 32 27 25 4 24 17 32 39 35 11 42 20 12 16 23 9 14 39 29 24 25 3 12 13 15 14 8 32 13 5 32 27 21 27 1 18 23 32 28 29 8 9 20 17 36
23 14 27 18 0 13 13 21 10 32 10 10 24 14 29 4 31 30 25 23 33 33 30 28 11 30 30 17 38 23 16 24 23 27 1 14 26 9 17 16 10 16 14 32 39 15 33 2 29 23 36 14 31 29 24 19 20 21 26 30 9 9 10 14 31 15 14 26 31 9 19 11 22 15 24 25 25 27 5 35 28
26 27 14 25 13 0 23 31 21 21 15 21 11 23 20 11 18 38 34 28 37 26 18 16 9 33 28 30 30 12 13 13 11 14 13 9 15 19 30 22 22 13 20 19 32 16 20 15 31 22 36 25 39 16 12 9 10 28 28 38 22 12 17 11 36 21 20 18 29 17 26 24 15 24 13 15 33 31 18 42 15
13 11 36 6 13 23 0 27 20 37 22 21 32 1 32 17 38 17 12 11 21 33 41 39 24 18 26 14 38 30 29 31 34 35 13 27 33 21 19 7 18 19 26 39 38 13 41 14 18 19 29 3 18 38 30 25 26 9 18 17 9 12 6 27 19 6 26 29 26 21 7 12 25 26 30 31 12 15 14 22 36
40 18 44 33 21 31 27 0 10 52 16 10 42 28 50 20 49 42 38 38 48 54 46 43 24 45 51 16 59 43 27 44 39 44 22 27 46 12 10 33 11 37 13 49 60 36 49 18 45 44 56 25 43 45 43 39 40 36 44 42 18 30 28 26 46 32 12 47 52 14 34 15 43 7 44 45 38 42 16 48 45
31 12 35 26 10 21 20 10 0 42 8 1 32 21 39 10 39 35 31 31 41 43 38 35 16 38 40 12 48 33 19 34 31 35 11 19 36 3 9 24 2 26 7 40 49 25 41 8 37 33 46 18 36 37 33 29 30 29 35 35 11 19 18 18 39 23 6 36 41 5 27 8 32 6 34 35 31 35 6 41 36
30 44 16 35 32 21 37 52 42 0 36 42 15 37 5 32 9 47 43 33 38 8 21 23 30 33 19 47 11 10 33 9 21 15 31 29 8 40 49 31 42 18 41 13 14 24 18 34 32 19 27 40 47 18 9 13 12 36 26 46 39 25 31 31 38 31 41 8 20 38 34 42 12 45 9 7 42 33 36 46 14
33 18 28 28 10 15 22 16 8 36 0 7 26 23 35 6 33 39 34 33 43 41 30 27 8 40 39 19 45 27 11 28 23 28 11 11 30 5 17 26 9 24 5 33 47 24 33 8 39 32 45 22 40 29 27 24 25 31 36 39 15 18 20 10 41 25 5 33 40 3 29 14 30 9 28 30 34 37 9 44 29
32 13 34 27 10 21 21 10 1 42 7 0 32 22 39 10 39 36 32 32 42 43 37 34 15 39 40 13 48 33 18 34 30 34 11 18 36 2 10 25 3 26 6 39 49 25 40 8 38 33 46 19 37 36 33 29 30 30 36 36 12 19 19 17 40 24 5 36 41 4 28 9 32 5 34 35 32 36 7 42 35
31 38 3 33 24 11 32 42 32 15 26 32 0 32 16 22 8 46 42 34 42 22 8 9 18 37 28 41 25 6 19 7 6 3 24 16 7 30 41 29 33 16 30 8 28 22 9 26 36 24 36 35 47 5 7 9 8 35 31 46 33 20 26 18 41 29 31 16 29 28 33 35 15 35 8 10 41 36 29 48 4
12 12 36 5 14 23 1 28 21 37 23 22 32 0 32 18 38 16 11 10 20 33 40 39 25 17 25 15 38 30 30 31 34 35 13 28 33 22 20 6 19 19 27 40 38 13 41 15 17 19 28 4 17 37 30 25 26 8 17 16 10 12 6 28 18 6 27 29 26 22 6 13 25 27 30 31 11 14 15 21 36
24 40 18 30 29 20 32 50 39 5 35 39 16 32 0 30 12 41 38 28 33 6 23 25 29 28 14 43 10 10 32 9 22 17 29 28 9 38 46 26 39 13 40 16 12 19 21 31 26 14 22 35 42 20 9 11 10 31 21 41 35 21 26 30 33 26 40 3 15 37 29 38 7 44 8 6 37 28 34 41 16
27 17 25 22 4 11 17 20 10 32 6 10 22 18 30 0 29 34 29 27 37 35 28 25 7 34 33 19 40 23 12 24 21 25 5 10 26 8 19 20 11 18 11 30 41 18 31 4 33 26 39 18 35 27 23 19 20 25 30 34 12 12 14 10 35 19 11 28 34 7 23 13 24 14 24 25 29 31 7 39 26
34 45 7 37 31 18 38 49 39 9 33 39 8 38 12 29 0 50 46 37 44 17 12 14 26 39 26 48 20 8 26 7 12 6 31 24 5 37 48 33 40 19 38 4 23 25 9 33 37 24 34 41 51 9 8 13 12 38 31 49 40 26 32 26 43 32 38 14 27 35 36 42 15 42 8 8 44 38 36 51 5
17 24 51 13 30 38 17 42 35 47 39 36 46 16 41 34 50 0 5 13 12 42 54 54 41 16 31 26 46 42 46 43 49 49 29 44 45 37 32 17 33 30 42 52 45 24 55 31 17 27 28 18 1 51 42 37 38 11 21 0 25 27 21 44 10 18 41 38 31 38 13 27 35 41 41 42 5 14 30 6 49
14 20 46 9 25 34 12 38 31 43 34 32 42 11 38 29 46 5 0 10 12 39 50 50 36 14 28 22 43 38 41 39 45 45 24 39 41 32 28 13 29 26 37 48 42 20 51 26 14 24 26 13 6 47 38 33 34 7 18 5 20 23 17 39 10 14 37 35 28 33 9 23 31 37 37 38 1 11 26 10 45
4 22 38 5 23 28 11 38 31 33 33 32 34 10 28 27 37 13 10 0 10 29 42 43 33 7 18 25 33 30 38 31 38 37 22 35 32 32 30 7 29 18 37 40 32 12 43 25 7 14 19 14 14 39 30 25 26 3 8 13 20 17 13 36 8 8 37 25 18 32 4 23 22 37 29 29 9 4 25 14 37
11 31 46 15 33 37 21 48 41 38 43 42 42 20 33 37 44 12 12 10 0 31 50 51 43 5 19 33 34 37 48 37 47 45 32 44 39 42 39 17 39 26 47 47 33 21 51 35 6 18 16 23 13 47 36 33 34 12 11 12 30 26 23 46 2 18 47 30 19 42 14 33 27 47 34 34 12 6 35 10 43
25 43 24 31 33 26 33 54 43 8 41 43 22 33 6 35 17 42 39 29 31 0 29 31 35 26 12 46 5 16 38 15 28 23 33 34 15 42 50 27 43 17 46 21 6 21 26 35 25 15 19 36 43 26 15 16 16 32 21 42 39 25 29 36 32 27 46 7 12 42 30 42 11 48 14 12 38 28 38 40 22
40 44 5 42 30 18 41 46 38 21 30 37 8 40 23 28 12 54 50 42 50 29 0 3 22 45 35 47 32 13 19 14 7 6 31 19 14 35 47 37 39 24 33 8 35 30 4 32 44 32 43 43 55 3 14 17 16 43 39 54 39 28 34 20 49 37 34 23 36 33 41 41 22 39 15 17 49 44 35 56 7
40 42 7 41 28 16 39 43 35 23 27 34 9 39 25 25 14 54 50 43 51 31 3 0 19 46 37 44 34 15 16 16 5 8 28 16 16 32 44 37 36 25 30 10 37 31 7 29 45 33 45 41 55 5 16 18 17 43 40 54 37 27 33 17 50 36 31 25 38 30 41 38 24 36 17 19 49 45 32 57 9
32 24 20 29 11 9 24 24 16 30 8 15 18 25 29 7 26 41 36 33 43 35 22 19 0 39 36 26 39 21 5 22 15 20 12 3 24 13 25 26 17 21 12 25 41 23 25 11 38 30 44 25 42 21 21 18 19 32 35 41 19 17 21 3 41 25 13 27 37 11 30 20 24 17 22 24 36 37 14 46 21
7 29 41 12 30 33 18 45 38 33 40 39 37 17 28 34 39 16 14 7 5 26 45 46 39 0 15 32 30 32 44 32 42 40 29 40 34 39 37 14 36 21 44 42 29 16 46 32 1 13 13 21 17 42 31 28 29 10 6 16 27 22 20 42 6 15 44 25 15 39 11 30 22 44 29 29 13 3 32 14 38
14 37 30 21 30 28 26 51 40 19 39 40 28 25 14 33 26 31 28 18 19 12 35 37 36 15 0 40 15 22 41 21 33 29 29 37 22 39 44 19 40 15 44 30 14 15 35 32 14 7 8 29 32 32 21 20 20 21 10 31 33 21 23 39 21 20 44 13 1 39 20 36 13 45 20 19 27 17 34 29 29
27 3 44 20 17 30 14 16 12 47 19 13 41 15 43 19 48 26 22 25 33 46 47 44 26 32 40 0 51 40 30 41 40 44 17 29 43 15 6 21 10 30 19 49 51 25 50 15 32 33 43 11 27 46 40 35 36 22 32 26 8 22 17 29 31 20 18 40 40 16 21 6 36 17 40 41 22 29 12 32 45
29 48 27 35 38 30 38 59 48 11 45 48 25 38 10 40 20 46 43 33 34 5 32 34 39 30 15 51 0 19 42 18 31 26 38 38 18 47 55 32 48 22 50 24 3 26 29 40 29 19 20 41 47 29 19 21 20 36 25 46 44 30 34 40 36 32 50 12 15 47 34 47 16 53 18 16 42 32 43 44 25
27 37 8 29 23 12 30 43 33 10 27 33 6 30 10 23 8 42 38 30 37 16 13 15 21 32 22 40 19 0 23 1 12 8 23 20 3 31 40 25 33 12 32 10 22 18 13 25 31 18 30 33 43 10 1 5 4 31 25 42 32 18 24 22 37 25 32 10 23 29 29 34 9 36 2 4 37 32 28 44 7
37 29 19 34 16 13 29 27 19 33 11 18 19 30 32 12 26 46 41 38 48 38 19 16 5 44 41 30 42 23 0 24 14 20 17 4 25 16 28 31 20 26 14 24 44 28 23 16 43 35 49 30 47 20 24 22 22 37 40 46 24 22 26 2 46 30 15 31 42 14 35 25 28 20 25 27 41 42 19 51 21
27 38 9 30 24 13 31 44 34 9 28 34 7 31 9 24 7 43 39 31 37 15 14 16 22 32 21 41 18 1 24 0 13 8 24 21 2 32 41 26 34 12 33 10 21 18 14 26 31 18 29 34 44 11 1 6 5 31 25 42 33 19 25 23 37 25 33 9 22 30 29 35 8 37 1 3 37 31 29 44 8
36 37 5 36 23 11 34 39 31 21 23 30 6 34 22 21 12 49 45 38 47 28 7 5 15 42 33 40 31 12 14 13 0 6 24 12 13 28 40 32 32 20 26 10 34 26 10 25 40 28 41 36 50 6 13 13 13 38 35 49 32 22 28 14 46 31 27 22 34 26 36 34 20 32 14 16 44 40 28 52 7
34 41 1 36 27 14 35 44 35 15 28 34 3 35 17 25 6 49 45 37 45 23 6 8 20 40 29 44 26 8 20 8 6 0 27 18 8 32 44 32 36 19 32 5 29 25 6 29 39 26 37 38 50 3 8 12 11 38 33 49 36 23 29 20 44 32 33 17 30 31 36 38 16 37 9 11 44 39 32 51 1
22 14 27 17 1 13 13 22 11 31 11 11 24 13 29 5 31 29 24 22 32 33 31 28 12 29 29 17 38 23 17 24 24 27 0 15 26 10 17 15 10 16 15 32 39 14 33 3 28 22 35 13 30 29 23 18 19 20 25 29 9 8 9 15 30 14 15 26 30 10 18 11 22 16 23 24 24 26 5 34 28
33 27 17 31 14 9 27 27 19 29 11 18 16 28 28 10 24 44 39 35 44 34 19 16 3 40 37 29 38 20 4 21 12 18 15 0 22 16 28 28 20 22 14 22 40 24 22 14 39 31 45 28 45 18 20 18 18 34 36 44 22 18 23 2 43 27 15 27 38 14 32 23 24 20 21 23 39 38 17 48 19
29 40 9 32 26 15 33 46 36 8 30 36 7 33 9 26 5 45 41 32 39 15 14 16 24 34 22 43 18 3 25 2 13 8 26 22 0 34 43 27 36 14 35 8 21 20 13 28 32 19 30 36 46 11 3 8 7 33 26 44 35 21 27 24 38 27 35 9 22 32 31 37 10 39 3 3 39 33 31 46 7
32 14 32 27 9 19 21 12 3 40 5 2 30 22 38 8 37 37 32 32 42 42 35 32 13 39 39 15 47 31 16 32 28 32 10 16 34 0 12 25 5 25 5 37 48 24 38 7 38 32 45 19 38 34 31 27 28 30 35 37 12 18 19 15 40 24 5 35 40 2 28 10 31 6 32 33 32 36 7 42 33
32 8 44 25 17 30 19 10 9 49 17 10 41 20 46 19 48 32 28 30 39 50 47 44 25 37 44 6 55 40 28 41 40 44 17 28 43 12 0 25 8 32 16 49 55 29 50 15 37 37 48 16 33 46 40 35 36 27 36 32 10 24 20 27 37 24 15 42 44 14 26 7 38 12 40 41 28 34 12 38 45
7 18 32 4 16 22 7 33 24 31 26 25 29 6 26 20 33 17 13 7 17 27 37 37 26 14 19 21 32 25 31 26 32 32 15 28 27 25 25 0 23 13 30 35 32 7 38 18 13 13 22 10 18 34 25 20 21 6 11 17 15 10 6 29 15 1 30 23 20 25 4 18 19 30 24 25 12 11 18 20 32
30 10 36 24 10 22 18 11 2 42 9 3 33 19 39 11 40 33 29 29 39 43 39 36 17 36 40 10 48 33 20 34 32 36 10 20 36 5 8 23 0 26 9 41 49 24 42 8 36 32 45 16 34 38 33 28 29 27 34 33 9 18 17 19 37 22 8 36 40 6 25 6 32 8 33 34 29 33 5 39 37
15 27 19 17 16 13 19 37 26 18 24 26 16 19 13 18 19 30 26 18 26 17 24 25 21 21 15 30 22 12 26 12 20 19 16 22 14 25 32 13 26 0 29 22 23 6 25 18 20 9 23 22 31 21 12 7 8 19 15 30 22 8 13 24 25 13 29 10 16 25 17 25 6 31 11 12 25 20 21 32 19
37 19 31 32 14 20 26 13 7 41 5 6 30 27 40 11 38 42 37 37 47 46 33 30 12 44 44 19 50 32 14 33 26 32 15 14 35 5 16 30 9 29 0 36 52 29 36 12 43 37 50 24 43 32 32 29 30 35 40 42 17 23 24 13 45 29 1 38 45 5 33 15 35 6 33 35 37 41 12 47 33
37 46 5 39 32 19 39 49 40 13 33 39 8 40 16 30 4 52 48 40 47 21 8 10 25 42 30 49 24 10 24 10 10 5 32 22 8 37 49 35 41 22 36 0 27 28 5 34 40 27 38 42 53 5 10 15 14 41 34 52 41 27 33 24 46 35 37 17 30 35 39 43 18 42 11 11 47 41 37 54 4
28 48 30 35 39 32 38 60 49 14 47 49 28 38 12 41 23 45 42 32 33 6 35 37 41 29 14 51 3 22 44 21 34 29 39 40 21 48 55 32 49 23 52 27 0 26 32 41 28 19 18 41 46 32 21 22 22 35 24 45 44 31 34 42 35 32 52 13 14 48 34 47 17 54 20 18 41 31 44 43 28
10 22 25 11 15 16 13 36 25 24 24 25 22 13 19 18 25 24 20 12 21 21 30 31 23 16 15 25 26 18 28 18 26 25 14 24 20 24 29 7 24 6 29 28 26 0 31 17 15 8 21 16 25 27 18 13 14 13 12 24 18 6 8 26 20 7 29 16 16 24 11 21 12 30 17 18 19 15 19 26 25
40 47 6 42 33 20 41 49 41 18 33 40 9 41 21 31 9 55 51 43 51 26 4 7 25 46 35 50 29 13 23 14 10 6 33 22 13 38 50 38 42 25 36 5 32 31 0 35 44 31 43 44 56 4 14 18 17 44 38 55 42 29 35 24 50 38 37 22 35 36 42 44 22 42 15 16 50 45 38 57 6
25 13 29 20 2 15 14 18 8 34 8 8 26 15 31 4 33 31 26 25 35 35 32 29 11 32 32 15 40 25 16 26 25 29 3 14 28 7 15 18 8 18 12 34 41 17 35 0 31 25 38 14 32 31 26 21 22 23 28 31 8 11 12 14 33 17 12 28 33 7 21 9 24 13 26 27 26 29 3 36 30
6 29 39 12 29 31 18 45 37 32 39 38 36 17 26 33 37 17 14 7 6 25 44 45 38 1 14 32 29 31 43 31 40 39 28 39 32 38 37 13 36 20 43 40 28 15 44 31 0 12 12 21 18 41 30 27 28 10 5 17 27 21 19 41 7 14 43 24 14 38 11 30 21 43 28 28 13 3 31 15 37
10 30 27 16 23 22 19 44 33 19 32 33 24 19 14 26 24 27 24 14 18 15 32 33 30 13 7 33 19 18 35 18 28 26 22 31 19 32 37 13 32 9 37 27 19 8 31 25 12 0 14 22 28 28 17 15 16 17 7 27 26 14 16 33 19 13 37 12 8 32 15 29 9 38 16 16 23 14 27 27 25
16 40 38 23 36 36 29 56 46 27 45 46 36 28 22 39 34 28 26 19 16 19 43 45 44 13 8 43 20 30 49 29 41 37 35 45 30 45 48 22 45 23 50 38 18 21 43 38 12 14 0 32 29 40 29 28 28 22 11 28 37 27 28 47 18 23 50 20 7 45 22 40 21 51 28 26 25 15 40 26 36
16 8 38 9 14 25 3 25 18 40 22 19 35 4 35 18 41 18 13 14 23 36 43 41 25 21 29 11 41 33 30 34 36 38 13 28 36 19 16 10 16 22 24 42 41 16 44 14 21 22 32 0 19 40 33 28 29 11 21 18 7 15 9 28 21 9 24 32 29 20 10 10 28 24 33 34 13 18 13 23 39
18 25 51 14 31 39 18 43 36 47 40 37 47 17 42 35 51 1 6 14 13 43 55 55 42 17 32 27 47 43 47 44 50 50 30 45 46 38 33 18 34 31 43 53 46 25 56 32 18 28 29 19 0 52 43 38 39 12 22 1 26 28 22 45 11 19 42 39 32 39 14 28 36 42 42 43 6 15 31 5 50
37 43 2 39 29 16 38 45 37 18 29 36 5 37 20 27 9 51 47 39 47 26 3 5 21 42 32 46 29 10 20 11 6 3 29 18 11 34 46 34 38 21 32 5 32 27 4 31 41 28 40 40 52 0 11 14 13 40 35 51 38 25 31 20 46 34 33 20 33 32 38 40 19 38 12 14 46 41 34 53 4
27 37 9 29 24 12 30 43 33 9 27 33 7 30 9 23 8 42 38 30 36 15 14 16 21 31 21 40 19 1 24 1 13 8 23 20 3 31 40 25 33 12 32 10 21 18 14 26 30 17 29 33 43 11 0 5 4 31 24 42 32 18 24 22 36 25 32 9 22 29 29 34 8 36 1 3 37 31 28 44 8
22 32 12 24 19 9 25 39 29 13 24 29 9 25 11 19 13 37 33 25 33 16 17 18 18 28 20 35 21 5 22 6 13 12 18 18 8 27 35 20 28 7 29 15 22 13 18 21 27 15 28 28 38 14 5 0 1 26 22 37 27 13 19 20 32 20 29 9 21 26 24 29 7 33 5 6 32 27 23 39 12
23 33 11 25 20 10 26 40 30 12 25 30 8 26 10 20 12 38 34 26 34 16 16 17 19 29 20 36 20 4 22 5 13 11 19 18 7 28 36 21 29 8 30 14 22 14 17 22 28 16 28 29 39 13 4 1 0 27 23 38 28 14 20 20 33 21 30 9 21 27 25 30 7 34 4 5 33 28 24 40 11
7 19 38 3 21 28 9 36 29 36 31 30 35 8 31 25 38 11 7 3 12 32 43 43 32 10 21 22 36 31 37 31 38 38 20 34 33 30 27 6 27 19 35 41 35 13 44 23 10 17 22 11 12 40 31 26 27 0 11 11 18 16 11 35 10 7 35 28 21 30 2 21 24 35 30 31 6 7 23 14 38
5 29 34 12 26 28 18 44 35 26 36 36 31 17 21 30 31 21 18 8 11 21 39 40 35 6 10 32 25 25 40 25 35 33 25 36 26 35 36 11 34 15 40 34 24 12 38 28 5 7 11 21 22 35 24 22 23 11 0 21 26 18 17 38 12 12 40 19 10 35 11 29 16 41 23 23 17 7 29 20 32
17 24 49 13 30 38 17 42 35 46 39 36 46 16 41 34 49 0 5 13 12 42 54 54 41 16 31 26 46 42 46 42 49 49 29 44 44 37 32 17 33 30 42 52 45 24 55 31 17 27 28 18 1 51 42 37 38 11 21 0 25 27 21 44 10 18 41 38 31 38 13 27 35 41 41 42 5 14 30 6 49
22 5 36 15 9 22 9 18 11 39 15 12 33 10 35 12 40 25 20 20 30 39 39 37 19 27 33 8 44 32 24 33 32 36 9 22 35 12 10 15 9 22 17 41 44 18 42 8 27 26 37 7 26 38 32 27 28 18 26 25 0 14 10 22 28 14 17 32 34 13 16 3 28 17 32 33 20 24 6 30 37
15 19 23 14 9 12 12 30 19 25 18 19 20 12 21 12 26 27 23 17 26 25 28 27 17 22 21 22 30 18 22 19 22 23 8 18 21 18 24 10 18 8 23 27 31 6 29 11 21 14 27 15 28 25 18 13 14 16 18 27 14 0 6 20 25 9 23 18 22 18 14 17 14 24 18 19 22 20 13 30 24
13 14 29 8 10 17 6 28 18 31 20 19 26 6 26 14 32 21 17 13 23 29 34 33 21 20 23 17 34 24 26 25 28 29 9 23 27 19 20 6 17 13 24 33 34 8 35 12 19 16 28 9 22 31 24 19 20 11 17 21 10 6 0 24 21 5 24 23 24 19 9 13 19 24 24 25 16 17 12 25 30
35 27 19 32 14 11 27 26 18 31 10 17 18 28 30 10 26 44 39 36 46 36 20 17 3 42 39 29 40 22 2 23 14 20 15 2 24 15 27 29 19 24 13 24 42 26 24 14 41 33 47 28 45 20 22 20 20 35 38 44 22 20 24 0 44 28 14 29 40 13 33 23 26 19 23 25 39 40 17 49 21
10 29 45 13 31 36 19 46 39 38 41 40 41 18 33 35 43 10 10 8 2 32 49 50 41 6 21 31 36 37 46 37 46 44 30 43 38 40 37 15 37 25 45 46 35 20 50 33 7 19 18 21 11 46 36 32 33 10 12 10 28 25 21 44 0 16 45 31 21 40 12 31 28 45 35 35 10 5 33 8 44
8 17 32 5 15 21 6 32 23 31 25 24 29 6 26 19 32 18 14 8 18 27 37 36 25 15 20 20 32 25 30 25 31 32 14 27 27 24 24 1 22 13 29 35 32 7 38 17 14 13 23 9 19 34 25 20 21 7 12 18 14 9 5 28 16 0 29 23 20 24 5 17 19 29 24 25 13 12 17 21 32
37 18 32 32 14 20 26 12 6 41 5 5 31 27 40 11 38 41 37 37 47 46 34 31 13 44 44 18 50 32 15 33 27 33 15 15 35 5 15 30 8 29 1 37 52 29 37 12 43 37 50 24 42 33 32 29 30 35 40 41 17 23 24 14 45 29 0 38 45 5 33 14 35 5 33 35 37 41 12 47 34
22 37 18 27 26 18 29 47 36 8 33 36 16 29 3 28 14 38 35 25 30 7 23 25 27 25 13 40 12 10 31 9 22 17 26 27 9 35 42 23 36 10 38 17 13 16 22 28 24 12 20 32 39 20 9 9 9 28 19 38 32 18 23 29 31 23 38 0 13 35 26 35 4 41 8 6 34 26 31 39 16
14 37 31 21 31 29 26 52 41 20 40 41 29 26 15 34 27 31 28 18 19 12 36 38 37 15 1 40 15 23 42 22 34 30 30 38 22 40 44 20 40 16 45 30 14 16 35 33 14 8 7 29 32 33 22 21 21 21 10 31 34 22 24 40 21 20 45 13 0 40 20 37 14 46 21 19 27 17 35 29 29
32 16 30 27 9 17 21 14 5 38 3 4 28 22 37 7 35 38 33 32 42 42 33 30 11 39 39 16 47 29 14 30 26 31 10 14 32 2 14 25 6 25 5 35 48 24 36 7 38 32 45 20 39 32 29 26 27 30 35 38 13 18 19 13 40 24 5 35 40 0 28 12 31 7 30 32 32 36 7 42 32
6 18 36 1 19 26 7 34 27 34 29 28 33 6 29 23 36 13 9 4 14 30 41 41 30 11 20 21 34 29 35 29 36 36 18 32 31 28 26 4 25 17 33 39 34 11 42 21 11 15 22 10 14 38 29 24 25 2 11 13 16 14 9 33 12 5 33 26 20 28 0 19 22 33 28 29 8 8 21 16 36
25 4 38 18 11 24 12 15 8 42 14 9 35 13 38 13 42 27 23 23 33 42 41 38 20 30 36 6 47 34 25 35 34 38 11 23 37 10 7 18 6 25 15 43 47 21 44 9 30 29 40 10 28 40 34 29 30 21 29 27 3 17 13 23 31 17 14 35 37 12 19 0 31 14 34 35 23 27 6 33 39
19 33 17 23 22 15 25 43 32 12 30 32 15 25 7 24 15 35 31 22 27 11 22 24 24 22 13 36 16 9 28 8 20 16 22 24 10 31 38 19 32 6 35 18 17 12 22 24 21 9 21 28 36 19 8 7 7 24 16 35 28 14 19 26 28 19 35 4 14 31 22 31 0 37 7 7 30 23 27 36 16
37 17 37 32 15 24 26 7 6 45 9 5 35 27 44 14 42 41 37 37 47 48 39 36 17 44 45 17 53 36 20 37 32 37 16 20 39 6 12 30 8 31 6 42 54 30 42 13 43 38 51 24 42 38 36 33 34 35 41 41 17 24 24 19 45 29 5 41 46 7 33 14 37 0 37 39 37 41 12 47 38
26 37 10 28 24 13 30 44 34 9 28 34 8 30 8 24 8 41 37 29 34 14 15 17 22 29 20 40 18 2 25 1 14 9 23 21 3 32 40 24 33 11 33 11 20 17 15 26 28 16 28 33 42 12 1 5 4 30 23 41 32 18 24 23 35 24 33 8 21 30 28 34 7 37 0 2 36 30 28 43 9
26 38 12 29 25 15 31 45 35 7 30 35 10 31 6 25 8 42 38 29 34 12 17 19 24 29 19 41 16 4 27 3 16 11 24 23 3 33 41 25 34 12 35 11 18 18 16 27 28 16 26 34 43 14 3 6 5 31 23 42 33 19 25 25 35 25 35 6 19 32 29 35 7 39 2 0 37 30 29 43 10
13 20 44 8 25 33 12 38 31 42 34 32 41 11 37 29 44 5 1 9 12 38 49 49 36 13 27 22 42 37 41 37 44 44 24 39 39 32 28 12 29 25 37 47 41 19 50 26 13 23 25 13 6 46 37 32 33 6 17 5 20 22 16 39 10 13 37 34 27 32 8 23 30 37 36 37 0 10 25 10 44
5 26 39 9 27 31 15 42 35 33 37 36 36 14 28 31 38 14 11 4 6 28 44 45 37 3 17 29 32 32 42 31 40 39 26 38 33 36 34 11 33 20 41 41 31 15 45 29 3 14 15 18 15 41 31 27 28 7 7 14 24 20 17 40 5 12 41 26 17 36 8 27 23 41 30 30 10 0 29 13 39
25 10 32 20 5 18 14 16 6 36 9 7 29 15 34 7 36 30 26 25 35 38 35 32 14 32 34 12 43 28 19 29 28 32 5 17 31 7 12 18 5 21 12 37 44 19 38 3 31 27 40 13 31 34 28 23 24 23 29 30 6 13 12 17 33 17 12 31 35 7 21 6 27 12 28 29 25 29 0 35 33
18 30 52 17 35 42 22 48 41 46 44 42 48 21 41 39 51 6 10 14 10 40 56 57 46 14 29 32 44 44 51 44 52 51 34 48 46 42 38 20 39 32 47 54 43 26 57 36 15 27 26 23 5 53 44 39 40 14 20 6 30 30 25 49 8 21 47 39 29 42 16 33 36 47 43 43 10 13 35 0 51
34 42 2 36 28 15 36 45 36 14 29 35 4 36 16 26 5 49 45 37 43 22 7 9 21 38 29 45 25 7 21 8 7 1 28 19 7 33 45 32 37 19 33 4 28 25 6 30 37 25 36 39 50 4 8 12 11 38 32 49 37 24 30 21 44 32 34 16 29 32 36 39 16 38 9 10 44 39 33 51 0
0         861      
5         183      
140       348      
0         188      
52        237      
141       343      
470       652      
220       427      
24        224      
292       459      
38        190      
33        201      
104       281      
9         185      
245       425      
2         253      
81        310      
0         169      
0         130      
0         148      
372       571      
307       519      
159       294      
156       334      
170       357      
0         64       
657       841      
441       652      
382       503      
96        246      
187       360      
321       441      
109       281      
127       339      
19        225      
203       375      
151       269      
0         157      
504       708      
63        235      
0         168      
99        280      
2         188      
293       504      
609       734      
41        217      
166       355      
75        242      
0         103      
367       541      
392       585      
0         133      
0         116      
104       309      
103       260      
126       307      
298       485      
0         86       
0         109      
505       684      
0         190      
77        211      
84        228      
223       450      
404       563      
102       252      
214       407      
327       509      
324       521      
203       386      
0         124      
0         197      
255       486      
0         206      
133       289      
132       265      
0         143      
0         143      
430       665      
446       583      
626       826      
