81
0 35 23 36 34 15 29 10 5 10 14 34 40 25 2 36 17 32 11 18 40 8 26 36 37 17 25 36 51 42 12 37 49 35 20 49 25 7 14 45 5 9 32 39 35 15 34 33 17 35 38 14 45 34 24 19 22 35 38 18 24 28 39 6 24 40 14 10 31 34 36 11 19 32 13 39 16 23 7 28 30
35 0 13 36 1 23 10 25 33 24 20 41 40 21 32 41 21 7 24 26 42 33 33 19 21 24 20 18 19 18 28 30 17 20 33 24 23 42 34 12 40 25 25 36 3 19 21 5 36 7 35 35 12 6 33 15 28 2 10 25 39 8 18 32 18 21 34 28 40 1 3 23 30 3 33 35 25 38 42 16 15
23 13 0 36 12 10 6 14 21 13 9 39 40 11 21 40 15 9 14 13 42 24 30 15 28 18 20 15 32 28 15 33 30 26 27 35 22 30 26 24 28 14 27 37 12 11 15 10 29 18 36 27 24 11 29 4 24 13 21 13 34 5 27 20 18 30 26 15 37 14 14 12 24 10 24 36 13 32 30 18 19
36 36 36 0 36 39 40 30 40 31 32 7 4 47 34 6 23 40 28 45 6 28 10 51 18 21 16 50 39 27 41 9 40 18 16 32 14 40 22 41 38 33 12 3 38 27 51 39 19 30 3 22 40 40 12 33 14 38 31 44 14 38 23 40 18 21 22 39 9 35 38 31 17 37 23 4 42 14 41 20 21
34 1 12 36 0 22 9 24 33 23 20 41 40 20 31 41 21 6 24 25 42 33 34 18 22 24 21 17 20 19 27 30 18 21 33 25 24 41 34 12 39 25 25 37 2 19 20 4 36 8 35 35 12 5 33 15 28 2 11 25 39 7 19 32 19 22 34 27 41 2 3 23 30 2 33 35 24 38 41 16 15
15 23 10 39 22 0 15 9 11 8 7 40 43 10 13 41 16 19 10 6 44 18 30 21 35 18 25 21 42 36 5 38 40 33 25 43 25 22 22 34 20 7 32 41 22 12 19 20 25 26 39 23 34 21 28 8 24 23 29 5 32 15 34 10 23 37 22 5 37 24 24 7 23 20 21 40 4 30 21 25 26
29 10 6 40 9 15 0 20 26 19 15 44 44 11 27 44 20 4 20 17 46 30 35 11 29 23 23 10 29 28 20 36 27 27 32 34 26 36 31 20 34 20 30 40 8 16 12 6 34 17 39 32 21 6 34 10 29 9 20 16 39 2 27 25 21 30 31 20 42 11 10 18 29 7 30 39 17 37 36 20 20
10 25 14 30 24 9 20 0 11 1 5 31 34 19 8 32 9 23 2 15 35 10 21 28 29 10 18 27 41 33 11 31 40 27 17 40 18 17 13 36 15 3 25 33 25 6 27 24 16 26 32 14 36 25 19 10 16 26 29 14 23 19 29 10 16 32 13 9 28 25 27 2 14 23 12 33 13 22 17 19 21
5 33 21 40 33 11 26 11 0 11 13 38 44 21 6 40 20 30 13 14 44 12 30 32 40 20 28 32 51 44 7 41 49 38 24 51 28 11 18 45 9 8 35 43 33 16 30 31 21 35 42 18 45 32 28 18 26 34 38 14 28 26 40 1 27 42 18 6 35 34 35 10 23 31 17 43 12 27 10 29 31
10 24 13 31 23 8 19 1 11 0 4 31 35 18 8 32 9 22 2 14 36 11 22 27 28 10 18 26 40 32 11 31 39 26 17 39 18 17 14 35 15 3 25 33 25 5 26 23 17 25 32 15 35 24 20 9 16 25 28 13 24 18 29 11 16 31 14 9 29 24 26 1 15 22 13 33 12 22 17 18 20
14 20 9 32 20 7 15 5 13 4 0 33 36 15 12 34 9 18 5 13 37 15 24 23 28 11 18 23 37 31 11 31 36 26 20 38 18 21 17 32 19 5 25 34 21 5 22 19 20 22 32 18 32 20 22 5 18 21 25 12 27 14 27 13 16 30 17 9 31 21 22 3 17 18 16 33 11 25 21 18 19
34 41 39 7 41 40 44 31 38 31 33 0 7 48 32 2 24 45 29 45 6 26 9 54 25 22 20 54 46 34 41 16 47 25 14 39 18 38 20 47 36 33 18 10 43 28 54 44 17 36 10 20 46 45 11 35 15 43 37 44 10 42 30 38 22 28 20 39 3 40 43 32 16 41 21 11 43 11 39 26 27
40 40 40 4 40 43 44 34 44 35 36 7 0 51 38 5 27 44 32 49 3 32 14 55 20 25 20 54 41 29 45 11 42 21 20 34 18 44 26 44 42 37 15 4 42 31 55 43 23 33 5 26 42 44 16 37 18 42 34 48 17 42 25 44 22 23 26 43 10 39 42 35 21 41 27 6 46 17 45 24 25
25 21 11 47 20 10 11 19 21 18 15 48 51 0 23 49 24 15 20 7 52 28 39 11 39 26 31 11 40 39 14 44 38 37 35 45 32 32 32 31 30 17 38 48 19 20 9 17 35 28 46 33 32 17 37 13 33 20 31 7 42 13 38 20 28 41 32 15 46 22 21 17 32 18 31 47 9 40 31 29 30
2 32 21 34 31 13 27 8 6 8 12 32 38 23 0 34 15 30 9 17 38 6 24 34 35 15 23 34 48 40 11 35 47 33 18 47 23 9 12 43 7 7 30 37 33 13 32 31 15 33 36 12 43 32 22 17 20 33 36 17 22 26 37 6 22 38 12 9 29 32 34 9 17 30 11 37 15 21 9 26 28
36 41 40 6 41 41 44 32 40 32 34 2 5 49 34 0 25 45 30 46 4 28 10 55 24 23 20 54 45 33 43 15 46 24 16 38 18 40 22 46 38 35 17 8 43 29 55 44 19 35 9 22 45 45 12 36 16 43 36 45 12 42 29 40 22 27 22 41 5 40 43 33 17 41 23 10 44 13 41 25 27
17 21 15 23 21 16 20 9 20 9 9 24 27 24 15 25 0 21 7 22 28 13 15 30 20 3 9 30 34 25 20 22 33 18 12 32 9 24 13 31 22 12 16 25 23 4 30 22 15 19 23 14 30 23 14 11 9 23 22 21 19 18 21 19 7 23 13 18 22 21 24 10 9 20 12 24 20 17 24 11 13
32 7 9 40 6 19 4 23 30 22 18 45 44 15 30 45 21 0 23 21 46 33 36 12 28 24 24 11 25 25 24 35 23 26 33 31 27 39 34 16 37 23 29 41 4 19 14 2 36 14 39 35 17 2 35 13 30 5 17 20 40 4 25 29 22 28 34 24 43 8 6 21 30 4 33 39 21 38 39 20 20
11 24 14 28 24 10 20 2 13 2 5 29 32 20 9 30 7 23 0 16 33 10 20 28 27 8 16 28 40 32 13 29 39 25 15 39 16 18 12 35 16 5 23 31 25 5 27 24 15 25 30 13 35 25 18 10 14 25 28 15 22 19 28 12 14 30 12 11 27 24 26 3 13 22 11 31 14 20 18 18 20
18 26 13 45 25 6 17 15 14 14 13 45 49 7 17 46 22 21 16 0 49 23 36 18 41 24 31 18 45 41 7 44 43 39 31 48 31 25 28 37 23 12 38 47 25 18 16 23 31 31 45 28 37 23 34 14 30 26 34 1 38 18 40 13 29 43 27 8 43 27 27 13 29 23 26 46 2 36 24 31 32
40 42 42 6 42 44 46 35 44 36 37 6 3 52 38 4 28 46 33 49 0 32 14 57 23 26 22 56 44 32 46 14 45 24 20 37 20 44 26 47 42 38 18 7 44 32 57 45 23 36 8 26 45 46 16 39 19 44 37 48 16 44 28 44 24 26 26 44 9 41 44 36 21 43 27 9 47 17 45 26 27
8 33 24 28 33 18 30 10 12 11 15 26 32 28 6 28 13 33 10 23 32 0 18 38 32 12 20 37 47 38 17 30 46 30 12 45 18 12 6 44 10 11 25 31 35 14 37 34 9 32 30 6 43 35 16 20 14 35 35 23 16 29 34 12 20 35 6 15 23 33 36 12 11 32 5 31 21 15 13 24 26
26 33 30 10 34 30 35 21 30 22 24 9 14 39 24 10 15 36 20 36 14 18 0 45 20 13 13 45 41 29 32 15 42 20 6 35 10 30 12 42 28 24 13 13 36 19 45 36 9 30 13 12 41 37 2 26 6 35 32 35 6 33 25 30 15 23 12 30 7 33 36 23 7 34 13 14 34 5 31 19 21
36 19 15 51 18 21 11 28 32 27 23 54 55 11 34 55 30 12 28 18 57 38 45 0 40 33 34 1 37 37 25 47 34 38 42 43 37 43 40 27 41 27 41 51 16 26 2 14 43 26 50 41 28 13 44 19 39 17 29 18 49 13 37 31 32 40 40 26 52 20 18 26 39 16 39 50 20 47 42 31 31
37 21 28 18 22 35 29 29 40 28 28 25 20 39 35 24 20 28 27 41 23 32 20 40 0 20 12 39 21 9 39 9 22 2 24 14 14 44 28 23 42 31 7 16 24 23 41 26 28 14 15 29 22 27 21 27 19 23 14 40 26 27 5 39 13 3 28 37 26 20 23 29 22 24 28 14 39 25 44 10 9
17 24 18 21 24 18 23 10 20 10 11 22 25 26 15 23 3 24 8 24 26 12 13 33 20 0 8 33 36 26 21 21 36 18 9 33 8 24 10 33 22 13 15 23 26 7 33 25 12 22 22 11 33 26 11 14 7 26 25 23 16 21 22 20 8 23 10 19 20 24 27 11 6 23 9 23 22 14 24 12 14
25 20 20 16 21 25 23 18 28 18 18 20 20 31 23 20 9 24 16 31 22 20 13 34 12 8 0 33 29 18 29 13 29 10 13 25 3 32 17 29 30 21 7 17 23 13 35 23 17 17 16 18 28 24 13 17 8 22 19 30 19 21 15 28 2 15 17 27 20 20 23 19 11 21 17 16 29 18 32 6 8
36 18 15 50 17 21 10 27 32 26 23 54 54 11 34 54 30 11 28 18 56 37 45 1 39 33 33 0 36 36 25 46 33 37 42 42 36 43 40 26 41 27 40 50 15 26 3 13 43 25 49 41 27 12 44 19 39 16 28 18 49 12 36 31 31 39 40 26 52 19 17 25 39 15 39 49 20 47 42 30 30
51 19 32 39 20 42 29 41 51 40 37 46 41 40 48 45 34 25 40 45 44 47 41 37 21 36 29 36 0 12 47 30 3 21 42 9 32 57 45 10 55 42 28 37 21 35 39 23 46 15 36 46 9 24 42 33 37 20 12 44 47 27 16 50 27 18 44 46 47 18 19 40 39 22 44 35 44 46 57 23 21
42 18 28 27 19 36 28 33 44 32 31 34 29 39 40 33 25 25 32 41 32 38 29 37 9 26 18 36 12 0 41 18 13 9 31 7 21 49 35 16 47 35 16 25 21 27 39 23 35 11 24 36 15 24 30 28 26 20 8 41 35 26 4 43 18 6 35 40 35 17 19 33 29 21 35 23 40 34 49 14 12
12 28 15 41 27 5 20 11 7 11 11 41 45 14 11 43 20 24 13 7 46 17 32 25 39 21 29 25 47 41 0 42 45 37 27 48 29 18 22 39 16 8 36 44 27 16 23 25 25 31 43 23 39 26 30 13 27 28 34 7 32 20 38 6 27 41 22 2 39 29 29 10 25 25 21 44 5 31 17 29 30
37 30 33 9 30 38 36 31 41 31 31 16 11 44 35 15 22 35 29 44 14 30 15 47 9 21 13 46 30 18 42 0 31 10 20 23 13 42 25 32 40 34 6 7 32 26 48 33 24 23 6 26 31 34 17 30 16 32 23 43 21 33 14 41 15 12 25 40 18 29 32 32 19 31 25 5 42 20 43 15 15
49 17 30 40 18 40 27 40 49 39 36 47 42 38 47 46 33 23 39 43 45 46 42 34 22 36 29 33 3 13 45 31 0 22 42 12 32 56 45 7 54 41 29 38 19 34 36 21 46 14 37 46 6 22 42 32 37 18 11 42 48 25 17 49 27 19 44 45 48 16 17 39 39 20 44 36 42 47 56 23 21
35 20 26 18 21 33 27 27 38 26 26 25 21 37 33 24 18 26 25 39 24 30 20 38 2 18 10 37 21 9 37 10 22 0 22 16 12 42 26 23 40 29 7 17 23 21 39 24 26 13 16 27 22 25 21 25 17 22 13 38 26 25 5 37 11 5 26 35 26 19 22 27 20 22 26 15 37 25 42 8 7
20 33 27 16 33 25 32 17 24 17 20 14 20 35 18 16 12 33 15 31 20 12 6 42 24 9 13 42 42 31 27 20 42 22 0 38 10 24 6 42 22 19 17 19 35 16 42 34 4 30 18 6 41 35 4 23 5 35 32 30 6 30 27 24 15 27 6 25 12 33 36 18 3 32 7 19 29 5 25 19 21
49 24 35 32 25 43 34 40 51 39 38 39 34 45 47 38 32 31 39 48 37 45 35 43 14 33 25 42 9 7 48 23 12 16 38 0 28 56 42 17 54 42 21 30 27 34 45 29 42 17 29 43 16 30 35 35 33 26 14 48 40 32 11 50 25 11 42 47 40 23 25 40 36 27 42 28 47 39 56 21 19
25 23 22 14 24 25 26 18 28 18 18 18 18 32 23 18 9 27 16 31 20 18 10 37 14 8 3 36 32 21 29 13 32 12 10 28 0 30 14 32 28 21 7 15 26 13 37 26 14 20 14 15 31 27 10 19 5 25 22 30 16 24 17 28 5 17 14 27 17 23 26 19 8 24 14 15 29 15 31 9 11
7 42 30 40 41 22 36 17 11 17 21 38 44 32 9 40 24 39 18 25 44 12 30 43 44 24 32 43 57 49 18 42 56 42 24 56 30 0 18 52 2 16 37 43 42 22 41 40 21 42 42 18 52 41 28 26 26 42 45 25 28 35 45 12 31 47 18 17 35 41 43 18 23 39 17 43 23 27 1 35 37
14 34 26 22 34 22 31 13 18 14 17 20 26 32 12 22 13 34 12 28 26 6 12 40 28 10 17 40 45 35 22 25 45 26 6 42 14 18 0 43 16 15 21 25 36 15 39 35 3 32 24 1 43 36 10 21 9 36 34 27 10 30 31 18 17 31 0 20 17 34 37 15 6 33 1 25 25 9 19 21 23
45 12 24 41 12 34 20 36 45 35 32 47 44 31 43 46 31 16 35 37 47 44 42 27 23 33 29 26 10 16 39 32 7 23 42 17 32 52 43 0 50 37 29 39 12 30 29 14 45 12 38 44 1 15 42 27 37 11 10 36 48 19 18 44 27 21 43 39 48 11 10 35 39 14 42 37 36 47 52 23 21
5 40 28 38 39 20 34 15 9 15 19 36 42 30 7 38 22 37 16 23 42 10 28 41 42 22 30 41 55 47 16 40 54 40 22 54 28 2 16 50 0 14 35 41 40 20 39 38 19 40 40 16 50 39 26 24 24 40 43 23 26 33 43 10 29 45 16 15 33 39 41 16 21 37 15 41 21 25 3 33 35
9 25 14 33 25 7 20 3 8 3 5 33 37 17 7 35 12 23 5 12 38 11 24 27 31 13 21 27 42 35 8 34 41 29 19 42 21 16 15 37 14 0 28 36 26 8 26 24 18 27 35 16 37 25 22 10 19 26 30 12 25 19 32 8 19 34 15 6 31 26 27 2 17 23 14 36 10 24 16 21 23
32 25 27 12 25 32 30 25 35 25 25 18 15 38 30 17 16 29 23 38 18 25 13 41 7 15 7 40 28 16 36 6 29 7 17 21 7 37 21 29 35 28 0 11 27 20 42 28 21 18 10 22 28 29 14 24 12 27 19 37 19 27 12 35 9 10 21 34 19 24 27 26 15 26 21 10 36 18 38 9 10
39 36 37 3 37 41 40 33 43 33 34 10 4 48 37 8 25 41 31 47 7 31 13 51 16 23 17 50 37 25 44 7 38 17 19 30 15 43 25 39 41 36 11 0 38 28 52 39 22 29 1 25 38 40 15 34 17 38 30 45 17 38 21 43 19 19 25 42 12 35 38 34 20 37 26 2 44 17 44 20 21
35 3 12 38 2 22 8 25 33 25 21 43 42 19 33 43 23 4 25 25 44 35 36 16 24 26 23 15 21 21 27 32 19 23 35 27 26 42 36 12 40 26 27 38 0 21 18 2 38 10 37 37 13 3 35 16 30 1 13 24 41 7 21 32 21 24 36 27 43 4 2 24 32 3 35 37 24 40 42 18 17
15 19 11 27 19 12 16 6 16 5 5 28 31 20 13 29 4 19 5 18 32 14 19 26 23 7 13 26 35 27 16 26 34 21 16 34 13 22 15 30 20 8 20 28 21 0 26 20 18 20 27 16 30 21 18 7 13 21 23 17 22 15 23 16 11 25 15 14 26 19 22 6 13 18 14 28 16 21 22 13 15
34 21 15 51 20 19 12 27 30 26 22 54 55 9 32 55 30 14 27 16 57 37 45 2 41 33 35 3 39 39 23 48 36 39 42 45 37 41 39 29 39 26 42 52 18 26 0 16 42 28 51 40 30 15 44 19 39 19 31 16 48 14 39 29 33 42 39 24 52 22 20 25 39 18 38 51 18 47 40 32 32
33 5 10 39 4 20 6 24 31 23 19 44 43 17 31 44 22 2 24 23 45 34 36 14 26 25 23 13 23 23 25 33 21 24 34 29 26 40 35 14 38 24 28 39 2 20 16 0 37 12 38 36 15 1 35 14 30 3 15 22 40 5 23 30 21 26 35 25 43 6 4 22 31 2 34 38 22 39 40 19 18
17 36 29 19 36 25 34 16 21 17 20 17 23 35 15 19 15 36 15 31 23 9 9 43 28 12 17 43 46 35 25 24 46 26 4 42 14 21 3 45 19 18 21 22 38 18 42 37 0 33 21 3 44 38 7 24 9 38 35 30 7 33 31 21 18 31 3 23 14 36 39 18 6 35 4 22 28 6 22 22 24
35 7 18 30 8 26 17 26 35 25 22 36 33 28 33 35 19 14 25 31 36 32 30 26 14 22 17 25 15 11 31 23 14 13 30 17 20 42 32 12 40 27 18 29 10 20 28 12 33 0 28 33 11 13 30 18 25 9 3 31 36 15 11 35 15 14 32 31 36 6 9 25 27 10 31 28 30 35 42 11 9
38 35 36 3 35 39 39 32 42 32 32 10 5 46 36 9 23 39 30 45 8 30 13 50 15 22 16 49 36 24 43 6 37 16 18 29 14 42 24 38 40 35 10 1 37 27 51 38 21 28 0 24 37 39 14 33 16 37 29 44 17 37 20 42 18 18 24 41 12 34 37 33 19 36 25 1 43 17 43 19 20
14 35 27 22 35 23 32 14 18 15 18 20 26 33 12 22 14 35 13 28 26 6 12 41 29 11 18 41 46 36 23 26 46 27 6 43 15 18 1 44 16 16 22 25 37 16 40 36 3 33 24 0 44 37 10 22 10 37 35 28 10 31 32 18 18 32 1 21 17 35 38 16 7 34 2 25 26 9 19 22 24
45 12 24 40 12 34 21 36 45 35 32 46 42 32 43 45 30 17 35 37 45 43 41 28 22 33 28 27 9 15 39 31 6 22 41 16 31 52 43 1 50 37 28 38 13 30 30 15 44 11 37 44 0 16 41 27 36 12 9 37 47 19 17 44 26 20 43 39 47 11 11 35 38 14 42 36 36 46 52 22 20
34 6 11 40 5 21 6 25 32 24 20 45 44 17 32 45 23 2 25 23 46 35 37 13 27 26 24 12 24 24 26 34 22 25 35 30 27 41 36 15 39 25 29 40 3 21 15 1 38 13 39 37 16 0 36 15 31 4 16 22 41 6 24 31 22 27 36 26 44 7 5 23 32 3 35 39 23 40 41 20 19
24 33 29 12 33 28 34 19 28 20 22 11 16 37 22 12 14 35 18 34 16 16 2 44 21 11 13 44 42 30 30 17 42 21 4 35 10 28 10 42 26 22 14 15 35 18 44 35 7 30 14 10 41 36 0 25 5 35 32 33 6 32 26 28 15 24 10 28 9 33 36 21 5 33 11 15 32 5 29 19 21
19 15 4 33 15 8 10 10 18 9 5 35 37 13 17 36 11 13 10 14 39 20 26 19 27 14 17 19 33 28 13 30 32 25 23 35 19 26 21 27 24 10 24 34 16 7 19 14 24 18 33 22 27 15 25 0 20 16 21 13 29 9 26 17 15 29 21 13 33 16 17 8 20 13 20 33 12 28 26 17 18
22 28 24 14 28 24 29 16 26 16 18 15 18 33 20 16 9 30 14 30 19 14 6 39 19 7 8 39 37 26 27 16 37 17 5 33 5 26 9 37 24 19 12 17 30 13 39 30 9 25 16 10 36 31 5 20 0 30 27 29 11 27 22 26 10 22 9 25 13 28 31 17 3 28 9 17 28 10 27 14 16
35 2 13 38 2 23 9 26 34 25 21 43 42 20 33 43 23 5 25 26 44 35 35 17 23 26 22 16 20 20 28 32 18 22 35 26 25 42 36 11 40 26 27 38 1 21 19 3 38 9 37 37 12 4 35 16 30 0 12 25 41 8 20 33 20 23 36 28 42 3 1 24 32 3 35 37 25 40 42 18 17
38 10 21 31 11 29 20 29 38 28 25 37 34 31 36 36 22 17 28 34 37 35 32 29 14 25 19 28 12 8 34 23 11 13 32 14 22 45 34 10 43 30 19 30 13 23 31 15 35 3 29 35 9 16 32 21 27 12 0 34 38 18 9 38 17 12 34 34 38 9 11 28 29 13 34 28 33 37 45 13 11
18 25 13 44 25 5 16 14 14 13 12 44 48 7 17 45 21 20 15 1 48 23 35 18 40 23 30 18 44 41 7 43 42 38 30 48 30 25 27 36 23 12 37 45 24 17 16 22 30 31 44 28 37 22 33 13 29 25 34 0 36 17 39 13 28 42 27 8 42 26 26 12 28 22 26 45 2 35 24 30 31
24 39 34 14 39 32 39 23 28 24 27 10 17 42 22 12 19 40 22 38 16 16 6 49 26 16 19 49 47 35 32 21 48 26 6 40 16 28 10 48 26 25 19 17 41 22 48 40 7 36 17 10 47 41 6 29 11 41 38 36 0 36 31 28 21 29 10 30 7 39 42 24 9 38 11 18 35 1 29 25 27
28 8 5 38 7 15 2 19 26 18 14 42 42 13 26 42 18 4 19 18 44 29 33 13 27 21 21 12 27 26 20 33 25 25 30 32 24 35 30 19 33 19 27 38 7 15 14 5 33 15 37 31 19 6 32 9 27 8 18 17 36 0 25 25 19 28 30 20 40 9 9 17 27 5 29 37 17 35 35 18 18
39 18 27 23 19 34 27 29 40 29 27 30 25 38 37 29 21 25 28 40 28 34 25 37 5 22 15 36 16 4 38 14 17 5 27 11 17 45 31 18 43 32 12 21 21 23 39 23 31 11 20 32 17 24 26 26 22 20 9 39 31 25 0 39 14 3 31 36 31 17 20 29 25 21 31 19 38 30 45 10 8
6 32 20 40 32 10 25 10 1 11 13 38 44 20 6 40 19 29 12 13 44 12 30 31 39 20 28 31 50 43 6 41 49 37 24 50 28 12 18 44 10 8 35 43 32 16 29 30 21 35 42 18 44 31 28 17 26 33 38 13 28 25 39 0 26 41 18 5 35 33 34 10 23 30 17 43 11 27 11 29 31
24 18 18 18 19 23 21 16 27 16 16 22 22 28 22 22 7 22 14 29 24 20 15 32 13 8 2 31 27 18 27 15 27 11 15 25 5 31 17 27 29 19 9 19 21 11 33 21 18 15 18 18 26 22 15 15 10 20 17 28 21 19 14 26 0 16 17 25 22 18 21 17 12 19 17 18 27 20 31 4 6
40 21 30 21 22 37 30 32 42 31 30 28 23 41 38 27 23 28 30 43 26 35 23 40 3 23 15 39 18 6 41 12 19 5 27 11 17 47 31 21 45 34 10 19 24 25 42 26 31 14 18 32 20 27 24 29 22 23 12 42 29 28 3 41 16 0 31 39 29 20 23 31 25 24 31 17 41 28 47 12 11
14 34 26 22 34 22 31 13 18 14 17 20 26 32 12 22 13 34 12 27 26 6 12 40 28 10 17 40 44 35 22 25 44 26 6 42 14 18 0 43 16 15 21 25 36 15 39 35 3 32 24 1 43 36 10 21 9 36 34 27 10 30 31 18 17 31 0 20 17 34 37 15 6 33 1 25 25 9 19 21 23
10 28 15 39 27 5 20 9 6 9 9 39 43 15 9 41 18 24 11 8 44 15 30 26 37 19 27 26 46 40 2 40 45 35 25 47 27 17 20 39 15 6 34 42 27 14 24 25 23 31 41 21 39 26 28 13 25 28 34 8 30 20 36 5 25 39 20 0 37 29 29 8 23 25 19 42 6 29 16 27 28
31 40 37 9 41 37 42 28 35 29 31 3 10 46 29 5 22 43 27 43 9 23 7 52 26 20 20 52 47 35 39 18 48 26 12 40 17 35 17 48 33 31 19 12 43 26 52 43 14 36 12 17 47 44 9 33 13 42 38 42 7 40 31 35 22 29 17 37 0 40 43 30 14 41 18 13 41 8 36 25 27
34 1 14 35 2 24 11 25 34 24 21 40 39 22 32 40 21 8 24 27 41 33 33 20 20 24 20 19 18 17 29 29 16 19 33 23 23 41 34 11 39 26 24 35 4 19 22 6 36 6 34 35 11 7 33 16 28 3 9 26 39 9 17 33 18 20 34 29 40 0 3 24 30 4 33 34 26 38 41 15 14
36 3 14 38 3 24 10 27 35 26 22 43 42 21 34 43 24 6 26 27 44 36 36 18 23 27 23 17 19 19 29 32 17 22 36 25 26 43 37 10 41 27 27 38 2 22 20 4 39 9 37 38 11 5 36 17 31 1 11 26 42 9 20 34 21 23 37 29 43 3 0 25 33 4 36 37 26 41 43 18 17
11 23 12 31 23 7 18 2 10 1 3 32 35 17 9 33 10 21 3 13 36 12 23 26 29 11 19 25 40 33 10 32 39 27 18 40 19 18 15 35 16 2 26 34 24 6 25 22 18 25 33 16 35 23 21 8 17 24 28 12 24 17 29 10 17 31 15 8 30 24 25 0 16 21 14 34 11 23 18 19 21
19 30 24 17 30 23 29 14 23 15 17 16 21 32 17 17 9 30 13 29 21 11 7 39 22 6 11 39 39 29 25 19 39 20 3 36 8 23 6 39 21 17 15 20 32 13 39 31 6 27 19 7 38 32 5 20 3 32 29 28 9 27 25 23 12 25 6 23 14 30 33 16 0 29 6 20 27 8 24 16 18
32 3 10 37 2 20 7 23 31 22 18 41 41 18 30 41 20 4 22 23 43 32 34 16 24 23 21 15 22 21 25 31 20 22 32 27 24 39 33 14 37 23 26 37 3 18 18 2 35 10 36 34 14 3 33 13 28 3 13 22 38 5 21 30 19 24 33 25 41 4 4 21 29 0 32 36 22 37 39 17 16
13 33 24 23 33 21 30 12 17 13 16 21 27 31 11 23 12 33 11 26 27 5 13 39 28 9 17 39 44 35 21 25 44 26 7 42 14 17 1 42 15 14 21 26 35 14 38 34 4 31 25 2 42 35 11 20 9 35 34 26 11 29 31 17 17 31 1 19 18 33 36 14 6 32 0 26 24 10 18 21 23
39 35 36 4 35 40 39 33 43 33 33 11 6 47 37 10 24 39 31 46 9 31 14 50 14 23 16 49 35 23 44 5 36 15 19 28 15 43 25 37 41 36 10 2 37 28 51 38 22 28 1 25 36 39 15 33 17 37 28 45 18 37 19 43 18 17 25 42 13 34 37 34 20 36 26 0 44 18 44 19 20
16 25 13 42 24 4 17 13 12 12 11 43 46 9 15 44 20 21 14 2 47 21 34 20 39 22 29 20 44 40 5 42 42 37 29 47 29 23 25 36 21 10 36 44 24 16 18 22 28 30 43 26 36 23 32 12 28 25 33 2 35 17 38 11 27 41 25 6 41 26 26 11 27 22 24 44 0 34 22 29 30
23 38 32 14 38 30 37 22 27 22 25 11 17 40 21 13 17 38 20 36 17 15 5 47 25 14 18 47 46 34 31 20 47 25 5 39 15 27 9 47 25 24 18 17 40 21 47 39 6 35 17 9 46 40 5 28 10 40 37 35 1 35 30 27 20 28 9 29 8 38 41 23 8 37 10 18 34 0 28 24 26
7 42 30 41 41 21 36 17 10 17 21 39 45 31 9 41 24 39 18 24 45 13 31 42 44 24 32 42 57 49 17 43 56 42 25 56 31 1 19 52 3 16 38 44 42 22 40 40 22 42 43 19 52 41 29 26 27 42 45 24 29 35 45 11 31 47 19 16 36 41 43 18 24 39 18 44 22 28 0 35 37
28 16 18 20 16 25 20 19 29 18 18 26 24 29 26 25 11 20 18 31 26 24 19 31 10 12 6 30 23 14 29 15 23 8 19 21 9 35 21 23 33 21 9 20 18 13 32 19 22 11 19 22 22 20 19 17 14 18 13 30 25 18 10 29 4 12 21 27 25 15 18 19 16 17 21 19 29 24 35 0 2
30 15 19 21 15 26 20 21 31 20 19 27 25 30 28 27 13 20 20 32 27 26 21 31 9 14 8 30 21 12 30 15 21 7 21 19 11 37 23 21 35 23 10 21 17 15 32 18 24 9 20 24 20 19 21 18 16 17 11 31 27 18 8 31 6 11 23 28 27 14 17 21 18 16 23 20 30 26 37 2 0
0         787      
194       347      
560       703      
363       517      
177       321      
112       254      
477       594      
72        228      
0         119      
0         118      
0         105      
365       520      
325       528      
420       579      
0         105      
327       483      
0         146      
129       313      
0         110      
103       271      
341       490      
79        210      
325       434      
462       583      
0         194      
288       423      
283       405      
466       642      
218       396      
34        190      
111       280      
57        201      
185       388      
0         137      
45        210      
481       649      
57        209      
409       552      
44        244      
209       391      
0         67       
0         119      
20        175      
349       495      
131       335      
0         123      
452       616      
174       301      
65        210      
176       321      
562       749      
67        215      
226       385      
133       297      
304       459      
125       304      
48        191      
191       329      
250       412      
74        272      
300       447      
148       317      
0         157      
132       278      
0         117      
0         175      
257       416      
73        218      
296       492      
198       305      
179       355      
0         109      
256       439      
161       334      
55        209      
356       512      
121       253      
361       553      
0         82       
11        126      
580       743      
