81
0 19 35 20 23 28 15 29 30 40 17 33 29 17 25 8 7 16 45 4 27 31 6 1 39 34 6 15 25 15 22 28 39 25 26 13 37 16 13 28 21 10 7 27 38 7 32 15 25 18 13 20 3 24 10 22 19 8 37 8 37 32 17 35 21 18 16 24 10 23 20 15 24 25 5 28 38 26 6 24 39
19 0 38 11 40 28 4 29 32 41 36 48 46 23 16 21 17 25 58 23 22 29 15 20 50 39 17 32 44 18 33 20 50 19 28 32 36 33 20 39 40 12 26 17 52 26 24 9 32 32 32 24 22 42 29 5 37 27 48 15 38 45 11 43 40 8 34 43 19 42 39 34 22 38 14 31 32 43 13 43 32
35 38 0 28 27 10 38 9 5 5 37 25 30 18 26 27 42 19 29 37 18 13 40 34 19 5 41 29 46 21 16 23 22 21 9 38 12 47 22 14 42 29 36 26 28 36 23 28 11 21 38 15 34 35 33 35 30 36 18 42 4 21 26 12 35 44 45 44 25 42 40 33 15 19 38 7 20 28 33 38 21
20 11 28 0 36 18 13 19 22 31 36 42 42 16 5 19 23 20 51 24 11 18 20 21 42 30 22 31 44 12 28 9 44 8 18 32 25 36 15 32 40 10 27 7 47 27 13 5 25 27 32 16 23 42 29 7 36 28 41 22 28 40 4 36 40 19 36 43 16 42 39 34 12 33 18 22 21 39 14 43 21
23 40 27 36 0 29 37 29 26 32 14 10 6 21 39 19 30 16 22 22 34 34 29 22 20 22 29 8 19 24 11 39 19 36 27 17 36 26 21 12 18 28 19 41 15 19 42 32 16 9 17 23 20 8 14 40 6 18 19 30 31 12 32 19 10 41 24 19 21 17 16 10 30 7 28 23 42 3 27 12 43
28 28 10 18 29 0 30 1 5 13 36 32 34 11 15 20 34 16 37 30 8 5 32 27 27 13 33 28 45 13 18 13 30 11 2 35 9 42 15 20 41 21 30 16 35 30 14 20 13 21 35 8 27 37 30 25 31 31 26 34 10 28 17 20 36 36 40 44 18 42 39 32 6 23 30 6 13 31 25 39 14
15 4 38 13 37 30 0 31 33 43 32 46 43 22 18 18 13 24 57 19 24 31 11 16 49 39 13 29 40 18 32 22 49 21 29 28 38 29 18 37 36 10 22 20 51 22 26 10 31 30 28 24 18 39 25 9 34 23 46 11 40 44 13 42 36 6 30 39 17 38 35 30 24 36 10 32 34 40 10 39 34
29 29 9 19 29 1 31 0 4 12 36 32 34 12 16 21 35 16 37 31 9 5 33 28 27 12 34 28 45 14 18 14 29 12 2 36 8 43 15 20 41 22 31 17 35 31 14 21 13 21 36 8 28 37 30 26 31 32 25 35 9 28 18 19 36 37 41 44 18 42 39 32 7 23 31 6 13 31 26 39 14
30 32 5 22 26 5 33 4 0 10 35 28 31 13 20 22 37 15 32 32 13 9 35 29 22 8 36 26 43 16 15 18 25 16 4 35 10 43 17 16 40 24 32 21 31 32 18 23 9 19 35 10 29 34 30 29 29 32 21 37 7 24 21 15 34 39 41 42 20 40 38 30 10 19 33 2 17 28 28 37 18
40 41 5 31 32 13 43 12 10 0 42 30 35 23 28 32 47 24 32 42 21 15 45 39 22 10 46 34 51 26 21 25 25 24 14 43 10 52 27 19 47 34 41 28 31 41 24 33 16 26 43 20 39 40 38 38 35 41 21 47 3 25 30 15 40 49 50 49 30 47 45 38 19 24 43 12 18 33 38 43 19
17 36 37 36 14 36 32 36 35 42 0 24 18 25 40 17 20 20 36 13 38 40 21 16 34 34 20 8 8 26 21 41 33 38 34 5 44 12 23 25 5 26 10 42 28 10 45 31 26 16 5 28 14 9 7 39 8 9 33 22 41 26 32 32 5 34 10 8 20 6 3 4 34 20 22 32 48 15 23 8 49
33 48 25 42 10 32 46 32 28 30 24 0 7 26 43 28 40 22 12 32 38 37 39 32 11 20 39 18 29 30 14 43 9 40 30 27 37 36 27 12 28 35 29 45 5 29 46 38 19 16 27 27 30 16 24 46 16 28 11 40 29 4 38 14 20 51 34 29 28 27 26 20 34 9 38 26 45 9 36 20 46
29 46 30 42 6 34 43 34 31 35 18 7 0 27 45 25 36 22 19 28 40 39 35 28 18 26 35 14 22 30 16 45 16 42 32 21 41 30 27 16 21 34 24 47 11 24 48 38 21 15 21 29 26 9 19 46 10 23 17 36 34 10 38 20 13 47 28 22 27 20 19 14 36 11 34 28 47 3 33 13 48
17 23 18 16 21 11 22 12 13 23 25 26 27 0 18 9 24 5 36 19 13 15 22 16 27 17 23 17 33 4 12 18 29 15 9 24 20 30 4 17 30 12 19 20 31 19 21 13 10 12 24 3 16 27 19 21 21 20 26 24 20 24 12 21 26 28 29 33 7 31 28 21 9 17 20 11 23 24 15 29 24
25 16 26 5 39 15 18 16 20 28 40 43 45 18 0 22 28 23 52 29 7 14 25 26 42 28 27 34 48 15 29 4 44 4 16 37 20 41 18 33 44 15 32 2 47 32 8 10 25 30 37 16 28 45 32 12 39 33 40 27 25 40 8 35 43 24 41 47 19 45 42 37 10 34 23 20 16 42 19 46 16
8 21 27 19 19 20 18 21 22 32 17 28 25 9 22 0 15 8 39 10 20 24 13 7 31 26 14 12 25 8 15 23 32 20 18 15 29 21 6 21 22 9 10 24 33 10 27 14 17 12 15 12 7 23 10 22 17 11 30 15 29 26 15 28 21 23 20 25 3 23 20 15 17 19 12 20 31 22 8 24 32
7 17 42 23 30 34 13 35 37 47 20 40 36 24 28 15 0 23 52 7 30 36 2 8 46 41 1 21 27 21 29 32 46 29 33 16 43 16 20 35 23 14 10 30 45 10 36 17 32 25 16 27 9 29 15 21 24 11 44 2 44 39 20 42 25 15 17 26 17 25 23 20 29 32 4 35 42 31 9 28 42
16 25 19 20 16 16 24 16 15 24 20 22 22 5 23 8 23 0 32 18 18 20 21 15 24 18 22 12 28 8 8 23 25 20 14 20 24 27 5 14 25 13 17 25 27 17 26 16 9 7 20 8 15 22 15 24 16 17 23 23 22 20 16 20 21 30 26 28 7 26 23 16 14 13 19 13 28 19 15 24 29
45 58 29 51 22 37 57 37 32 32 36 12 19 36 52 39 52 32 0 44 44 41 51 44 10 24 51 30 41 40 24 49 7 47 35 39 41 48 37 19 40 45 41 52 8 41 50 48 26 27 39 35 42 28 36 56 28 40 11 52 33 12 48 17 32 62 46 41 39 39 38 32 41 19 50 31 49 21 46 32 50
4 23 37 24 22 30 19 31 32 42 13 32 28 19 29 10 7 18 44 0 30 34 8 4 40 36 7 14 21 18 24 32 40 29 28 9 39 12 16 30 17 14 3 31 37 3 36 19 27 19 9 22 3 22 8 26 17 4 38 9 39 33 21 37 18 21 12 20 13 19 16 13 27 26 9 30 41 24 10 21 42
27 22 18 11 34 8 24 9 13 21 38 38 40 13 7 20 30 18 44 30 0 7 28 26 34 21 29 30 45 12 24 5 37 3 9 35 14 41 15 26 42 17 30 8 41 30 8 14 19 25 35 11 27 40 30 18 34 31 33 30 18 34 11 27 39 30 40 45 17 43 40 34 4 29 26 13 12 37 21 42 12
31 29 13 18 34 5 31 5 9 15 40 37 39 15 14 24 36 20 41 34 7 0 34 31 31 17 35 32 48 16 23 10 34 10 7 39 7 45 19 25 45 22 34 13 40 34 10 21 18 26 39 12 31 42 34 25 36 35 30 35 12 33 18 24 41 37 44 48 21 46 43 36 7 28 31 11 8 36 27 44 9
6 15 40 20 29 32 11 33 35 45 21 39 35 22 25 13 2 21 51 8 28 34 0 7 44 39 2 21 29 19 28 29 45 26 31 17 41 18 18 34 25 11 11 27 44 11 33 15 30 24 17 25 9 30 16 19 25 12 43 2 42 38 18 41 26 13 19 28 15 27 24 21 26 31 2 33 39 32 7 29 40
1 20 34 21 22 27 16 28 29 39 16 32 28 16 26 7 8 15 44 4 26 31 7 0 38 33 7 14 24 14 21 29 38 26 25 12 36 16 12 27 20 11 6 28 37 6 33 16 24 17 12 19 2 23 9 23 18 7 36 9 36 31 18 34 20 19 16 23 9 22 19 14 23 24 6 27 37 25 7 23 38
39 50 19 42 20 27 49 27 22 22 34 11 18 27 42 31 46 24 10 40 34 31 44 38 0 14 45 27 39 31 16 39 3 37 25 37 31 46 29 10 38 37 37 42 10 37 40 40 17 20 37 26 36 26 33 48 26 37 1 46 23 8 39 7 30 54 44 39 31 37 36 30 31 14 43 21 39 19 39 30 40
34 39 5 30 22 13 39 12 8 10 34 20 26 17 28 26 41 18 24 36 21 17 39 33 14 0 40 26 41 21 13 26 17 24 12 35 17 44 21 10 39 29 34 29 23 34 26 30 9 18 35 15 33 30 31 37 27 34 13 41 9 16 28 7 32 45 42 41 24 39 37 30 18 15 37 8 25 24 32 34 26
6 17 41 22 29 33 13 34 36 46 20 39 35 23 27 14 1 22 51 7 29 35 2 7 45 40 0 20 27 20 28 31 45 28 32 16 42 16 19 34 23 13 10 29 44 10 35 17 31 24 16 26 8 29 15 21 24 11 43 2 43 38 20 41 25 15 17 26 16 25 23 20 28 31 4 34 41 31 8 28 41
15 32 29 31 8 28 29 28 26 34 8 18 14 17 34 12 21 12 30 14 30 32 21 14 27 26 20 0 16 19 13 34 26 31 26 10 36 19 16 18 13 21 11 36 23 11 38 26 18 8 10 20 12 11 6 34 5 10 26 22 33 19 27 25 9 33 17 16 15 14 11 4 26 13 20 24 40 11 19 12 41
25 44 46 44 19 45 40 45 43 51 8 29 22 33 48 25 27 28 41 21 45 48 29 24 39 41 27 16 0 33 29 48 38 45 42 12 52 13 31 31 4 34 18 49 33 18 52 39 34 24 12 36 22 13 15 47 14 17 38 29 49 31 40 38 9 42 11 1 28 2 5 12 42 26 30 40 56 20 31 9 57
15 18 21 12 24 13 18 14 16 26 26 30 30 4 15 8 21 8 40 18 12 16 19 14 31 21 20 19 33 0 16 15 33 12 12 23 22 29 3 21 30 8 18 17 35 18 19 9 14 15 23 6 15 30 18 17 24 19 30 21 23 28 8 25 28 24 28 33 5 31 28 22 9 21 17 14 23 27 12 31 24
22 33 16 28 11 18 32 18 15 21 21 14 16 12 29 15 29 8 24 24 24 23 28 21 16 13 28 13 29 16 0 29 17 26 16 22 25 31 13 6 26 21 22 31 19 22 32 24 5 5 22 13 21 19 18 32 14 22 15 30 20 12 24 13 19 38 29 28 15 26 24 17 20 5 27 12 31 13 23 22 32
28 20 23 9 39 13 22 14 18 25 41 43 45 18 4 23 32 23 49 32 5 10 29 29 39 26 31 34 48 15 29 0 42 3 14 38 17 44 18 31 45 18 33 3 46 33 5 14 24 30 38 16 30 45 33 16 39 34 38 31 22 39 11 32 43 28 43 48 20 46 43 37 9 34 27 18 12 42 23 46 12
39 50 22 44 19 30 49 29 25 25 33 9 16 29 44 32 46 25 7 40 37 34 45 38 3 17 45 26 38 33 17 42 0 40 28 36 34 45 30 12 37 38 37 45 7 37 43 41 19 21 36 28 37 25 32 49 25 36 4 47 26 7 41 10 29 55 43 38 32 36 35 29 34 14 44 24 42 18 40 29 43
25 19 21 8 36 11 21 12 16 24 38 40 42 15 4 20 29 20 47 29 3 10 26 26 37 24 28 31 45 12 26 3 40 0 12 35 17 41 15 29 42 15 30 5 44 30 7 11 21 27 35 13 27 42 30 15 36 31 36 28 21 36 8 30 40 27 40 45 17 43 40 34 6 31 24 16 13 39 20 43 14
26 28 9 18 27 2 29 2 4 14 34 30 32 9 16 18 33 14 35 28 9 7 31 25 25 12 32 26 42 12 16 14 28 12 0 33 10 39 13 18 39 20 28 17 33 28 16 19 11 19 33 6 25 35 28 25 29 29 24 33 11 26 17 18 34 35 38 42 16 40 37 30 6 21 29 4 15 29 24 37 16
13 32 38 32 17 35 28 36 35 43 5 27 21 24 37 15 16 20 39 9 35 39 17 12 37 35 16 10 12 23 22 38 36 35 33 0 43 9 21 28 8 22 6 39 32 6 42 27 27 17 0 27 10 14 5 35 11 5 36 18 42 29 29 35 10 30 7 11 18 10 7 7 32 23 18 33 46 18 19 13 47
37 36 12 25 36 9 38 8 10 10 44 37 41 20 20 29 43 24 41 39 14 7 41 36 31 17 42 36 52 22 25 17 34 17 10 43 0 49 23 25 49 29 38 20 40 38 15 28 19 29 43 16 35 44 38 32 39 39 30 42 8 33 25 24 44 44 48 52 26 50 47 40 14 29 38 12 8 38 34 47 9
16 33 47 36 26 42 29 43 43 52 12 36 30 30 41 21 16 27 48 12 41 45 18 16 46 44 16 19 13 29 31 44 45 41 39 9 49 0 27 37 10 26 11 43 40 11 48 31 35 26 9 33 14 21 13 37 20 10 45 18 49 38 33 44 17 31 2 12 24 12 11 16 38 32 19 40 52 27 22 18 53
13 20 22 15 21 15 18 15 17 27 23 27 27 4 18 6 20 5 37 16 15 19 18 12 29 21 19 16 31 3 13 18 30 15 13 21 23 27 0 19 28 8 16 20 32 16 22 11 13 12 21 7 13 27 16 19 21 17 28 20 24 25 11 24 25 24 26 31 3 29 26 19 12 18 16 15 26 24 11 28 27
28 39 14 32 12 20 37 20 16 19 25 12 16 17 33 21 35 14 19 30 26 25 34 27 10 10 34 18 31 21 6 31 12 29 18 28 25 37 19 0 30 27 28 34 15 28 34 30 7 11 28 16 27 20 24 38 18 28 9 36 18 8 29 7 22 43 35 31 21 29 28 21 22 5 33 14 33 14 29 24 34
21 40 42 40 18 41 36 41 40 47 5 28 21 30 44 22 23 25 40 17 42 45 25 20 38 39 23 13 4 30 26 45 37 42 39 8 49 10 28 30 0 30 14 46 32 14 49 35 31 21 8 33 18 12 12 43 12 13 37 25 46 30 37 37 8 38 8 3 25 2 2 9 39 25 26 37 53 19 27 8 54
10 12 29 10 28 21 10 22 24 34 26 35 34 12 15 9 14 13 45 14 17 22 11 11 37 29 13 21 34 8 21 18 38 15 20 22 29 26 8 27 30 0 17 17 40 17 22 5 21 20 22 14 13 32 19 13 26 18 36 13 31 33 7 32 30 16 26 33 7 32 29 24 15 26 9 22 28 31 5 33 29
7 26 36 27 19 30 22 31 32 41 10 29 24 19 32 10 10 17 41 3 30 34 11 6 37 34 10 11 18 18 22 33 37 30 28 6 38 11 16 28 14 17 0 34 34 0 37 22 25 17 6 22 4 18 5 29 14 1 36 12 39 30 24 35 15 24 10 17 13 16 13 10 27 23 12 30 41 21 13 18 42
27 17 26 7 41 16 20 17 21 28 42 45 47 20 2 24 30 25 52 31 8 13 27 28 42 29 29 36 49 17 31 3 45 5 17 39 20 43 20 34 46 17 34 0 49 34 7 12 26 32 39 18 30 47 34 13 41 35 41 29 25 41 10 35 45 25 43 49 21 47 44 39 11 36 25 21 15 44 21 48 15
38 52 28 47 15 35 51 35 31 31 28 5 11 31 47 33 45 27 8 37 41 40 44 37 10 23 44 23 33 35 19 46 7 44 33 32 40 40 32 15 32 40 34 49 0 34 49 43 22 21 32 31 35 20 29 51 20 33 11 45 32 7 43 16 24 56 38 33 33 31 30 24 37 14 43 29 48 13 41 24 49
7 26 36 27 19 30 22 31 32 41 10 29 24 19 32 10 10 17 41 3 30 34 11 6 37 34 10 11 18 18 22 33 37 30 28 6 38 11 16 28 14 17 0 34 34 0 37 22 25 17 6 22 4 18 5 29 14 1 36 12 39 30 24 35 15 24 10 17 13 16 13 10 27 23 12 30 41 21 13 18 42
32 24 23 13 42 14 26 14 18 24 45 46 48 21 8 27 36 26 50 36 8 10 33 33 40 26 35 38 52 19 32 5 43 7 16 42 15 48 22 34 49 22 37 7 49 37 0 18 27 33 42 19 34 48 37 20 42 38 39 35 22 42 15 33 47 32 47 52 24 50 47 41 12 37 31 20 8 45 27 50 8
15 9 28 5 32 20 10 21 23 33 31 38 38 13 10 14 17 16 48 19 14 21 15 16 40 30 17 26 39 9 24 14 41 11 19 27 28 31 11 30 35 5 22 12 43 22 18 0 23 23 27 15 18 37 24 8 31 23 39 17 30 36 3 34 35 16 31 38 11 37 34 29 14 29 13 22 24 35 9 38 25
25 32 11 25 16 13 31 13 9 16 26 19 21 10 25 17 32 9 26 27 19 18 30 24 17 9 31 18 34 14 5 24 19 21 11 27 19 35 13 7 31 21 25 26 22 25 27 23 0 10 27 9 24 24 22 31 19 25 16 32 15 15 22 11 24 37 34 33 15 31 29 22 15 10 28 7 26 18 23 27 27
18 32 21 27 9 21 30 21 19 26 16 16 15 12 30 12 25 7 27 19 25 26 24 17 20 18 24 8 24 15 5 30 21 27 19 17 29 26 12 11 21 20 17 32 21 17 33 23 10 0 17 14 16 16 13 31 10 17 19 26 25 14 23 18 15 35 24 24 13 22 19 12 21 7 23 17 34 12 20 18 35
13 32 38 32 17 35 28 36 35 43 5 27 21 24 37 15 16 20 39 9 35 39 17 12 37 35 16 10 12 23 22 38 36 35 33 0 43 9 21 28 8 22 6 39 32 6 42 27 27 17 0 27 10 14 5 35 11 5 36 18 42 29 29 35 10 30 7 11 18 10 7 7 32 23 18 33 46 18 19 13 47
20 24 15 16 23 8 24 8 10 20 28 27 29 3 16 12 27 8 35 22 11 12 25 19 26 15 26 20 36 6 13 16 28 13 6 27 16 33 7 16 33 14 22 18 31 22 19 15 9 14 27 0 19 30 22 22 24 23 25 27 17 24 13 20 29 30 32 36 10 34 31 24 7 18 23 8 20 26 18 32 21
3 22 34 23 20 27 18 28 29 39 14 30 26 16 28 7 9 15 42 3 27 31 9 2 36 33 8 12 22 15 21 30 37 27 25 10 35 14 13 27 18 13 4 30 35 4 34 18 24 16 10 19 0 21 7 25 16 5 35 10 36 30 20 34 18 21 14 21 10 20 17 12 24 23 8 27 38 23 9 21 39
24 42 35 42 8 37 39 37 34 40 9 16 9 27 45 23 29 22 28 22 40 42 30 23 26 30 29 11 13 30 19 45 25 42 35 14 44 21 27 20 12 32 18 47 20 18 48 37 24 16 14 30 21 0 13 45 6 17 25 30 38 18 38 27 4 42 19 13 26 11 10 8 36 15 29 31 50 7 29 4 51
10 29 33 29 14 30 25 30 30 38 7 24 19 19 32 10 15 15 36 8 30 34 16 9 33 31 15 6 15 18 18 33 32 30 28 5 38 13 16 24 12 19 5 34 29 5 37 24 22 13 5 22 7 13 0 32 9 4 32 17 37 25 25 31 11 28 12 15 13 13 10 5 27 19 15 28 41 16 16 14 42
22 5 35 7 40 25 9 26 29 38 39 46 46 21 12 22 21 24 56 26 18 25 19 23 48 37 21 34 47 17 32 16 49 15 25 35 32 37 19 38 43 13 29 13 51 29 20 8 31 31 35 22 25 45 32 0 39 30 47 20 35 44 9 42 43 13 38 46 19 45 42 37 19 37 18 29 28 43 16 46 28
19 37 30 36 6 31 34 31 29 35 8 16 10 21 39 17 24 16 28 17 34 36 25 18 26 27 24 5 14 24 14 39 25 36 29 11 39 20 21 18 12 26 14 41 20 14 42 31 19 10 11 24 16 6 9 39 0 13 25 26 34 18 32 25 5 37 18 14 20 12 10 4 30 13 24 26 44 7 24 8 45
8 27 36 28 18 31 23 32 32 41 9 28 23 20 33 11 11 17 40 4 31 35 12 7 37 34 11 10 17 19 22 34 36 31 29 5 39 10 17 28 13 18 1 35 33 1 38 23 25 17 5 23 5 17 4 30 13 0 36 13 39 29 25 35 14 25 9 16 14 15 12 9 28 23 13 30 42 20 14 17 43
37 48 18 41 19 26 46 25 21 21 33 11 17 26 40 30 44 23 11 38 33 30 43 36 1 13 43 26 38 30 15 38 4 36 24 36 30 45 28 9 37 36 36 41 11 36 39 39 16 19 36 25 35 25 32 47 25 36 0 45 22 7 38 6 29 52 43 38 30 36 35 29 30 13 42 20 38 18 38 29 39
8 15 42 22 30 34 11 35 37 47 22 40 36 24 27 15 2 23 52 9 30 35 2 9 46 41 2 22 29 21 30 31 47 28 33 18 42 18 20 36 25 13 12 29 45 12 35 17 32 26 18 27 10 30 17 20 26 13 45 0 44 40 20 43 27 13 19 28 17 27 25 22 28 33 4 35 41 33 9 30 42
37 38 4 28 31 10 40 9 7 3 41 29 34 20 25 29 44 22 33 39 18 12 42 36 23 9 43 33 49 23 20 22 26 21 11 42 8 49 24 18 46 31 39 25 32 39 22 30 15 25 42 17 36 38 37 35 34 39 22 44 0 25 27 16 39 46 48 48 27 46 44 37 16 23 40 9 16 32 35 42 17
32 45 21 40 12 28 44 28 24 25 26 4 10 24 40 26 39 20 12 33 34 33 38 31 8 16 38 19 31 28 12 39 7 36 26 29 33 38 25 8 30 33 30 41 7 30 42 36 15 14 29 24 30 18 25 44 18 29 7 40 25 0 36 10 22 49 36 31 26 29 28 22 30 7 37 22 41 11 34 22 42
17 11 26 4 32 17 13 18 21 30 32 38 38 12 8 15 20 16 48 21 11 18 18 18 39 28 20 27 40 8 24 11 41 8 17 29 25 33 11 29 37 7 24 10 43 24 15 3 22 23 29 13 20 38 25 9 32 25 38 20 27 36 0 33 36 19 33 40 12 38 35 30 11 29 16 20 21 35 12 39 22
35 43 12 36 19 20 42 19 15 15 32 14 20 21 35 28 42 20 17 37 27 24 41 34 7 7 41 25 38 25 13 32 10 30 18 35 24 44 24 7 37 32 35 35 16 35 33 34 11 18 35 20 34 27 31 42 25 35 6 43 16 10 33 0 29 48 42 38 26 36 35 28 24 12 39 14 32 20 34 31 33
21 40 35 40 10 36 36 36 34 40 5 20 13 26 43 21 25 21 32 18 39 41 26 20 30 32 25 9 9 28 19 43 29 40 34 10 44 17 25 22 8 30 15 45 24 15 47 35 24 15 10 29 18 4 11 43 5 14 29 27 39 22 36 29 0 39 15 9 24 7 6 6 35 17 26 31 49 11 27 3 50
18 8 44 19 41 36 6 37 39 49 34 51 47 28 24 23 15 30 62 21 30 37 13 19 54 45 15 33 42 24 38 28 55 27 35 30 44 31 24 43 38 16 24 25 56 24 32 16 37 35 30 30 21 42 28 13 37 25 52 13 46 49 19 48 39 0 32 41 23 40 37 33 30 42 13 38 40 44 15 42 40
16 34 45 36 24 40 30 41 41 50 10 34 28 29 41 20 17 26 46 12 40 44 19 16 44 42 17 17 11 28 29 43 43 40 38 7 48 2 26 35 8 26 10 43 38 10 47 31 34 24 7 32 14 19 12 38 18 9 43 19 48 36 33 42 15 32 0 10 23 10 9 14 37 30 20 39 51 25 22 16 52
24 43 44 43 19 44 39 44 42 49 8 29 22 33 47 25 26 28 41 20 45 48 28 23 39 41 26 16 1 33 28 48 38 45 42 11 52 12 31 31 3 33 17 49 33 17 52 38 33 24 11 36 21 13 15 46 14 16 38 28 48 31 40 38 9 41 10 0 28 2 5 12 42 26 29 40 56 20 30 9 57
10 19 25 16 21 18 17 18 20 30 20 28 27 7 19 3 17 7 39 13 17 21 15 9 31 24 16 15 28 5 15 20 32 17 16 18 26 24 3 21 25 7 13 21 33 13 24 11 15 13 18 10 10 26 13 19 20 14 30 17 27 26 12 26 24 23 23 28 0 26 23 18 14 19 13 18 28 24 8 27 29
23 42 42 42 17 42 38 42 40 47 6 27 20 31 45 23 25 26 39 19 43 46 27 22 37 39 25 14 2 31 26 46 36 43 40 10 50 12 29 29 2 32 16 47 31 16 50 37 31 22 10 34 20 11 13 45 12 15 36 27 46 29 38 36 7 40 10 2 26 0 3 10 40 24 28 38 54 18 29 7 55
20 39 40 39 16 39 35 39 38 45 3 26 19 28 42 20 23 23 38 16 40 43 24 19 36 37 23 11 5 28 24 43 35 40 37 7 47 11 26 28 2 29 13 44 30 13 47 34 29 19 7 31 17 10 10 42 10 12 35 25 44 28 35 35 6 37 9 5 23 3 0 7 37 23 25 35 51 17 26 7 52
15 34 33 34 10 32 30 32 30 38 4 20 14 21 37 15 20 16 32 13 34 36 21 14 30 30 20 4 12 22 17 37 29 34 30 7 40 16 19 21 9 24 10 39 24 10 41 29 22 12 7 24 12 8 5 37 4 9 29 22 37 22 30 28 6 33 14 12 18 10 7 0 30 16 20 28 44 11 21 9 45
24 22 15 12 30 6 24 7 10 19 34 34 36 9 10 17 29 14 41 27 4 7 26 23 31 18 28 26 42 9 20 9 34 6 6 32 14 38 12 22 39 15 27 11 37 27 12 14 15 21 32 7 24 36 27 19 30 28 30 28 16 30 11 24 35 30 37 42 14 40 37 30 0 25 24 10 14 33 20 38 15
25 38 19 33 7 23 36 23 19 24 20 9 11 17 34 19 32 13 19 26 29 28 31 24 14 15 31 13 26 21 5 34 14 31 21 23 29 32 18 5 25 26 23 36 14 23 37 29 10 7 23 18 23 15 19 37 13 23 13 33 23 7 29 12 17 42 30 26 19 24 23 16 25 0 30 17 36 9 27 19 37
5 14 38 18 28 30 10 31 33 43 22 38 34 20 23 12 4 19 50 9 26 31 2 6 43 37 4 20 30 17 27 27 44 24 29 18 38 19 16 33 26 9 12 25 43 12 31 13 28 23 18 23 8 29 15 18 24 13 42 4 40 37 16 39 26 13 20 29 13 28 25 20 24 30 0 31 37 31 5 29 38
28 31 7 22 23 6 32 6 2 12 32 26 28 11 20 20 35 13 31 30 13 11 33 27 21 8 34 24 40 14 12 18 24 16 4 33 12 40 15 14 37 22 30 21 29 30 20 22 7 17 33 8 27 31 28 29 26 30 20 35 9 22 20 14 31 38 39 40 18 38 35 28 10 17 31 0 19 25 26 34 20
38 32 20 21 42 13 34 13 17 18 48 45 47 23 16 31 42 28 49 41 12 8 39 37 39 25 41 40 56 23 31 12 42 13 15 46 8 52 26 33 53 28 41 15 48 41 8 24 26 34 46 20 38 50 41 28 44 42 38 41 16 41 21 32 49 40 51 56 28 54 51 44 14 36 37 19 0 44 33 52 1
26 43 28 39 3 31 40 31 28 33 15 9 3 24 42 22 31 19 21 24 37 36 32 25 19 24 31 11 20 27 13 42 18 39 29 18 38 27 24 14 19 31 21 44 13 21 45 35 18 12 18 26 23 7 16 43 7 20 18 33 32 11 35 20 11 44 25 20 24 18 17 11 33 9 31 25 44 0 30 11 45
6 13 33 14 27 25 10 26 28 38 23 36 33 15 19 8 9 15 46 10 21 27 7 7 39 32 8 19 31 12 23 23 40 20 24 19 34 22 11 29 27 5 13 21 41 13 27 9 23 20 19 18 9 29 16 16 24 14 38 9 35 34 12 34 27 15 22 30 8 29 26 21 20 27 5 26 33 30 0 30 33
24 43 38 43 12 39 39 39 37 43 8 20 13 29 46 24 28 24 32 21 42 44 29 23 30 34 28 12 9 31 22 46 29 43 37 13 47 18 28 24 8 33 18 48 24 18 50 38 27 18 13 32 21 4 14 46 8 17 29 30 42 22 39 31 3 42 16 9 27 7 7 9 38 19 29 34 52 11 30 0 53
39 32 21 21 43 14 34 14 18 19 49 46 48 24 16 32 42 29 50 42 12 9 40 38 40 26 41 41 57 24 32 12 43 14 16 47 9 53 27 34 54 29 42 15 49 42 8 25 27 35 47 21 39 51 42 28 45 43 39 42 17 42 22 33 50 40 52 57 29 55 52 45 15 37 38 20 1 45 33 53 0
0         821      
456       566      
390       552      
208       365      
15        168      
154       278      
219       371      
132       287      
149       275      
385       524      
0         85       
22        169      
45        175      
316       450      
143       310      
266       411      
230       380      
123       265      
69        208      
0         81       
203       331      
169       315      
248       403      
278       386      
40        197      
353       504      
530       685      
11        145      
0         128      
120       275      
375       529      
177       310      
59        197      
164       276      
145       267      
0         115      
424       531      
639       805      
124       250      
92        215      
0         135      
276       426      
0         85       
318       440      
29        199      
0         92       
158       323      
314       433      
352       491      
120       250      
495       610      
120       281      
0         87       
0         119      
0         74       
209       360      
0         92       
0         93       
61        204      
260       373      
597       753      
84        196      
183       343      
382       513      
23        147      
231       379      
480       625      
3         125      
284       405      
5         134      
483       629      
0         118      
142       290      
86        247      
249       373      
347       495      
175       327      
527       645      
265       388      
0         115      
585       713      
