81
0 40 30 28 21 34 35 35 14 38 27 26 18 20 16 16 22 32 26 46 22 34 19 9 10 17 18 7 43 26 33 36 32 40 26 25 22 26 22 17 1 21 35 34 12 41 40 44 9 28 11 10 5 35 37 40 20 39 8 34 9 6 8 22 47 23 40 7 14 46 44 40 17 16 43 12 12 51 15 19 27
40 0 32 37 41 19 5 10 37 2 34 16 22 40 37 24 26 39 40 9 31 24 20 34 32 38 44 46 3 15 36 36 8 9 35 29 18 22 26 34 39 18 17 24 39 39 33 5 32 38 29 32 43 35 19 6 28 4 31 28 33 44 37 36 10 21 40 34 41 7 5 6 31 42 24 39 27 12 35 21 33
30 32 0 5 46 13 27 22 38 30 3 31 20 45 40 19 36 52 50 41 41 8 22 31 30 41 46 35 35 19 50 53 30 39 4 41 22 11 36 39 31 21 40 8 18 58 53 37 21 49 28 20 34 51 42 36 37 34 27 45 31 34 22 8 33 14 57 23 41 39 37 36 37 43 49 38 27 43 15 19 45
28 37 5 0 46 18 32 27 38 35 3 33 21 45 40 19 37 53 50 46 41 13 23 31 30 41 44 33 40 22 51 54 33 42 2 42 25 15 37 39 29 24 43 13 16 59 55 42 19 49 28 18 32 52 45 41 37 39 27 47 31 32 20 6 38 17 58 21 40 44 42 41 37 42 52 37 27 48 13 20 46
21 41 46 46 0 47 39 43 7 42 44 25 28 1 5 28 14 14 7 42 10 49 27 14 15 4 7 23 43 35 16 19 32 37 43 13 29 39 14 8 20 29 28 48 33 24 24 43 26 10 18 27 21 18 28 39 12 38 18 20 14 23 28 39 50 35 22 26 8 45 43 39 11 6 30 9 20 51 33 30 12
34 19 13 18 47 0 16 9 40 17 15 25 19 46 42 19 33 49 48 28 38 5 20 33 32 43 48 40 22 12 46 48 21 28 16 37 18 8 33 39 35 18 31 5 27 53 47 24 25 46 29 24 38 46 33 25 35 23 29 40 33 39 29 19 20 12 52 27 43 26 24 25 36 45 40 40 27 30 23 17 41
35 5 27 32 39 16 0 7 34 3 29 14 18 38 35 20 24 38 39 14 29 21 16 30 29 36 42 42 8 10 35 35 7 12 30 28 13 17 24 32 35 14 17 21 34 39 33 10 28 37 25 28 39 34 19 9 26 7 27 27 29 40 33 31 12 16 39 30 38 12 10 9 29 39 26 36 23 16 30 17 32
35 10 22 27 43 9 7 0 36 8 24 19 17 42 38 19 29 43 44 19 34 14 17 31 30 39 44 42 13 9 41 41 13 19 25 33 14 12 29 35 36 15 23 14 31 45 39 15 27 42 26 27 40 40 25 16 31 14 28 33 30 41 32 26 12 13 45 29 40 17 15 16 32 41 32 37 24 21 27 16 37
14 37 38 38 7 40 34 36 0 37 36 21 21 6 2 21 11 18 12 40 10 42 20 7 8 3 8 17 40 28 20 23 29 34 36 13 22 32 11 4 13 22 26 41 25 28 28 40 19 14 11 20 15 22 27 36 9 35 11 22 7 17 21 32 46 28 26 19 4 42 40 36 6 5 31 3 13 48 26 23 15
38 2 30 35 42 17 3 8 37 0 32 17 21 41 38 23 27 40 41 11 32 22 19 33 32 39 45 45 5 13 37 37 9 11 33 30 16 20 27 35 38 17 18 22 37 40 34 7 31 39 28 31 42 36 20 8 29 6 30 29 32 43 36 34 9 19 41 33 41 9 7 8 32 42 26 39 26 13 33 20 34
27 34 3 3 44 15 29 24 36 32 0 31 19 42 38 17 35 51 48 43 39 11 21 29 28 39 43 32 37 20 49 52 31 40 1 40 22 12 35 37 28 21 40 11 15 57 53 39 18 47 26 17 31 50 42 38 35 36 25 45 29 31 19 5 35 14 56 20 39 41 39 38 35 41 49 36 25 45 12 18 44
26 16 31 33 25 25 14 19 21 17 31 0 12 24 21 15 10 24 25 19 15 29 10 18 17 22 28 32 19 13 22 22 8 14 31 14 8 20 10 18 26 9 10 28 30 27 22 19 23 23 15 23 30 21 12 15 12 14 17 15 18 31 28 30 26 16 27 25 25 21 19 15 15 26 19 23 13 27 27 13 18
18 22 20 21 28 19 18 17 21 21 19 12 0 27 23 3 16 32 30 29 20 21 2 14 13 24 29 25 25 8 30 32 16 25 19 21 5 11 16 20 19 4 22 20 18 37 34 27 11 28 10 11 23 31 24 24 17 22 11 26 14 24 16 18 29 7 37 13 24 29 27 24 17 26 31 21 8 34 15 2 25
20 40 45 45 1 46 38 42 6 41 42 24 27 0 4 27 13 14 7 42 10 48 26 13 14 3 7 22 42 34 16 19 31 36 42 12 28 38 13 7 19 28 27 47 31 24 24 42 25 10 17 26 20 18 27 38 11 37 17 20 13 22 27 38 49 34 22 25 7 44 42 38 10 6 30 8 19 50 32 29 12
16 37 40 40 5 42 35 38 2 38 38 21 23 4 0 23 11 16 10 40 8 44 22 9 10 1 7 19 40 30 18 21 29 34 38 11 24 34 11 3 15 24 26 43 27 26 26 40 21 12 13 22 17 20 26 36 8 35 13 20 9 19 23 34 47 30 24 21 5 42 40 35 6 5 29 5 15 48 28 25 13
16 24 19 19 28 19 20 19 21 23 17 15 3 27 23 0 18 33 31 32 21 21 5 14 13 24 29 23 27 10 32 34 19 28 17 23 8 11 18 20 17 7 25 20 15 39 36 29 8 29 10 8 21 33 27 27 18 25 10 29 14 22 13 15 31 7 39 10 24 31 29 27 18 26 34 21 8 36 12 3 26
22 26 36 37 14 33 24 29 11 27 35 10 16 13 11 18 0 15 15 28 5 36 14 13 12 12 18 27 29 21 14 16 18 23 35 5 15 26 0 7 22 15 15 35 29 21 19 29 21 13 11 22 25 15 16 25 2 24 14 12 13 27 25 33 36 22 21 22 15 31 29 25 5 15 21 13 11 37 28 17 9
32 39 52 53 14 49 38 43 18 40 51 24 32 14 16 33 15 0 7 36 11 51 29 24 24 16 21 35 40 36 3 5 31 31 50 10 30 41 15 16 31 30 22 50 43 10 10 39 36 4 25 36 33 5 20 34 14 35 27 11 24 35 39 47 49 37 8 35 21 40 39 34 16 20 20 21 25 45 42 32 6
26 40 50 50 7 48 39 44 12 41 48 25 30 7 10 31 15 7 0 39 10 51 28 19 20 10 14 29 42 36 9 12 32 34 48 11 30 40 15 11 25 30 25 49 37 17 17 42 31 3 22 32 27 11 24 37 13 37 23 15 19 29 33 44 50 36 15 31 14 43 42 37 13 13 25 15 23 49 38 31 8
46 9 41 46 42 28 14 19 40 11 43 19 29 42 40 32 28 36 39 0 32 33 27 37 36 40 46 51 7 24 32 32 13 5 44 29 24 31 28 35 45 25 14 33 47 35 29 5 40 36 34 40 49 31 15 5 30 7 36 24 37 50 45 45 15 30 36 42 43 5 5 5 33 43 19 41 32 10 44 29 31
22 31 41 41 10 38 29 34 10 32 39 15 20 10 8 21 5 11 10 32 0 41 18 13 13 9 15 27 34 26 10 13 23 27 38 3 20 30 5 6 22 20 18 39 31 18 18 34 24 8 13 24 25 12 18 29 3 29 16 12 13 27 27 36 41 26 17 24 13 35 34 29 5 13 21 13 14 41 30 21 5
34 24 8 13 49 5 21 14 42 22 11 29 21 48 44 21 36 51 51 33 41 0 22 35 34 45 50 40 27 16 50 51 26 33 12 41 21 10 36 41 35 21 36 1 25 56 51 29 25 49 31 25 38 50 38 30 37 28 31 44 35 39 28 16 25 14 56 27 45 31 29 30 38 47 45 42 29 35 21 19 45
19 20 22 23 27 20 16 17 20 19 21 10 2 26 22 5 14 29 28 27 18 22 0 13 12 23 28 25 23 8 28 30 14 23 21 19 3 12 14 19 19 2 20 21 20 35 31 25 13 26 9 13 23 29 22 22 15 20 11 24 13 24 18 20 28 8 35 15 23 27 25 22 16 25 29 20 7 32 17 3 23
9 34 31 31 14 33 30 31 7 33 29 18 14 13 9 14 13 24 19 37 13 35 13 0 1 10 15 14 36 21 23 26 25 32 29 16 16 25 13 9 9 15 26 34 19 31 31 37 12 21 4 13 12 25 28 33 11 32 4 25 0 14 15 25 41 21 30 12 10 39 37 33 8 12 34 7 6 45 19 16 18
10 32 30 30 15 32 29 30 8 32 28 17 13 14 10 13 12 24 20 36 13 34 12 1 0 11 16 15 35 20 23 26 24 31 28 15 15 24 12 9 10 14 25 33 18 31 30 36 11 21 3 12 13 25 27 32 10 31 3 24 1 15 15 24 40 20 30 11 11 38 36 32 8 13 33 8 5 44 18 15 18
17 38 41 41 4 43 36 39 3 39 39 22 24 3 1 24 12 16 10 40 9 45 23 10 11 0 7 19 41 31 18 21 30 35 39 12 25 35 12 4 16 25 27 44 28 26 26 41 22 12 14 23 17 20 27 37 9 36 14 21 10 19 24 35 48 31 24 22 5 43 41 36 7 4 30 5 16 49 29 26 13
18 44 46 44 7 48 42 44 8 45 43 28 29 7 7 29 18 21 14 46 15 50 28 15 16 7 0 17 47 36 23 26 36 41 42 18 30 40 18 10 17 30 33 49 30 31 31 47 25 17 19 26 16 25 33 43 15 42 19 27 15 18 26 38 54 36 29 24 5 49 47 42 13 3 36 8 21 55 32 31 19
7 46 35 33 23 40 42 42 17 45 32 32 25 22 19 23 27 35 29 51 27 40 25 14 15 19 17 0 48 33 37 40 39 46 31 30 28 32 27 21 6 27 40 40 17 45 45 50 15 31 17 16 2 39 42 47 25 45 14 39 14 1 13 27 53 29 43 13 15 52 50 47 22 17 48 14 18 57 20 26 32
43 3 35 40 43 22 8 13 40 5 37 19 25 42 40 27 29 40 42 7 34 27 23 36 35 41 47 48 0 18 37 37 11 9 38 31 21 25 29 36 42 21 18 27 42 40 34 2 35 40 32 35 46 36 20 6 31 5 34 29 36 47 40 39 9 24 41 37 44 4 2 6 34 44 24 42 30 9 38 24 35
26 15 19 22 35 12 10 9 28 13 20 13 8 34 30 10 21 36 36 24 26 16 8 21 20 31 36 33 18 0 34 35 11 20 20 25 6 8 21 27 27 6 21 15 24 40 35 20 18 34 17 18 31 34 23 19 23 17 19 28 21 32 23 21 21 6 40 20 31 22 20 19 24 33 30 28 15 26 20 7 29
33 36 50 51 16 46 35 41 20 37 49 22 30 16 18 32 14 3 9 32 10 50 28 23 23 18 23 37 37 34 0 3 28 28 48 9 29 40 14 16 32 29 19 49 41 8 8 36 34 6 23 34 35 2 17 31 13 32 26 8 23 37 37 46 46 36 7 34 23 37 36 31 15 22 17 23 24 42 40 31 5
36 36 53 54 19 48 35 41 23 37 52 22 32 19 21 34 16 5 12 32 13 51 30 26 26 21 26 40 37 35 3 0 28 28 51 11 30 42 16 19 35 31 19 50 44 5 5 36 37 9 26 37 38 1 17 31 16 32 29 8 26 40 40 49 46 38 5 37 26 37 36 31 18 25 15 26 27 42 43 33 8
32 8 30 33 32 21 7 13 29 9 31 8 16 31 29 19 18 31 32 13 23 26 14 25 24 30 36 39 11 11 28 28 0 9 31 21 11 19 18 25 32 12 10 26 34 32 26 12 27 30 22 27 36 27 12 8 20 7 24 20 25 37 32 32 18 17 32 29 33 14 12 8 23 33 19 31 20 20 31 16 25
40 9 39 42 37 28 12 19 34 11 40 14 25 36 34 28 23 31 34 5 27 33 23 32 31 35 41 46 9 20 28 28 9 0 40 24 20 28 23 30 40 21 9 33 43 31 25 8 36 31 29 36 44 27 11 3 25 5 31 20 32 45 41 41 18 26 32 38 38 9 8 3 28 38 15 36 27 15 40 25 26
26 35 4 2 43 16 30 25 36 33 1 31 19 42 38 17 35 50 48 44 38 12 21 29 28 39 42 31 38 20 48 51 31 40 0 40 23 13 35 37 27 22 41 12 14 56 52 40 17 46 26 16 30 50 43 39 35 37 25 45 29 30 18 4 36 15 55 19 38 42 40 39 35 40 50 35 25 46 11 18 43
25 29 41 42 13 37 28 33 13 30 40 14 21 12 11 23 5 10 11 29 3 41 19 16 15 12 18 30 31 25 9 11 21 24 40 0 20 31 5 9 25 20 15 40 33 16 15 31 26 9 15 26 28 10 15 26 5 26 18 9 16 30 29 38 39 27 16 26 16 32 31 26 8 16 18 16 16 38 32 22 4
22 18 22 25 29 18 13 14 22 16 22 8 5 28 24 8 15 30 30 24 20 21 3 16 15 25 30 28 21 6 29 30 11 20 23 20 0 12 15 21 22 1 18 21 23 35 30 22 16 28 12 16 26 29 20 19 17 18 14 23 16 27 21 22 25 8 35 18 26 24 22 19 18 27 27 23 10 29 20 5 24
26 22 11 15 39 8 17 12 32 20 12 20 11 38 34 11 26 41 40 31 30 10 12 25 24 35 40 32 25 8 40 42 19 28 13 31 12 0 26 31 27 11 29 9 19 47 42 27 17 38 21 16 30 41 31 26 27 24 21 35 25 31 21 14 24 4 47 19 35 29 27 26 28 37 38 32 19 33 15 9 35
22 26 36 37 14 33 24 29 11 27 35 10 16 13 11 18 0 15 15 28 5 36 14 13 12 12 18 27 29 21 14 16 18 23 35 5 15 26 0 7 22 15 15 35 29 21 19 29 21 13 11 22 25 15 16 25 2 24 14 12 13 27 25 33 36 22 21 22 15 31 29 25 5 15 21 13 11 37 28 17 9
17 34 39 39 8 39 32 35 4 35 37 18 20 7 3 20 7 16 11 35 6 41 19 9 9 4 10 21 36 27 16 19 25 30 37 9 21 31 7 0 17 21 22 40 27 24 24 36 20 12 11 21 19 18 23 32 5 31 12 18 9 21 24 33 43 27 23 20 8 38 36 32 3 8 27 7 12 44 27 22 11
1 39 31 29 20 35 35 36 13 38 28 26 19 19 15 17 22 31 25 45 22 35 19 9 10 16 17 6 42 27 32 35 32 40 27 25 22 27 22 17 0 21 35 35 13 40 40 44 10 27 11 11 4 34 37 40 20 39 8 34 9 5 9 23 47 24 39 8 13 46 44 40 17 15 43 11 12 51 16 20 27
21 18 21 24 29 18 14 15 22 17 21 9 4 28 24 7 15 30 30 25 20 21 2 15 14 25 30 27 21 6 29 31 12 21 22 20 1 11 15 21 21 0 19 20 22 36 31 23 15 28 11 15 25 30 21 20 17 18 13 24 15 26 20 21 26 7 36 17 25 25 23 20 18 27 28 22 9 30 19 4 24
35 17 40 43 28 31 17 23 26 18 40 10 22 27 26 25 15 22 25 14 18 36 20 26 25 27 33 40 18 21 19 19 10 9 41 15 18 29 15 22 35 19 0 36 40 22 16 17 33 22 24 33 38 18 2 12 17 13 27 11 26 40 38 40 27 26 23 35 30 18 17 12 20 30 9 28 23 24 37 23 17
34 24 8 13 48 5 21 14 41 22 11 28 20 47 43 20 35 50 49 33 39 1 21 34 33 44 49 40 27 15 49 50 26 33 12 40 21 9 35 40 35 20 36 0 25 55 50 29 25 47 30 24 38 49 38 30 36 28 30 43 34 39 27 16 25 13 55 27 44 31 29 30 37 46 45 41 28 35 21 18 44
12 39 18 16 33 27 34 31 25 37 15 30 18 31 27 15 29 43 37 47 31 25 20 19 18 28 30 17 42 24 41 44 34 43 14 33 23 19 29 27 13 22 40 25 0 49 48 44 7 39 17 7 16 43 42 42 27 40 15 41 19 16 4 10 43 18 48 7 26 46 44 42 26 28 48 24 17 50 4 18 36
41 39 58 59 24 53 39 45 28 40 57 27 37 24 26 39 21 10 17 35 18 56 35 31 31 26 31 45 40 40 8 5 32 31 56 16 35 47 21 24 40 36 22 55 49 0 6 39 42 14 31 42 43 6 20 34 21 35 34 12 31 45 45 54 49 43 2 42 31 40 39 34 23 30 16 31 32 45 48 38 13
40 33 53 55 24 47 33 39 28 34 53 22 34 24 26 36 19 10 17 29 18 51 31 31 30 26 31 45 34 35 8 5 26 25 52 15 30 42 19 24 40 31 16 50 48 6 0 33 40 14 30 41 43 6 14 28 20 29 33 7 31 45 44 51 43 38 7 41 31 34 33 28 23 30 10 31 30 39 47 34 13
44 5 37 42 43 24 10 15 40 7 39 19 27 42 40 29 29 39 42 5 34 29 25 37 36 41 47 50 2 20 36 36 12 8 40 31 22 27 29 36 44 23 17 29 44 39 33 0 37 39 34 37 48 35 19 5 31 5 36 28 37 49 42 41 10 26 40 39 44 2 0 5 34 44 23 42 32 8 40 26 34
9 32 21 19 26 25 28 27 19 31 18 23 11 25 21 8 21 36 31 40 24 25 13 12 11 22 25 15 35 18 34 37 27 36 17 26 16 17 21 20 10 15 33 25 7 42 40 37 0 32 10 1 13 36 35 35 20 33 8 33 12 14 5 13 39 14 41 2 21 39 37 35 19 23 41 18 10 44 7 11 29
28 38 49 49 10 46 37 42 14 39 47 23 28 10 12 29 13 4 3 36 8 49 26 21 21 12 17 31 40 34 6 9 30 31 46 9 28 38 13 12 27 28 22 47 39 14 14 39 32 0 21 32 29 8 21 34 11 35 24 12 21 31 35 44 48 34 12 32 17 40 39 34 13 16 22 17 22 46 38 29 5
11 29 28 28 18 29 25 26 11 28 26 15 10 17 13 10 11 25 22 34 13 31 9 4 3 14 19 17 32 17 23 26 22 29 26 15 12 21 11 11 11 11 24 30 17 31 30 34 10 21 0 11 15 25 26 30 10 29 3 23 4 16 14 23 37 17 30 11 14 36 34 30 9 16 32 11 2 41 17 12 18
10 32 20 18 27 24 28 27 20 31 17 23 11 26 22 8 22 36 32 40 24 25 13 13 12 23 26 16 35 18 34 37 27 36 16 26 16 16 22 21 11 15 33 24 7 42 41 37 1 32 11 0 14 36 35 35 21 33 9 34 13 15 5 13 39 14 41 3 22 39 37 35 20 24 41 19 11 44 6 11 29
5 43 34 32 21 38 39 40 15 42 31 30 23 20 17 21 25 33 27 49 25 38 23 12 13 17 16 2 46 31 35 38 36 44 30 28 26 30 25 19 4 25 38 38 16 43 43 48 13 29 15 14 0 37 40 44 23 43 12 37 12 2 12 26 51 27 41 11 13 50 48 44 20 15 46 12 16 55 19 24 30
35 35 51 52 18 46 34 40 22 36 50 21 31 18 20 33 15 5 11 31 12 50 29 25 25 20 25 39 36 34 2 1 27 27 50 10 29 41 15 18 34 30 18 49 43 6 6 35 36 8 25 36 37 0 16 30 15 31 28 7 25 39 39 48 45 37 6 36 25 36 35 30 17 24 15 25 26 41 42 32 7
37 19 42 45 28 33 19 25 27 20 42 12 24 27 26 27 16 20 24 15 18 38 22 28 27 27 33 42 20 23 17 17 12 11 43 15 20 31 16 23 37 21 2 38 42 20 14 19 35 21 26 35 40 16 0 14 18 15 29 9 28 42 40 42 29 28 21 37 31 20 19 14 21 31 7 29 25 25 39 25 17
40 6 36 41 39 25 9 16 36 8 38 15 24 38 36 27 25 34 37 5 29 30 22 33 32 37 43 47 6 19 31 31 8 3 39 26 19 26 25 32 40 20 12 30 42 34 28 5 35 34 30 35 44 30 14 0 27 2 32 23 33 45 40 40 15 25 35 37 40 6 5 0 30 40 18 38 28 12 39 24 29
20 28 37 37 12 35 26 31 9 29 35 12 17 11 8 18 2 14 13 30 3 37 15 11 10 9 15 25 31 23 13 16 20 25 35 5 17 27 2 5 20 17 17 36 27 21 20 31 20 11 10 21 23 15 18 27 0 26 13 14 11 25 24 33 38 23 20 21 13 33 31 27 3 13 23 11 11 39 27 18 8
39 4 34 39 38 23 7 14 35 6 36 14 22 37 35 25 24 35 37 7 29 28 20 32 31 36 42 45 5 17 32 32 7 5 37 26 18 24 24 31 39 18 13 28 40 35 29 5 33 35 29 33 43 31 15 2 26 0 31 24 32 44 38 38 14 23 36 35 39 7 5 2 29 39 20 37 27 13 37 22 30
8 31 27 27 18 29 27 28 11 30 25 17 11 17 13 10 14 27 23 36 16 31 11 4 3 14 19 14 34 19 26 29 24 31 25 18 14 21 14 12 8 13 27 30 15 34 33 36 8 24 3 9 12 28 29 32 13 31 0 26 4 13 11 21 39 17 33 8 14 38 36 32 11 16 35 11 4 43 15 13 21
34 28 45 47 20 40 27 33 22 29 45 15 26 20 20 29 12 11 15 24 12 44 24 25 24 21 27 39 29 28 8 8 20 20 45 9 23 35 12 18 34 24 11 43 41 12 7 28 33 12 23 34 37 7 9 23 14 24 26 0 25 39 37 44 38 31 12 34 25 29 28 23 17 25 10 25 23 34 40 27 8
9 33 31 31 14 33 29 30 7 32 29 18 14 13 9 14 13 24 19 37 13 35 13 0 1 10 15 14 36 21 23 26 25 32 29 16 16 25 13 9 9 15 26 34 19 31 31 37 12 21 4 13 12 25 28 33 11 32 4 25 0 14 15 25 41 21 30 12 10 39 37 33 8 12 34 7 6 45 19 16 18
6 44 34 32 23 39 40 41 17 43 31 31 24 22 19 22 27 35 29 50 27 39 24 14 15 19 18 1 47 32 37 40 37 45 30 30 27 31 27 21 5 26 40 39 16 45 45 49 14 31 16 15 2 39 42 45 25 44 13 39 14 0 12 26 52 28 43 12 15 51 49 45 22 17 48 14 17 56 19 25 32
8 37 22 20 28 29 33 32 21 36 19 28 16 27 23 13 25 39 33 45 27 28 18 15 15 24 26 13 40 23 37 40 32 41 18 29 21 21 25 24 9 20 38 27 4 45 44 42 5 35 14 5 12 39 40 40 24 38 11 37 15 12 0 14 44 19 44 3 22 44 42 40 22 24 46 20 15 49 7 16 32
22 36 8 6 39 19 31 26 32 34 5 30 18 38 34 15 33 47 44 45 36 16 20 25 24 35 38 27 39 21 46 49 32 41 4 38 22 14 33 33 23 21 40 16 10 54 51 41 13 44 23 13 26 48 42 40 33 38 21 44 25 26 14 0 38 15 53 15 34 43 41 40 32 36 49 31 22 47 7 17 41
47 10 33 38 50 20 12 12 46 9 35 26 29 49 47 31 36 49 50 15 41 25 28 41 40 48 54 53 9 21 46 46 18 18 36 39 25 24 36 43 47 26 27 25 43 49 43 10 39 48 37 39 51 45 29 15 38 14 39 38 41 52 44 38 0 25 50 41 50 10 10 15 41 51 33 48 35 10 39 28 43
23 21 14 17 35 12 16 13 28 19 14 16 7 34 30 7 22 37 36 30 26 14 8 21 20 31 36 29 24 6 36 38 17 26 15 27 8 4 22 27 24 7 26 13 18 43 38 26 14 34 17 14 27 37 28 25 23 23 17 31 21 28 19 15 25 0 43 16 31 28 26 25 24 33 35 28 15 32 14 5 31
40 40 57 58 22 52 39 45 26 41 56 27 37 22 24 39 21 8 15 36 17 56 35 30 30 24 29 43 41 40 7 5 32 32 55 16 35 47 21 23 39 36 23 55 48 2 7 40 41 12 30 41 41 6 21 35 20 36 33 12 30 43 44 53 50 43 0 41 29 41 40 35 22 28 17 29 31 46 47 38 12
7 34 23 21 26 27 30 29 19 33 20 25 13 25 21 10 22 35 31 42 24 27 15 12 11 22 24 13 37 20 34 37 29 38 19 26 18 19 22 20 8 17 35 27 7 42 41 39 2 32 11 3 11 36 37 37 21 35 8 34 12 12 3 15 41 16 41 0 20 41 39 37 19 22 43 17 12 46 8 13 29
14 41 41 40 8 43 38 40 4 41 39 25 24 7 5 24 15 21 14 43 13 45 23 10 11 5 5 15 44 31 23 26 33 38 38 16 26 35 15 8 13 25 30 44 26 31 31 44 21 17 14 22 13 25 31 40 13 39 14 25 10 15 22 34 50 31 29 20 0 46 44 40 10 2 34 3 16 52 28 26 18
46 7 39 44 45 26 12 17 42 9 41 21 29 44 42 31 31 40 43 5 35 31 27 39 38 43 49 52 4 22 37 37 14 9 42 32 24 29 31 38 46 25 18 31 46 40 34 2 39 40 36 39 50 36 20 6 33 7 38 29 39 51 44 43 10 28 41 41 46 0 2 6 36 46 24 44 34 6 42 28 35
44 5 37 42 43 24 10 15 40 7 39 19 27 42 40 29 29 39 42 5 34 29 25 37 36 41 47 50 2 20 36 36 12 8 40 31 22 27 29 36 44 23 17 29 44 39 33 0 37 39 34 37 48 35 19 5 31 5 36 28 37 49 42 41 10 26 40 39 44 2 0 5 34 44 23 42 32 8 40 26 34
40 6 36 41 39 25 9 16 36 8 38 15 24 38 35 27 25 34 37 5 29 30 22 33 32 36 42 47 6 19 31 31 8 3 39 26 19 26 25 32 40 20 12 30 42 34 28 5 35 34 30 35 44 30 14 0 27 2 32 23 33 45 40 40 15 25 35 37 40 6 5 0 30 40 18 38 28 12 39 24 29
17 31 37 37 11 36 29 32 6 32 35 15 17 10 6 18 5 16 13 33 5 38 16 8 8 7 13 22 34 24 15 18 23 28 35 8 18 28 5 3 17 18 20 37 26 23 23 34 19 13 9 20 20 17 21 30 3 29 11 17 8 22 22 32 41 24 22 19 10 36 34 30 0 11 26 8 10 42 26 19 10
16 42 43 42 6 45 39 41 5 42 41 26 26 6 5 26 15 20 13 43 13 47 25 12 13 4 3 17 44 33 22 25 33 38 40 16 27 37 15 8 15 27 30 46 28 30 30 44 23 16 16 24 15 24 31 40 13 39 16 25 12 17 24 36 51 33 28 22 2 46 44 40 11 0 34 5 18 52 30 28 17
43 24 49 52 30 40 26 32 31 26 49 19 31 30 29 34 21 20 25 19 21 45 29 34 33 30 36 48 24 30 17 15 19 15 50 18 27 38 21 27 43 28 9 45 48 16 10 23 41 22 32 41 46 15 7 18 23 20 35 10 34 48 46 49 33 35 17 43 34 24 23 18 26 34 0 34 31 29 46 32 18
12 39 38 37 9 40 36 37 3 39 36 23 21 8 5 21 13 21 15 41 13 42 20 7 8 5 8 14 42 28 23 26 31 36 35 16 23 32 13 7 11 22 28 41 24 31 31 42 18 17 11 19 12 25 29 38 11 37 11 25 7 14 20 31 48 28 29 17 3 44 42 38 8 5 34 0 13 50 25 23 18
12 27 27 27 20 27 23 24 13 26 25 13 8 19 15 8 11 25 23 32 14 29 7 6 5 16 21 18 30 15 24 27 20 27 25 16 10 19 11 12 12 9 23 28 17 32 30 32 10 22 2 11 16 26 25 28 11 27 4 23 6 17 15 22 35 15 31 12 16 34 32 28 10 18 31 13 0 39 17 10 19
51 12 43 48 51 30 16 21 48 13 45 27 34 50 48 36 37 45 49 10 41 35 32 45 44 49 55 57 9 26 42 42 20 15 46 38 29 33 37 44 51 30 24 35 50 45 39 8 44 46 41 44 55 41 25 12 39 13 43 34 45 56 49 47 10 32 46 46 52 6 8 12 42 52 29 50 39 0 46 33 41
15 35 15 13 33 23 30 27 26 33 12 27 15 32 28 12 28 42 38 44 30 21 17 19 18 29 32 20 38 20 40 43 31 40 11 32 20 15 28 27 16 19 37 21 4 48 47 40 7 38 17 6 19 42 39 39 27 37 15 40 19 19 7 7 39 14 47 8 28 42 40 39 26 30 46 25 17 46 0 15 35
19 21 19 20 30 17 17 16 23 20 18 13 2 29 25 3 17 32 31 29 21 19 3 16 15 26 31 26 24 7 31 33 16 25 18 22 5 9 17 22 20 4 23 18 18 38 34 26 11 29 12 11 24 32 25 24 18 22 13 27 16 25 16 17 28 5 38 13 26 28 26 24 19 28 32 23 10 33 15 0 26
27 33 45 46 12 41 32 37 15 34 44 18 25 12 13 26 9 6 8 31 5 45 23 18 18 13 19 32 35 29 5 8 25 26 43 4 24 35 9 11 27 24 17 44 36 13 13 34 29 5 18 29 30 7 17 29 8 30 21 8 18 32 32 41 43 31 12 29 18 35 34 29 10 17 18 18 19 41 35 26 0
0         822      
241       402      
29        211      
37        202      
94        280      
0         197      
302       473      
312       444      
77        234      
267       449      
653       795      
349       485      
0         118      
121       298      
114       274      
0         125      
175       289      
482       655      
144       314      
275       450      
164       338      
514       718      
0         151      
94        216      
105       260      
105       285      
142       266      
446       617      
223       407      
0         140      
189       361      
161       321      
335       470      
262       393      
14        193      
186       310      
354       488      
0         185      
426       543      
127       259      
0         90       
0         138      
219       407      
49        209      
73        229      
412       551      
204       385      
254       449      
0         116      
191       351      
102       213      
0         95       
0         62       
223       330      
376       526      
284       431      
131       315      
261       387      
56        209      
239       398      
93        247      
0         86       
0         103      
52        213      
540       675      
22        158      
203       326      
0         76       
72        266      
232       420      
236       391      
252       390      
157       288      
112       293      
206       366      
65        276      
339       504      
575       752      
0         97       
0         158      
590       758      
