81
0 47 26 28 15 15 23 32 10 25 18 6 30 17 29 33 33 28 48 37 29 36 36 31 18 26 42 35 12 40 26 17 22 40 8 33 23 34 20 26 33 15 31 33 9 24 4 27 15 18 7 16 22 6 4 33 14 7 29 27 36 27 42 34 13 33 7 46 33 19 35 39 10 26 2 29 4 27 17 39 27
47 0 21 37 62 62 35 29 56 22 39 49 19 32 22 14 13 19 4 25 18 31 15 37 28 27 5 15 38 10 23 32 40 26 53 25 30 12 30 39 14 38 43 44 49 45 50 26 42 39 52 37 43 52 49 39 37 40 46 37 10 18 5 29 45 25 53 2 28 32 12 7 41 32 44 18 42 37 48 22 25
26 21 0 22 40 40 18 18 34 5 21 29 7 11 8 9 7 4 22 19 6 22 14 25 7 12 17 13 18 14 8 13 22 22 32 15 15 9 13 25 8 19 30 31 29 27 29 11 23 23 31 19 25 31 28 27 18 19 32 23 11 3 16 19 26 16 33 21 18 14 10 13 21 18 24 7 21 23 31 19 10
28 37 22 0 43 41 5 40 38 27 10 34 18 15 15 29 25 26 35 41 28 44 34 45 20 33 35 34 16 27 30 13 6 44 29 12 33 27 29 42 24 13 47 49 23 8 32 33 13 37 35 32 8 34 26 47 30 23 47 41 29 24 34 41 37 38 33 35 9 10 26 31 31 36 27 29 26 41 42 41 12
15 62 40 43 0 3 38 40 5 39 33 11 45 32 44 47 47 42 62 46 43 43 49 37 33 37 56 48 27 54 38 32 37 48 15 48 33 49 31 31 48 30 34 36 21 39 11 38 30 25 8 25 37 9 17 39 24 21 31 33 50 41 56 42 17 43 10 60 48 34 49 53 19 34 16 43 18 33 17 49 41
15 62 40 41 3 0 37 42 6 40 31 12 45 32 44 48 47 43 62 48 44 45 50 40 33 38 57 49 26 54 39 31 35 50 13 47 34 49 32 34 48 29 37 39 19 37 11 39 28 27 9 26 35 9 15 42 25 21 34 36 51 42 56 44 19 44 8 61 47 33 50 53 20 36 16 44 18 36 20 50 41
23 35 18 5 38 37 0 35 33 23 6 29 16 10 13 26 23 22 33 37 24 39 31 40 15 28 33 31 11 25 26 8 5 40 25 12 28 25 24 37 22 8 42 44 19 10 27 28 9 32 30 27 8 29 22 42 25 18 42 36 27 21 32 36 32 34 29 33 11 5 24 29 26 31 22 25 21 36 37 37 10
32 29 18 40 40 42 35 0 36 13 36 30 25 25 26 17 21 16 33 6 14 4 14 8 20 7 24 14 31 29 10 27 38 8 40 33 9 21 12 10 23 33 14 15 39 43 33 7 36 15 33 16 40 34 36 10 18 27 17 8 21 17 25 2 23 4 37 31 36 30 24 24 22 6 30 13 28 8 24 9 28
10 56 34 38 5 6 33 36 0 33 28 6 39 26 38 41 41 37 56 41 37 39 44 34 27 31 50 43 22 48 33 26 32 44 10 43 27 43 25 28 42 25 31 33 16 34 6 32 25 21 3 20 32 4 12 36 18 16 28 30 45 36 50 38 13 37 5 55 43 29 44 47 14 30 11 37 13 30 14 43 36
25 22 5 27 39 40 23 13 33 0 24 27 12 14 13 8 10 4 24 14 4 16 11 19 9 7 17 10 21 18 3 16 26 17 32 20 10 11 8 20 12 22 25 26 31 31 28 6 26 18 30 15 29 30 28 21 15 19 27 18 12 5 18 14 23 11 32 23 23 18 13 15 19 13 23 4 21 18 27 15 15
18 39 21 10 33 31 6 36 28 24 0 24 20 10 18 30 27 25 39 38 27 40 35 39 15 28 37 34 6 30 26 8 4 40 19 18 28 29 24 36 26 3 41 43 13 7 22 28 3 30 25 25 5 24 16 41 23 13 40 36 31 24 36 36 27 34 23 38 17 7 28 33 22 31 17 28 16 36 32 39 15
6 49 29 34 11 12 29 30 6 27 24 0 34 21 33 35 36 31 51 35 31 34 37 29 22 25 44 37 18 43 27 21 28 38 11 38 21 38 19 23 37 21 26 28 14 30 3 26 21 16 3 14 28 4 9 31 12 11 24 25 39 31 45 32 8 31 7 50 38 24 39 42 8 24 7 31 8 25 12 37 31
30 19 7 18 45 45 16 25 39 12 20 34 0 13 3 11 7 9 18 24 11 28 16 31 12 19 17 16 19 10 15 14 21 27 35 10 22 9 20 32 6 18 37 38 30 26 33 18 22 30 36 26 24 35 31 33 24 23 39 30 11 8 16 26 32 22 37 18 12 13 8 13 27 25 28 12 26 30 37 24 6
17 32 11 15 32 32 10 25 26 14 10 21 13 0 12 20 18 15 31 28 17 29 25 29 5 18 28 24 7 23 16 2 13 30 22 17 17 20 14 27 18 8 32 34 18 17 20 18 12 22 23 17 15 22 18 31 15 10 32 25 22 14 27 26 23 24 24 31 18 5 20 24 17 21 15 18 13 25 28 29 10
29 22 8 15 44 44 13 26 38 13 18 33 3 12 0 14 10 11 21 27 13 29 19 32 12 20 20 19 17 13 16 12 18 30 33 7 23 12 21 33 9 16 38 39 28 23 32 19 20 31 35 27 21 34 29 34 25 22 40 31 14 10 19 27 33 24 35 21 10 11 11 16 27 26 27 14 25 31 38 26 3
33 14 9 29 47 48 26 17 41 8 30 35 11 20 14 0 5 5 16 14 4 19 5 25 15 13 9 5 27 12 9 22 31 17 40 21 16 4 16 26 7 28 31 32 37 36 36 12 32 25 38 23 34 38 36 27 23 27 33 24 4 6 10 17 31 13 40 15 23 23 7 7 27 19 31 4 29 24 34 13 17
33 13 7 25 47 47 23 21 41 10 27 36 7 18 10 5 0 6 15 19 7 24 10 29 14 17 10 9 24 8 13 19 28 21 39 16 20 2 18 30 2 25 35 36 35 33 36 16 29 28 38 25 31 38 35 31 24 26 37 28 4 5 9 22 32 18 40 14 19 20 3 6 28 23 31 8 28 28 37 17 13
28 19 4 26 42 43 22 16 37 4 25 31 9 15 11 5 6 0 21 15 2 19 10 23 10 11 14 9 22 14 7 17 26 18 35 18 14 7 12 24 8 23 29 30 32 31 31 10 27 22 34 19 29 33 31 25 19 22 31 22 8 1 14 17 27 13 35 19 21 18 9 11 23 17 26 3 24 22 31 15 13
48 4 22 35 62 62 33 33 56 24 39 51 18 31 21 16 15 21 0 29 20 35 19 41 29 29 9 19 37 8 25 32 38 30 53 23 32 14 32 42 14 36 47 48 48 43 51 28 40 41 53 39 41 53 49 43 39 41 49 40 12 20 8 33 47 29 55 2 26 31 12 9 43 35 46 20 43 40 50 26 23
37 25 19 41 46 48 37 6 41 14 38 35 24 28 27 14 19 15 29 0 13 6 10 13 22 11 20 10 34 25 11 29 40 3 45 33 14 18 17 16 21 35 19 19 44 45 38 10 39 21 38 22 42 39 41 14 23 32 22 14 17 16 21 5 29 4 42 27 36 32 21 20 27 12 35 12 33 14 30 3 28
29 18 6 28 43 44 24 14 37 4 27 31 11 17 13 4 7 2 20 13 0 17 8 22 12 10 13 7 24 15 6 19 28 16 36 20 13 7 12 23 9 25 28 29 34 33 32 9 29 22 34 19 31 34 32 24 19 23 30 21 8 3 14 15 27 11 36 19 23 20 10 11 23 16 27 1 25 21 31 13 15
36 31 22 44 43 45 39 4 39 16 40 34 28 29 29 19 24 19 35 6 17 0 16 7 24 10 26 16 34 31 13 31 42 6 44 36 13 23 16 12 26 36 13 13 43 46 37 10 39 18 37 20 44 38 40 8 22 31 16 10 23 20 27 2 26 6 41 33 39 33 26 26 26 10 34 16 32 10 26 9 31
36 15 14 34 49 50 31 14 44 11 35 37 16 25 19 5 10 10 19 10 8 16 0 22 20 13 10 1 32 16 10 27 36 12 43 26 17 9 17 24 12 33 28 29 42 41 39 12 37 26 40 24 39 40 39 24 24 30 31 22 8 11 11 14 32 10 43 17 28 28 12 10 28 18 34 7 32 22 35 8 22
31 37 25 45 37 40 40 8 34 19 39 29 31 29 32 25 29 23 41 13 22 7 22 0 24 13 32 22 33 37 16 31 42 13 39 39 11 29 14 6 31 35 6 7 39 46 32 13 38 13 32 15 44 33 35 2 17 27 9 4 29 24 33 8 21 12 36 39 42 33 32 32 21 7 29 21 27 4 20 16 34
18 28 7 20 33 33 15 20 27 9 15 22 12 5 12 15 14 10 29 22 12 24 20 24 0 13 24 19 12 21 11 7 18 25 25 19 13 16 10 23 15 13 28 30 22 22 21 13 17 19 24 15 20 23 21 26 13 12 29 21 17 9 23 21 21 19 25 28 20 10 17 20 15 17 16 13 14 21 26 24 12
26 27 12 33 37 38 28 7 31 7 28 25 19 18 20 13 17 11 29 11 10 10 13 13 13 0 22 12 24 25 4 20 31 14 34 27 4 17 6 13 19 26 18 19 33 35 28 1 29 13 28 12 33 29 30 15 13 21 20 11 17 12 22 8 20 7 32 28 30 23 20 20 17 6 24 9 22 11 22 13 22
42 5 17 35 56 57 33 24 50 17 37 44 17 28 20 9 10 14 9 20 13 26 10 32 24 22 0 10 34 9 18 29 38 21 49 23 25 8 25 34 11 35 38 39 45 43 45 21 39 34 47 32 41 47 45 34 32 36 41 32 6 14 1 24 40 20 49 7 26 30 9 4 36 27 40 13 38 32 43 17 23
35 15 13 34 48 49 31 14 43 10 34 37 16 24 19 5 9 9 19 10 7 16 1 22 19 12 10 0 31 15 10 26 35 12 42 25 16 8 17 24 11 32 28 29 41 40 38 11 36 25 40 24 38 40 38 24 24 29 31 22 7 10 11 14 32 10 42 17 28 27 11 10 28 17 33 6 31 22 34 8 22
12 38 18 16 27 26 11 31 22 21 6 18 19 7 17 27 24 22 37 34 24 34 32 33 12 24 34 31 0 29 23 5 10 37 16 21 22 26 19 29 24 3 34 36 11 13 16 25 5 23 19 19 11 18 12 35 17 7 34 30 28 21 33 32 21 31 18 37 21 7 26 30 16 26 11 25 10 30 26 36 15
40 10 14 27 54 54 25 29 48 18 30 43 10 23 13 12 8 14 8 25 15 31 16 37 21 25 9 15 29 0 21 24 30 27 45 15 28 8 26 38 6 28 43 44 40 35 42 24 32 36 45 33 33 44 41 39 32 33 45 36 8 13 8 29 40 25 46 8 18 23 5 6 35 31 37 16 35 36 45 23 15
26 23 8 30 38 39 26 10 33 3 26 27 15 16 16 9 13 7 25 11 6 13 10 16 11 4 18 10 23 21 0 18 29 14 34 23 7 13 7 17 15 24 22 23 33 33 29 3 28 16 30 14 31 30 30 18 14 21 24 15 13 8 19 11 22 8 33 24 26 21 16 16 18 10 24 5 22 15 25 13 18
17 32 13 13 32 31 8 27 26 16 8 21 14 2 12 22 19 17 32 29 19 31 27 31 7 20 29 26 5 24 18 0 11 32 21 17 19 21 16 29 19 6 34 36 16 15 20 20 10 23 23 19 13 22 17 33 17 10 34 27 23 16 28 28 24 26 23 32 17 3 21 25 18 23 15 20 13 27 29 31 10
22 40 22 6 37 35 5 38 32 26 4 28 21 13 18 31 28 26 38 40 28 42 36 42 18 31 38 35 10 30 29 11 0 43 23 17 30 30 27 39 27 7 44 46 17 5 26 31 7 33 29 29 3 28 20 44 27 17 44 38 32 25 37 39 31 37 27 38 15 8 29 34 26 34 21 29 20 38 36 41 15
40 26 22 44 48 50 40 8 44 17 40 38 27 30 30 17 21 18 30 3 16 6 12 13 25 14 21 12 37 27 14 32 43 0 48 36 17 20 20 18 23 38 19 19 47 47 41 13 42 23 41 24 45 42 44 14 26 35 22 15 19 19 22 6 31 7 45 28 39 35 23 22 30 14 38 15 36 15 32 4 31
8 53 32 29 15 13 25 40 10 32 19 11 35 22 33 40 39 35 53 45 36 44 43 39 25 34 49 42 16 45 34 21 23 48 0 37 31 41 28 33 40 18 37 39 6 24 8 35 16 26 9 24 22 8 4 41 22 13 35 35 42 34 48 42 19 41 5 53 36 23 42 45 18 34 10 36 12 35 22 47 31
33 25 15 12 48 47 12 33 43 20 18 38 10 17 7 21 16 18 23 33 20 36 26 39 19 27 23 25 21 15 23 17 17 36 37 0 30 17 28 40 14 19 45 46 31 20 37 26 21 38 40 34 20 39 33 41 32 27 47 38 19 17 22 34 40 31 39 23 3 14 15 20 34 33 31 21 30 38 45 33 7
23 30 15 33 33 34 28 9 27 10 28 21 22 17 23 16 20 14 32 14 13 13 17 11 13 4 25 16 22 28 7 19 30 17 31 30 0 20 3 10 22 24 15 16 30 34 24 5 27 9 24 8 32 25 27 13 9 18 17 8 20 15 26 11 16 10 28 31 32 22 23 23 13 4 21 12 19 8 18 16 24
34 12 9 27 49 49 25 21 43 11 29 38 9 20 12 4 2 7 14 18 7 23 9 29 16 17 8 8 26 8 13 21 30 20 41 17 20 0 19 30 3 27 35 36 37 35 37 16 31 29 40 26 33 39 37 31 26 28 37 28 2 7 8 21 34 17 41 12 20 22 3 5 30 23 32 8 30 28 38 16 15
20 30 13 29 31 32 24 12 25 8 24 19 20 14 21 16 18 12 32 17 12 16 17 14 10 6 25 17 19 26 7 16 27 20 28 28 3 19 0 13 20 21 18 19 27 31 22 7 24 10 22 7 29 23 24 16 7 15 19 11 20 13 26 14 15 13 26 31 29 19 21 23 11 7 18 12 16 11 19 19 21
26 39 25 42 31 34 37 10 28 20 36 23 32 27 33 26 30 24 42 16 23 12 24 6 23 13 34 24 29 38 17 29 39 18 33 40 10 30 13 0 32 32 5 7 34 42 26 14 34 7 26 10 40 27 30 8 12 22 7 2 30 25 35 11 15 14 30 41 42 32 33 33 15 7 23 22 22 2 14 19 34
33 14 8 24 48 48 22 23 42 12 26 37 6 18 9 7 2 8 14 21 9 26 12 31 15 19 11 11 24 6 15 19 27 23 40 14 22 3 20 32 0 24 37 38 35 32 36 18 28 30 39 27 30 38 36 33 26 27 39 30 5 7 10 24 34 20 40 13 17 19 2 7 29 25 31 10 29 30 39 19 12
15 38 19 13 30 29 8 33 25 22 3 21 18 8 16 28 25 23 36 35 25 36 33 35 13 26 35 32 3 28 24 6 7 38 18 19 24 27 21 32 24 0 37 39 12 10 19 26 4 26 22 22 8 21 14 37 20 10 37 32 29 22 34 34 24 32 21 36 19 5 26 31 19 28 14 26 13 32 29 37 14
31 43 30 47 34 37 42 14 31 25 41 26 37 32 38 31 35 29 47 19 28 13 28 6 28 18 38 28 34 43 22 34 44 19 37 45 15 35 18 5 37 37 0 2 39 47 29 19 39 12 29 15 45 30 35 6 17 27 3 7 35 30 39 14 18 18 33 45 47 37 38 38 20 12 28 27 27 7 17 22 39
33 44 31 49 36 39 44 15 33 26 43 28 38 34 39 32 36 30 48 19 29 13 29 7 30 19 39 29 36 44 23 36 46 19 39 46 16 36 19 7 38 39 2 0 41 49 31 20 41 14 31 17 47 32 37 5 19 29 5 8 36 31 40 15 20 19 35 46 48 38 39 39 22 13 30 28 29 8 19 22 40
9 49 29 23 21 19 19 39 16 31 13 14 30 18 28 37 35 32 48 44 34 43 42 39 22 33 45 41 11 40 33 16 17 47 6 31 30 37 27 34 35 12 39 41 0 18 11 34 10 27 14 24 16 13 5 41 21 12 38 35 39 31 44 41 22 40 11 48 30 17 37 41 18 33 10 35 11 35 26 46 26
24 45 27 8 39 37 10 43 34 31 7 30 26 17 23 36 33 31 43 45 33 46 41 46 22 35 43 40 13 35 33 15 5 47 24 20 34 35 31 42 32 10 47 49 18 0 28 35 9 36 31 32 2 30 22 47 30 20 47 42 37 30 42 43 34 41 29 43 17 13 34 39 29 38 23 34 23 42 39 46 20
4 50 29 32 11 11 27 33 6 28 22 3 33 20 32 36 36 31 51 38 32 37 39 32 21 28 45 38 16 42 29 20 26 41 8 37 24 37 22 26 36 19 29 31 11 28 0 29 19 19 3 17 26 2 6 34 15 10 27 28 38 30 44 35 11 34 4 49 37 22 38 41 11 27 5 32 7 28 15 40 30
27 26 11 33 38 39 28 7 32 6 28 26 18 18 19 12 16 10 28 10 9 10 12 13 13 1 21 11 25 24 3 20 31 13 35 26 5 16 7 14 18 26 19 20 34 35 29 0 30 14 29 13 33 30 31 15 14 22 21 12 16 11 21 8 21 6 33 27 29 23 19 19 18 7 25 8 23 12 23 12 21
15 42 23 13 30 28 9 36 25 26 3 21 22 12 20 32 29 27 40 39 29 39 37 38 17 29 39 36 5 32 28 10 7 42 16 21 27 31 24 34 28 4 39 41 10 9 19 30 0 28 22 24 7 21 13 40 22 12 39 35 33 26 38 37 26 36 20 40 20 9 30 35 21 31 14 30 14 35 31 41 18
18 39 23 37 25 27 32 15 21 18 30 16 30 22 31 25 28 22 41 21 22 18 26 13 19 13 34 25 23 36 16 23 33 23 26 38 9 29 10 7 30 26 12 14 27 36 19 14 28 0 19 4 34 20 22 15 6 16 11 9 29 23 35 17 8 18 23 40 39 26 31 32 8 9 16 21 15 9 9 24 31
7 52 31 35 8 9 30 33 3 30 25 3 36 23 35 38 38 34 53 38 34 37 40 32 24 28 47 40 19 45 30 23 29 41 9 40 24 40 22 26 39 22 29 31 14 31 3 29 22 19 0 17 29 1 9 34 15 13 27 28 41 33 47 35 11 34 4 52 40 25 41 44 11 27 8 34 10 28 13 40 33
16 37 19 32 25 26 27 16 20 15 25 14 26 17 27 23 25 19 39 22 19 20 24 15 15 12 32 24 19 33 14 19 29 24 24 34 8 26 7 10 27 22 15 17 24 32 17 13 24 4 17 0 30 18 20 17 2 12 15 11 27 20 33 18 8 18 21 38 35 22 28 30 6 10 14 19 12 11 12 24 27
22 43 25 8 37 35 8 40 32 29 5 28 24 15 21 34 31 29 41 42 31 44 39 44 20 33 41 38 11 33 31 13 3 45 22 20 32 33 29 40 30 8 45 47 16 2 26 33 7 34 29 30 0 28 20 45 28 18 45 40 35 28 40 41 32 39 27 41 17 11 32 37 27 36 21 32 21 40 37 44 18
6 52 31 34 9 9 29 34 4 30 24 4 35 22 34 38 38 33 53 39 34 38 40 33 23 29 47 40 18 44 30 22 28 42 8 39 25 39 23 27 38 21 30 32 13 30 2 30 21 20 1 18 28 0 8 35 16 12 28 29 40 32 46 36 12 35 3 51 39 24 40 43 12 28 7 34 9 29 14 41 32
4 49 28 26 17 15 22 36 12 28 16 9 31 18 29 36 35 31 49 41 32 40 39 35 21 30 45 38 12 41 30 17 20 44 4 33 27 37 24 30 36 14 35 37 5 22 6 31 13 22 9 20 20 8 0 37 18 9 33 31 38 30 44 38 17 37 7 49 33 19 38 41 14 30 6 32 8 31 21 43 27
33 39 27 47 39 42 42 10 36 21 41 31 33 31 34 27 31 25 43 14 24 8 24 2 26 15 34 24 35 39 18 33 44 14 41 41 13 31 16 8 33 37 6 5 41 47 34 15 40 15 34 17 45 35 37 0 19 29 9 6 31 26 35 10 23 14 38 41 44 35 34 34 23 9 31 23 29 6 22 17 36
14 37 18 30 24 25 25 18 18 15 23 12 24 15 25 23 24 19 39 23 19 22 24 17 13 13 32 24 17 32 14 17 27 26 22 32 9 26 7 12 26 20 17 19 21 30 15 14 22 6 15 2 28 16 18 19 0 10 17 13 27 19 33 20 8 19 19 38 33 20 27 30 4 12 12 19 10 13 13 25 25
7 40 19 23 21 21 18 27 16 19 13 11 23 10 22 27 26 22 41 32 23 31 30 27 12 21 36 29 7 33 21 10 17 35 13 27 18 28 15 22 27 10 27 29 12 20 10 22 12 16 13 12 18 12 9 29 10 0 27 23 29 21 35 29 14 28 14 40 27 13 29 32 9 22 5 23 3 23 19 34 20
29 46 32 47 31 34 42 17 28 27 40 24 39 32 40 33 37 31 49 22 30 16 31 9 29 20 41 31 34 45 24 34 44 22 35 47 17 37 19 7 39 37 3 5 38 47 27 21 39 11 27 15 45 28 33 9 17 27 0 9 37 32 42 17 16 21 31 48 48 37 40 40 19 14 27 29 26 9 14 25 40
27 37 23 41 33 36 36 8 30 18 36 25 30 25 31 24 28 22 40 14 21 10 22 4 21 11 32 22 30 36 15 27 38 15 35 38 8 28 11 2 30 32 7 8 35 42 28 12 35 9 28 11 40 29 31 6 13 23 9 0 28 23 33 9 17 12 32 39 40 30 31 31 17 5 25 20 23 0 16 17 32
36 10 11 29 50 51 27 21 45 12 31 39 11 22 14 4 4 8 12 17 8 23 8 29 17 17 6 7 28 8 13 23 32 19 42 19 20 2 20 30 5 29 35 36 39 37 38 16 33 29 41 27 35 40 38 31 27 29 37 28 0 8 6 21 35 17 42 11 22 24 4 3 31 23 33 8 31 28 38 15 17
27 18 3 24 41 42 21 17 36 5 24 31 8 14 10 6 5 1 20 16 3 20 11 24 9 12 14 10 21 13 8 16 25 19 34 17 15 7 13 25 7 22 30 31 31 30 30 11 26 23 33 20 28 32 30 26 19 21 32 23 8 0 14 18 27 14 34 19 20 17 8 11 23 18 25 4 23 23 32 16 12
42 5 16 34 56 56 32 25 50 18 36 45 16 27 19 10 9 14 8 21 14 27 11 33 23 22 1 11 33 8 19 28 37 22 48 22 26 8 26 35 10 34 39 40 44 42 44 21 38 35 47 33 40 46 44 35 33 35 42 33 6 14 0 25 41 21 48 6 25 29 8 3 37 28 39 14 37 33 44 18 22
34 29 19 41 42 44 36 2 38 14 36 32 26 26 27 17 22 17 33 5 15 2 14 8 21 8 24 14 32 29 11 28 39 6 42 34 11 21 14 11 24 34 14 15 41 43 35 8 37 17 35 18 41 36 38 10 20 29 17 9 21 18 25 0 25 4 39 31 37 31 24 24 24 8 32 14 30 9 25 8 29
13 45 26 37 17 19 32 23 13 23 27 8 32 23 33 31 32 27 47 29 27 26 32 21 21 20 40 32 21 40 22 24 31 31 19 40 16 34 15 15 34 24 18 20 22 34 11 21 26 8 11 8 32 12 17 23 8 14 16 17 35 27 41 25 0 26 15 46 41 27 35 38 6 17 12 27 12 17 5 32 33
33 25 16 38 43 44 34 4 37 11 34 31 22 24 24 13 18 13 29 4 11 6 10 12 19 7 20 10 31 25 8 26 37 7 41 31 10 17 13 14 20 32 18 19 40 41 34 6 36 18 34 18 39 35 37 14 19 28 21 12 17 14 21 4 26 0 38 27 34 29 20 20 23 9 31 10 29 12 27 6 26
7 53 33 33 10 8 29 37 5 32 23 7 37 24 35 40 40 35 55 42 36 41 43 36 25 32 49 42 18 46 33 23 27 45 5 39 28 41 26 30 40 21 33 35 11 29 4 33 20 23 4 21 27 3 7 38 19 14 31 32 42 34 48 39 15 38 0 53 39 25 42 45 15 31 9 36 11 32 17 44 33
46 2 21 35 60 61 33 31 55 23 38 50 18 31 21 15 14 19 2 27 19 33 17 39 28 28 7 17 37 8 24 32 38 28 53 23 31 12 31 41 13 36 45 46 48 43 49 27 40 40 52 38 41 51 49 41 38 40 48 39 11 19 6 31 46 27 53 0 26 31 11 8 42 34 44 19 42 39 49 24 23
33 28 18 9 48 47 11 36 43 23 17 38 12 18 10 23 19 21 26 36 23 39 28 42 20 30 26 28 21 18 26 17 15 39 36 3 32 20 29 42 17 19 47 48 30 17 37 29 20 39 40 35 17 39 33 44 33 27 48 40 22 20 25 37 41 34 39 26 0 14 18 23 35 36 31 24 30 40 46 36 8
19 32 14 10 34 33 5 30 29 18 7 24 13 5 11 23 20 18 31 32 20 33 28 33 10 23 30 27 7 23 21 3 8 35 23 14 22 22 19 32 19 5 37 38 17 13 22 23 9 26 25 22 11 24 19 35 20 13 37 30 24 17 29 31 27 29 25 31 14 0 21 26 21 26 17 21 16 30 32 33 9
35 12 10 26 49 50 24 24 44 13 28 39 8 20 11 7 3 9 12 21 10 26 12 32 17 20 9 11 26 5 16 21 29 23 42 15 23 3 21 33 2 26 38 39 37 34 38 19 30 31 41 28 32 40 38 34 27 29 40 31 4 8 8 24 35 20 42 11 18 21 0 5 31 26 33 11 31 31 40 19 14
39 7 13 31 53 53 29 24 47 15 33 42 13 24 16 7 6 11 9 20 11 26 10 32 20 20 4 10 30 6 16 25 34 22 45 20 23 5 23 33 7 31 38 39 41 39 41 19 35 32 44 30 37 43 41 34 30 32 40 31 3 11 3 24 38 20 45 8 23 26 5 0 34 26 36 11 34 31 41 18 19
10 41 21 31 19 20 26 22 14 19 22 8 27 17 27 27 28 23 43 27 23 26 28 21 15 17 36 28 16 35 18 18 26 30 18 34 13 30 11 15 29 19 20 22 18 29 11 18 21 8 11 6 27 12 14 23 4 9 19 17 31 23 37 24 6 23 15 42 35 21 31 34 0 16 8 23 7 17 11 29 27
26 32 18 36 34 36 31 6 30 13 31 24 25 21 26 19 23 17 35 12 16 10 18 7 17 6 27 17 26 31 10 23 34 14 34 33 4 23 7 7 25 28 12 13 33 38 27 7 31 9 27 10 36 28 30 9 12 22 14 5 23 18 28 8 17 9 31 34 36 26 26 26 16 0 24 15 22 5 18 15 28
2 44 24 27 16 16 22 30 11 23 17 7 28 15 27 31 31 26 46 35 27 34 34 29 16 24 40 33 11 37 24 15 21 38 10 31 21 32 18 23 31 14 28 30 10 23 5 25 14 16 8 14 21 7 6 31 12 5 27 25 33 25 39 32 12 31 9 44 31 17 33 36 8 24 0 27 2 25 17 37 25
29 18 7 29 43 44 25 13 37 4 28 31 12 18 14 4 8 3 20 12 1 16 7 21 13 9 13 6 25 16 5 20 29 15 36 21 12 8 12 22 10 26 27 28 35 34 32 8 30 21 34 19 32 34 32 23 19 23 29 20 8 4 14 14 27 10 36 19 24 21 11 11 23 15 27 0 25 20 30 12 16
4 42 21 26 18 18 21 28 13 21 16 8 26 13 25 29 28 24 43 33 25 32 32 27 14 22 38 31 10 35 22 13 20 36 12 30 19 30 16 22 29 13 27 29 11 23 7 23 14 15 10 12 21 9 8 29 10 3 26 23 31 23 37 30 12 29 11 42 30 16 31 34 7 22 2 25 0 23 17 35 23
27 37 23 41 33 36 36 8 30 18 36 25 30 25 31 24 28 22 40 14 21 10 22 4 21 11 32 22 30 36 15 27 38 15 35 38 8 28 11 2 30 32 7 8 35 42 28 12 35 9 28 11 40 29 31 6 13 23 9 0 28 23 33 9 17 12 32 39 40 30 31 31 17 5 25 20 23 0 16 17 32
17 48 31 42 17 20 37 24 14 27 32 12 37 28 38 34 37 31 50 30 31 26 35 20 26 22 43 34 26 45 25 29 36 32 22 45 18 38 19 14 39 29 17 19 26 39 15 23 31 9 13 12 37 14 21 22 13 19 14 16 38 32 44 25 5 27 17 49 46 32 40 41 11 18 17 30 17 16 0 33 38
39 22 19 41 49 50 37 9 43 15 39 37 24 29 26 13 17 15 26 3 13 9 8 16 24 13 17 8 36 23 13 31 41 4 47 33 16 16 19 19 19 37 22 22 46 46 40 12 41 24 40 24 44 41 43 17 25 34 25 17 15 16 18 8 32 6 44 24 36 33 19 18 29 15 37 12 35 17 33 0 28
27 25 10 12 41 41 10 28 36 15 15 31 6 10 3 17 13 13 23 28 15 31 22 34 12 22 23 22 15 15 18 10 15 31 31 7 24 15 21 34 12 14 39 40 26 20 30 21 18 31 33 27 18 32 27 36 25 20 40 32 17 12 22 29 33 26 33 23 8 9 14 19 27 28 25 16 23 32 38 28 0
0         798      
309       424      
53        157      
0         121      
181       311      
594       712      
4         109      
406       530      
0         74       
67        169      
0         118      
0         72       
278       397      
41        151      
251       379      
345       470      
287       400      
55        159      
301       431      
376       491      
51        164      
406       533      
391       516      
425       544      
43        148      
70        200      
299       415      
348       457      
223       331      
522       645      
59        181      
232       352      
484       599      
413       544      
0         78       
254       390      
74        194      
294       414      
362       476      
78        207      
287       393      
0         107      
98        223      
121       231      
0         87       
12        128      
0         59       
362       486      
0         107      
124       262      
0         77       
164       268      
14        137      
200       327      
470       579      
115       237      
138       254      
206       333      
100       219      
116       228      
336       444      
44        176      
306       427      
549       656      
143       261      
385       491      
0         84       
315       432      
638       764      
25        146      
290       407      
284       416      
135       259      
80        200      
205       324      
52        184      
226       354      
90        204      
168       287      
380       503      
633       756      
