81
0 45 20 34 34 40 17 19 8 36 38 12 30 28 52 13 65 40 10 33 30 8 26 21 45 60 40 27 34 35 59 16 15 14 37 32 35 43 35 42 32 30 27 33 37 33 37 18 28 2 50 44 13 43 49 38 31 37 29 36 37 13 28 61 28 27 10 56 46 51 54 48 12 27 45 28 34 8 50 36 60
45 0 44 34 37 5 34 25 38 19 40 43 19 39 20 34 32 5 39 12 18 36 19 23 5 31 17 37 15 43 22 44 43 32 9 43 24 27 9 43 13 16 40 40 15 38 7 27 20 42 6 25 32 17 11 21 25 16 37 29 31 32 38 30 41 19 34 27 42 12 16 16 41 28 9 16 10 43 21 22 25
20 44 0 17 16 40 10 22 13 27 19 8 25 10 42 25 53 39 10 35 26 18 30 22 43 48 44 9 29 15 50 4 5 24 38 12 24 31 35 23 34 28 8 14 40 15 37 19 33 19 48 32 22 46 45 27 20 41 11 22 21 16 10 49 8 25 19 44 28 47 47 39 8 16 46 28 34 12 39 25 50
34 34 17 0 3 32 17 25 26 15 6 24 17 8 27 35 36 30 24 31 18 31 30 23 31 30 42 8 19 9 35 21 21 34 33 10 10 14 28 9 31 20 10 6 38 4 29 24 34 32 36 16 31 44 32 14 9 38 6 6 4 25 8 32 11 21 30 27 13 34 34 26 23 8 40 23 26 27 24 12 35
34 37 16 3 0 35 18 27 27 18 4 23 20 6 30 36 39 33 24 34 21 32 32 25 34 33 45 7 22 6 38 19 19 35 36 7 13 17 31 8 34 23 8 3 41 1 32 25 36 33 39 19 32 47 35 17 12 41 5 9 7 26 6 35 8 23 31 30 12 37 37 29 22 10 43 26 29 26 27 15 38
40 5 40 32 35 0 30 21 34 18 38 39 15 36 23 29 35 3 35 7 14 32 14 19 8 34 14 34 13 41 25 40 39 27 4 40 23 27 5 41 8 12 37 37 11 36 3 23 15 38 11 25 27 14 14 20 23 12 34 28 30 28 35 33 38 15 30 30 41 16 19 19 37 25 8 12 6 39 24 21 28
17 34 10 17 18 30 0 11 9 19 22 9 15 12 35 18 48 29 7 25 16 14 19 12 33 43 34 11 19 19 43 10 9 17 28 17 18 26 25 26 24 18 12 17 30 17 27 9 23 15 38 27 14 36 36 21 14 30 13 18 20 8 12 43 13 15 13 38 30 38 39 32 8 10 36 18 24 11 33 19 44
19 25 22 25 27 21 11 0 13 19 31 18 11 23 33 10 46 20 14 15 11 11 8 2 26 43 23 22 15 30 40 20 19 9 19 28 21 29 16 34 14 11 23 27 19 26 18 2 12 17 30 28 7 25 30 21 18 19 23 25 27 7 23 43 24 8 9 38 38 32 35 29 16 17 27 9 15 18 32 21 41
8 38 13 26 27 34 9 13 0 28 31 7 22 21 44 11 57 33 3 28 22 5 21 15 38 52 35 20 26 28 51 10 8 11 32 25 27 35 29 35 27 23 20 26 32 26 31 11 23 6 43 36 9 38 42 30 23 32 22 27 29 6 21 52 21 20 6 47 39 44 47 40 5 19 40 22 28 5 42 28 52
36 19 27 15 18 18 19 19 28 0 21 28 7 21 16 29 28 15 26 18 8 29 21 16 16 24 29 20 5 24 23 28 28 28 20 24 5 11 15 23 19 9 23 21 25 19 15 19 25 34 21 10 26 31 18 3 7 26 19 10 12 23 21 24 24 11 27 20 23 20 20 13 27 11 26 13 12 30 14 3 25
38 40 19 6 4 38 22 31 31 21 0 26 23 10 31 40 38 36 28 37 24 36 36 29 37 33 48 11 25 5 39 23 23 39 39 8 16 18 34 4 37 26 11 5 44 5 35 29 40 37 42 20 36 50 37 19 15 44 9 10 8 30 10 34 11 27 35 30 9 38 38 30 26 14 46 29 32 30 28 17 39
12 43 8 24 23 39 9 18 7 28 26 0 24 16 44 18 56 38 4 33 25 12 26 20 42 52 41 16 28 23 51 4 3 18 37 20 27 35 34 30 32 27 15 21 37 21 36 16 29 11 47 36 16 43 45 30 23 37 18 27 28 11 16 52 16 24 13 47 34 47 48 41 2 19 45 27 33 4 42 28 53
30 19 25 17 20 15 15 11 22 7 23 24 0 20 22 21 35 14 21 13 1 22 14 9 18 31 24 19 4 25 29 25 24 20 15 24 10 18 11 26 13 3 22 22 20 20 12 12 18 28 23 17 18 26 21 10 8 20 18 15 17 17 20 31 23 4 20 27 28 23 25 18 23 10 23 6 9 25 21 10 30
28 39 10 8 6 36 12 23 21 21 10 16 20 0 34 30 44 34 18 33 21 26 30 23 37 38 44 1 23 7 42 13 13 29 35 5 17 21 31 14 33 23 2 5 40 5 32 21 34 27 42 23 26 46 39 21 14 40 2 13 12 20 0 39 3 22 25 34 18 41 41 33 16 10 43 25 29 20 31 19 42
52 20 42 27 30 23 35 33 44 16 31 44 22 34 0 43 13 20 42 28 22 44 33 31 15 11 37 34 18 36 8 43 43 42 27 37 18 13 23 31 29 22 36 33 34 31 22 34 35 50 16 11 40 37 10 14 21 35 32 21 23 39 34 10 37 25 42 7 27 10 8 4 43 25 29 25 21 46 3 16 9
13 34 25 35 36 29 18 10 11 29 40 18 21 30 43 0 56 30 14 21 21 6 14 12 36 52 27 29 25 37 50 21 19 1 25 35 31 39 25 44 20 21 30 35 24 35 27 11 15 11 40 38 4 30 40 31 28 24 31 35 37 10 30 52 31 18 5 48 48 42 45 39 16 27 33 19 25 16 42 31 51
65 32 53 36 39 35 48 46 57 28 38 56 35 44 13 56 0 32 54 41 35 57 46 44 27 6 49 44 31 43 10 56 55 55 39 46 30 22 36 38 42 35 46 42 46 40 34 47 48 62 27 21 53 49 21 26 33 47 42 30 32 51 43 4 46 38 55 9 33 20 16 17 55 37 41 38 34 58 14 28 7
40 5 39 30 33 3 29 20 33 15 36 38 14 34 20 30 32 0 34 8 13 31 15 18 6 31 17 33 11 39 23 39 38 28 7 38 20 24 4 38 9 11 36 35 14 34 2 22 16 37 10 22 27 17 12 17 21 15 32 25 27 27 34 30 37 14 29 27 38 14 17 16 36 24 11 11 5 38 21 18 26
10 39 10 24 24 35 7 14 3 26 28 4 21 18 42 14 54 34 0 29 22 8 22 16 38 50 37 17 25 25 49 7 5 14 33 22 25 33 30 32 28 23 17 23 33 23 32 12 25 9 43 34 12 39 42 28 21 33 19 25 27 7 18 50 18 20 9 45 36 44 46 39 2 17 41 23 29 4 40 26 51
33 12 35 31 34 7 25 15 28 18 37 33 13 33 28 21 41 8 29 0 12 25 7 13 14 39 11 32 13 38 31 34 33 20 4 37 23 29 5 39 1 10 34 35 7 33 6 17 8 31 18 28 20 13 20 21 21 8 31 28 30 22 33 38 35 10 23 35 41 22 25 24 31 23 12 7 7 33 29 21 34
30 18 26 18 21 14 16 11 22 8 24 25 1 21 22 21 35 13 22 12 0 22 13 9 17 31 23 20 4 26 29 26 25 20 14 25 11 19 10 27 12 2 23 23 19 21 11 12 17 28 22 18 18 25 21 11 9 19 19 16 18 17 21 31 24 3 20 27 29 23 25 18 23 11 22 5 8 26 21 11 30
8 36 18 31 32 32 14 11 5 29 36 12 22 26 44 6 57 31 8 25 22 0 18 13 37 53 32 25 26 33 51 15 13 6 29 30 29 37 27 40 24 22 25 31 29 31 29 10 20 6 41 38 5 35 41 31 25 29 27 31 33 6 26 53 26 19 2 49 44 43 46 40 10 23 37 20 26 10 43 30 52
26 19 30 30 32 14 19 8 21 21 36 26 14 30 33 14 46 15 22 7 13 18 0 7 21 43 14 29 16 37 38 28 27 13 11 35 24 32 11 39 6 12 31 33 11 32 13 10 4 24 25 31 13 17 27 24 22 11 30 28 30 15 30 43 32 10 16 39 41 29 32 29 24 22 19 8 12 26 33 24 41
21 23 22 23 25 19 12 2 15 16 29 20 9 23 31 12 44 18 16 13 9 13 7 0 23 40 21 22 13 29 38 21 20 11 17 28 19 27 14 32 12 9 24 26 18 25 16 4 11 19 28 26 9 24 28 19 16 18 23 23 25 9 23 40 25 6 11 36 36 30 33 27 18 15 25 7 13 20 30 19 39
45 5 43 31 34 8 33 26 38 16 37 42 18 37 15 36 27 6 38 14 17 37 21 23 0 26 22 36 14 40 17 43 42 34 12 40 21 22 10 39 15 15 39 37 19 35 8 27 22 42 5 20 32 22 6 17 23 20 35 25 27 32 37 25 40 18 34 22 37 8 11 11 40 27 14 16 10 42 16 19 20
60 31 48 30 33 34 43 43 52 24 33 52 31 38 11 52 6 31 50 39 31 53 43 40 26 0 48 38 27 38 11 51 50 51 38 40 25 17 34 32 40 31 40 36 45 34 33 43 46 58 26 16 49 48 20 22 29 46 36 25 26 47 38 2 41 34 51 4 27 19 16 15 51 33 40 35 32 54 10 23 9
40 17 44 42 45 14 34 23 35 29 48 41 24 44 37 27 49 17 37 11 23 32 14 21 22 48 0 43 24 49 39 42 41 26 10 48 34 40 15 50 10 21 45 46 4 44 15 24 12 38 23 38 27 3 28 32 32 3 42 39 41 29 44 47 46 21 30 44 52 29 33 33 38 34 9 17 17 40 38 32 42
27 37 9 8 7 34 11 22 20 20 11 16 19 1 34 29 44 33 17 32 20 25 29 22 36 38 43 0 22 8 42 13 13 28 34 6 16 21 30 15 32 22 3 6 39 6 31 20 33 26 41 23 25 45 38 20 13 39 2 13 12 19 1 39 4 21 24 34 19 40 40 32 15 9 42 24 28 19 31 18 42
34 15 29 19 22 13 19 15 26 5 25 28 4 23 18 25 31 11 25 13 4 26 16 13 14 27 24 22 0 28 24 29 28 24 14 27 10 16 9 28 14 4 25 24 20 23 10 16 20 32 19 15 22 25 17 8 10 21 21 15 17 21 23 27 26 7 24 23 28 19 21 14 27 13 21 8 7 29 17 8 26
35 43 15 9 6 41 19 30 28 24 5 23 25 7 36 37 43 39 25 38 26 33 37 29 40 38 49 8 28 0 44 19 20 36 40 3 19 23 36 8 38 28 8 3 45 5 37 28 40 34 45 25 33 51 41 23 17 45 7 15 13 27 7 39 7 28 32 35 14 43 43 35 23 15 48 31 34 27 33 21 44
59 22 50 35 38 25 43 40 51 23 39 51 29 42 8 50 10 23 49 31 29 51 38 38 17 11 39 42 24 44 0 51 51 48 29 45 26 21 27 39 32 28 44 41 36 39 25 40 39 56 17 19 46 39 11 22 29 37 40 29 31 45 42 9 45 31 48 10 34 10 6 10 50 33 31 31 26 53 11 24 3
16 44 4 21 19 40 10 20 10 28 23 4 25 13 43 21 56 39 7 34 26 15 28 21 43 51 42 13 29 19 51 0 1 21 38 16 26 33 35 26 33 28 11 17 39 18 37 18 32 15 48 35 19 45 46 29 22 39 15 25 25 14 13 51 12 25 16 46 31 48 48 41 4 18 46 28 34 8 41 27 52
15 43 5 21 19 39 9 19 8 28 23 3 24 13 43 19 55 38 5 33 25 13 27 20 42 50 41 13 28 20 51 1 0 19 37 17 25 33 34 27 32 27 12 18 38 18 36 17 30 14 47 34 17 44 45 28 21 38 15 25 25 12 13 51 13 24 14 46 31 47 48 40 3 18 45 27 33 7 40 26 51
14 32 24 34 35 27 17 9 11 28 39 18 20 29 42 1 55 28 14 20 20 6 13 11 34 51 26 28 24 36 48 21 19 0 24 34 30 38 24 43 19 20 29 34 23 34 26 10 14 12 38 37 3 29 39 30 27 23 30 34 36 9 29 51 30 17 5 47 47 41 44 38 16 26 32 18 24 16 41 30 50
37 9 38 33 36 4 28 19 32 20 39 37 15 35 27 25 39 7 33 4 14 29 11 17 12 38 10 34 14 40 29 38 37 24 0 39 24 30 5 41 5 12 37 37 7 35 5 21 12 35 15 28 24 11 18 22 23 8 33 29 31 26 35 37 38 13 27 34 42 20 23 23 35 25 8 10 7 37 28 22 32
32 43 12 10 7 40 17 28 25 24 8 20 24 5 37 35 46 38 22 37 25 30 35 28 40 40 48 6 27 3 45 16 17 34 39 0 20 24 35 11 37 27 5 4 44 6 36 26 39 31 45 26 31 50 42 24 17 44 5 16 14 25 5 42 4 27 30 37 17 44 44 36 20 13 47 29 33 24 34 22 45
35 24 24 10 13 23 18 21 27 5 16 27 10 17 18 31 30 20 25 23 11 29 24 19 21 25 34 16 10 19 26 26 25 30 24 20 0 8 19 18 23 13 19 16 30 14 20 20 28 33 26 9 27 35 22 4 4 30 15 5 7 23 17 26 20 14 28 21 18 24 24 16 26 8 31 16 17 29 16 2 27
43 27 31 14 17 27 26 29 35 11 18 35 18 21 13 39 22 24 33 29 19 37 32 27 22 17 40 21 16 23 21 33 33 38 30 24 8 0 25 18 30 20 23 20 36 18 25 28 36 41 26 2 35 41 20 8 12 37 19 8 10 31 21 18 24 22 36 13 15 21 20 12 34 16 35 24 23 37 10 8 21
35 9 35 28 31 5 25 16 29 15 34 34 11 31 23 25 36 4 30 5 10 27 11 14 10 34 15 30 9 36 27 35 34 24 5 35 19 25 0 37 6 8 33 33 11 31 2 18 13 33 14 23 23 16 16 17 19 12 29 24 26 23 31 33 34 10 25 30 37 18 21 19 32 21 12 7 2 34 24 17 30
42 43 23 9 8 41 26 34 35 23 4 30 26 14 31 44 38 38 32 39 27 40 39 32 39 32 50 15 28 8 39 26 27 43 41 11 18 18 37 0 39 29 15 9 46 9 38 33 43 41 44 20 40 52 38 21 18 46 13 12 10 34 14 34 15 30 39 30 6 39 38 30 30 17 49 32 35 34 28 19 39
32 13 34 31 34 8 24 14 27 19 37 32 13 33 29 20 42 9 28 1 12 24 6 12 15 40 10 32 14 38 32 33 32 19 5 37 23 30 6 39 0 11 34 35 7 33 7 16 7 30 19 29 19 13 21 22 21 7 31 28 30 21 33 39 35 10 22 36 41 23 26 25 30 23 13 7 8 32 30 22 35
30 16 28 20 23 12 18 11 23 9 26 27 3 23 22 21 35 11 23 10 2 22 12 9 15 31 21 22 4 28 28 28 27 20 12 27 13 20 8 29 11 0 25 25 17 23 9 13 16 28 20 19 18 23 19 12 11 18 21 18 20 17 23 31 26 3 20 27 31 21 24 18 25 13 20 4 6 27 21 12 30
27 40 8 10 8 37 12 23 20 23 11 15 22 2 36 30 46 36 17 34 23 25 31 24 39 40 45 3 25 8 44 11 12 29 37 5 19 23 33 15 34 25 0 6 41 7 34 21 35 26 44 25 26 47 41 23 16 41 4 15 14 20 2 41 1 24 25 36 20 43 43 35 15 12 45 27 31 19 33 21 44
33 40 14 6 3 37 17 27 26 21 5 21 22 5 33 35 42 35 23 35 23 31 33 26 37 36 46 6 24 3 41 17 18 34 37 4 16 20 33 9 35 25 6 0 42 2 34 25 37 32 42 22 31 48 38 20 14 42 4 12 10 25 5 38 6 25 30 33 14 40 40 32 21 12 45 28 31 25 30 18 41
37 15 40 38 41 11 30 19 32 25 44 37 20 40 34 24 46 14 33 7 19 29 11 18 19 45 4 39 20 45 36 39 38 23 7 44 30 36 11 46 7 17 41 42 0 40 12 21 9 35 21 34 24 6 25 28 28 1 38 35 37 26 40 44 42 17 27 41 48 27 30 30 35 30 9 14 13 37 35 28 39
33 38 15 4 1 36 17 26 26 19 5 21 20 5 31 35 40 34 23 33 21 31 32 25 35 34 44 6 23 5 39 18 18 34 35 6 14 18 31 9 33 23 7 2 40 0 32 25 36 32 40 20 31 46 36 18 13 40 4 10 8 25 5 36 7 23 30 31 13 38 38 30 21 10 43 26 29 25 28 16 39
37 7 37 29 32 3 27 18 31 15 35 36 12 32 22 27 34 2 32 6 11 29 13 16 8 33 15 31 10 37 25 37 36 26 5 36 20 25 2 38 7 9 34 34 12 32 0 20 14 35 12 23 25 16 14 18 20 13 30 25 27 25 32 32 35 12 27 29 38 16 19 18 34 22 11 9 3 36 23 18 28
18 27 19 24 25 23 9 2 11 19 29 16 12 21 34 11 47 22 12 17 12 10 10 4 27 43 24 20 16 28 40 18 17 10 21 26 20 28 18 33 16 13 21 25 21 25 20 0 14 16 32 29 7 27 32 22 17 21 21 24 26 5 21 43 22 10 8 39 37 34 37 30 14 16 29 11 17 16 33 21 42
28 20 33 34 36 15 23 12 23 25 40 29 18 34 35 15 48 16 25 8 17 20 4 11 22 46 12 33 20 40 39 32 30 14 12 39 28 36 13 43 7 16 35 37 9 36 14 14 0 26 26 35 15 15 28 28 26 9 34 32 34 18 34 45 36 14 18 42 45 30 33 31 27 26 18 12 14 28 36 28 42
2 42 19 32 33 38 15 17 6 34 37 11 28 27 50 11 62 37 9 31 28 6 24 19 42 58 38 26 32 34 56 15 14 12 35 31 33 41 33 41 30 28 26 32 35 32 35 16 26 0 47 42 11 41 47 36 29 35 28 33 35 11 27 58 27 25 8 53 45 49 52 46 11 25 43 26 32 7 48 34 58
50 6 48 36 39 11 38 30 43 21 42 47 23 42 16 40 27 10 43 18 22 41 25 28 5 26 23 41 19 45 17 48 47 38 15 45 26 26 14 44 19 20 44 42 21 40 12 32 26 47 0 24 37 22 6 22 28 22 40 30 32 37 42 25 45 23 39 23 41 7 11 13 45 32 14 21 15 47 18 24 20
44 25 32 16 19 25 27 28 36 10 20 36 17 23 11 38 21 22 34 28 18 38 31 26 20 16 38 23 15 25 19 35 34 37 28 26 9 2 23 20 29 19 25 22 34 20 23 29 35 42 24 0 35 39 17 7 13 35 21 10 12 32 23 17 26 21 37 12 17 18 18 10 35 17 33 23 21 38 8 8 19
13 32 22 31 32 27 14 7 9 26 36 16 18 26 40 4 53 27 12 20 18 5 13 9 32 49 27 25 22 33 46 19 17 3 24 31 27 35 23 40 19 18 26 31 24 31 25 7 15 11 37 35 0 30 37 28 24 24 27 31 33 6 26 49 27 15 3 45 44 39 42 36 14 23 32 16 22 14 39 28 48
43 17 46 44 47 14 36 25 38 31 50 43 26 46 37 30 49 17 39 13 25 35 17 24 22 48 3 45 25 51 39 45 44 29 11 50 35 41 16 52 13 23 47 48 6 46 16 27 15 41 22 39 30 0 28 33 34 6 44 40 42 32 46 47 48 23 33 44 53 29 33 33 41 36 8 20 18 43 38 33 42
49 11 45 32 35 14 36 30 42 18 37 45 21 39 10 40 21 12 42 20 21 41 27 28 6 20 28 38 17 41 11 46 45 39 18 42 22 20 16 38 21 19 41 38 25 36 14 32 28 47 6 17 37 28 0 18 25 26 37 26 28 36 39 19 42 22 39 17 34 2 5 7 44 29 20 22 16 46 12 20 14
38 21 27 14 17 20 21 21 30 3 19 30 10 21 14 31 26 17 28 21 11 31 24 19 17 22 32 20 8 23 22 29 28 30 22 24 4 8 17 21 22 12 23 20 28 18 18 22 28 36 22 7 28 33 18 0 7 29 19 8 10 25 21 22 24 14 30 18 21 20 20 12 29 11 28 16 15 32 12 2 23
31 25 20 9 12 23 14 18 23 7 15 23 8 14 21 28 33 21 21 21 9 25 22 16 23 29 32 13 10 17 29 22 21 27 23 17 4 12 19 18 21 11 16 14 28 13 20 17 26 29 28 13 24 34 25 7 0 28 12 7 9 19 14 29 17 12 24 24 20 27 27 19 22 4 31 14 17 25 19 5 30
37 16 41 38 41 12 30 19 32 26 44 37 20 40 35 24 47 15 33 8 19 29 11 18 20 46 3 39 21 45 37 39 38 23 8 44 30 37 12 46 7 18 41 42 1 40 13 21 9 35 22 35 24 6 26 29 28 0 38 35 37 26 40 45 42 17 27 42 48 28 31 31 35 30 10 14 14 37 36 29 40
29 37 11 6 5 34 13 23 22 19 9 18 18 2 32 31 42 32 19 31 19 27 30 23 35 36 42 2 21 7 40 15 15 30 33 5 15 19 29 13 31 21 4 4 38 4 30 21 34 28 40 21 27 44 37 19 12 38 0 11 10 21 2 37 5 21 26 32 17 39 39 31 17 8 41 24 27 21 29 17 40
36 29 22 6 9 28 18 25 27 10 10 27 15 13 21 35 30 25 25 28 16 31 28 23 25 25 39 13 15 15 29 25 25 34 29 16 5 8 24 12 28 18 15 12 35 10 25 24 32 33 30 10 31 40 26 8 7 35 11 0 2 25 13 26 16 18 30 21 13 28 28 20 26 8 36 21 22 29 18 7 29
37 31 21 4 7 30 20 27 29 12 8 28 17 12 23 37 32 27 27 30 18 33 30 25 27 26 41 12 17 13 31 25 25 36 31 14 7 10 26 10 30 20 14 10 37 8 27 26 34 35 32 12 33 42 28 10 9 37 10 2 0 27 12 28 15 20 32 23 11 30 30 22 26 10 38 23 24 30 20 9 31
13 32 16 25 26 28 8 7 6 23 30 11 17 20 39 10 51 27 7 22 17 6 15 9 32 47 29 19 21 27 45 14 12 9 26 25 23 31 23 34 21 17 20 25 26 25 25 5 18 11 37 32 6 32 36 25 19 26 21 25 27 0 20 47 21 14 5 43 38 38 41 35 9 17 34 16 22 11 37 24 47
28 38 10 8 6 35 12 23 21 21 10 16 20 0 34 30 43 34 18 33 21 26 30 23 37 38 44 1 23 7 42 13 13 29 35 5 17 21 31 14 33 23 2 5 40 5 32 21 34 27 42 23 26 46 39 21 14 40 2 13 12 20 0 39 3 22 25 34 18 41 41 33 16 10 43 25 29 20 31 19 42
61 30 49 32 35 33 43 43 52 24 34 52 31 39 10 52 4 30 50 38 31 53 43 40 25 2 47 39 27 39 9 51 51 51 37 42 26 18 33 34 39 31 41 38 44 36 32 43 45 58 25 17 49 47 19 22 29 45 37 26 28 47 39 0 42 34 51 5 29 18 14 14 51 33 39 35 31 54 10 24 7
28 41 8 11 8 38 13 24 21 24 11 16 23 3 37 31 46 37 18 35 24 26 32 25 40 41 46 4 26 7 45 12 13 30 38 4 20 24 34 15 35 26 1 6 42 7 35 22 36 27 45 26 27 48 42 24 17 42 5 16 15 21 3 42 0 25 26 37 20 44 44 36 16 13 46 28 32 20 34 22 45
27 19 25 21 23 15 15 8 20 11 27 24 4 22 25 18 38 14 20 10 3 19 10 6 18 34 21 21 7 28 31 25 24 17 13 27 14 22 10 30 10 3 24 25 17 23 12 10 14 25 23 21 15 23 22 14 12 17 21 18 20 14 22 34 25 0 17 30 31 24 27 21 22 13 21 3 9 24 24 14 33
10 34 19 30 31 30 13 9 6 27 35 13 20 25 42 5 55 29 9 23 20 2 16 11 34 51 30 24 24 32 48 16 14 5 27 30 28 36 25 39 22 20 25 30 27 30 27 8 18 8 39 37 3 33 39 30 24 27 26 30 32 5 25 51 26 17 0 47 43 41 44 38 11 22 35 18 24 11 41 29 50
56 27 44 27 30 30 38 38 47 20 30 47 27 34 7 48 9 27 45 35 27 49 39 36 22 4 44 34 23 35 10 46 46 47 34 37 21 13 30 30 36 27 36 33 41 31 29 39 42 53 23 12 45 44 17 18 24 42 32 21 23 43 34 5 37 30 47 0 25 17 13 11 46 28 36 31 28 49 6 19 9
46 42 28 13 12 41 30 38 39 23 9 34 28 18 27 48 33 38 36 41 29 44 41 36 37 27 52 19 28 14 34 31 31 47 42 17 18 15 37 6 41 31 20 14 48 13 38 37 45 45 41 17 44 53 34 21 20 48 17 13 11 38 18 29 20 31 43 25 0 35 35 27 34 21 49 34 35 38 24 20 34
51 12 47 34 37 16 38 32 44 20 38 47 23 41 10 42 20 14 44 22 23 43 29 30 8 19 29 40 19 43 10 48 47 41 20 44 24 21 18 39 23 21 43 40 27 38 16 34 30 49 7 18 39 29 2 20 27 28 39 28 30 38 41 18 44 24 41 17 35 0 4 8 46 31 21 24 18 48 13 22 13
54 16 47 34 37 19 39 35 47 20 38 48 25 41 8 45 16 17 46 25 25 46 32 33 11 16 33 40 21 43 6 48 48 44 23 44 24 20 21 38 26 24 43 40 30 38 19 37 33 52 11 18 42 33 5 20 27 31 39 28 30 41 41 14 44 27 44 13 35 4 0 8 47 31 25 26 21 50 11 22 9
48 16 39 26 29 19 32 29 40 13 30 41 18 33 4 39 17 16 39 24 18 40 29 27 11 15 33 32 14 35 10 41 40 38 23 36 16 12 19 30 25 18 35 32 30 30 18 30 31 46 13 10 36 33 7 12 19 31 31 20 22 35 33 14 36 21 38 11 27 8 8 0 40 23 25 21 17 43 5 14 12
12 41 8 23 22 37 8 16 5 27 26 2 23 16 43 16 55 36 2 31 23 10 24 18 40 51 38 15 27 23 50 4 3 16 35 20 26 34 32 30 30 25 15 21 35 21 34 14 27 11 45 35 14 41 44 29 22 35 17 26 26 9 16 51 16 22 11 46 34 46 47 40 0 18 43 25 31 4 41 27 52
27 28 16 8 10 25 10 17 19 11 14 19 10 10 25 27 37 24 17 23 11 23 22 15 27 33 34 9 13 15 33 18 18 26 25 13 8 16 21 17 23 13 12 12 30 10 22 16 26 25 32 17 23 36 29 11 4 30 8 8 10 17 10 33 13 13 22 28 21 31 31 23 18 0 33 16 19 21 23 9 34
45 9 46 40 43 8 36 27 40 26 46 45 23 43 29 33 41 11 41 12 22 37 19 25 14 40 9 42 21 48 31 46 45 32 8 47 31 35 12 49 13 20 45 45 9 43 11 29 18 43 14 33 32 8 20 28 31 10 41 36 38 34 43 39 46 21 35 36 49 21 25 25 43 33 0 18 14 45 30 29 34
28 16 28 23 26 12 18 9 22 13 29 27 6 25 25 19 38 11 23 7 5 20 8 7 16 35 17 24 8 31 31 28 27 18 10 29 16 24 7 32 7 4 27 28 14 26 9 11 12 26 21 23 16 20 22 16 14 14 24 21 23 16 25 35 28 3 18 31 34 24 26 21 25 16 18 0 6 27 25 16 33
34 10 34 26 29 6 24 15 28 12 32 33 9 29 21 25 34 5 29 7 8 26 12 13 10 32 17 28 7 34 26 34 33 24 7 33 17 23 2 35 8 6 31 31 13 29 3 17 14 32 15 21 22 18 16 15 17 14 27 22 24 22 29 31 32 9 24 28 35 18 21 17 31 19 14 6 0 33 22 15 29
8 43 12 27 26 39 11 18 5 30 30 4 25 20 46 16 58 38 4 33 26 10 26 20 42 54 40 19 29 27 53 8 7 16 37 24 29 37 34 34 32 27 19 25 37 25 36 16 28 7 47 38 14 43 46 32 25 37 21 29 30 11 20 54 20 24 11 49 38 48 50 43 4 21 45 27 33 0 44 30 55
50 21 39 24 27 24 33 32 42 14 28 42 21 31 3 42 14 21 40 29 21 43 33 30 16 10 38 31 17 33 11 41 40 41 28 34 16 10 24 28 30 21 33 30 35 28 23 33 36 48 18 8 39 38 12 12 19 36 29 18 20 37 31 10 34 24 41 6 24 13 11 5 41 23 30 25 22 44 0 14 11
36 22 25 12 15 21 19 21 28 3 17 28 10 19 16 31 28 18 26 21 11 30 24 19 19 23 32 18 8 21 24 27 26 30 22 22 2 8 17 19 22 12 21 18 28 16 18 21 28 34 24 8 28 33 20 2 5 29 17 7 9 24 19 24 22 14 29 19 20 22 22 14 27 9 29 16 15 30 14 0 25
60 25 50 35 38 28 44 41 52 25 39 53 30 42 9 51 7 26 51 34 30 52 41 39 20 9 42 42 26 44 3 52 51 50 32 45 27 21 30 39 35 30 44 41 39 39 28 42 42 58 20 19 48 42 14 23 30 40 40 29 31 47 42 7 45 33 50 9 34 13 9 12 52 34 34 33 29 55 11 25 0
0         868      
221       476      
387       556      
23        180      
0         207      
281       461      
0         119      
67        280      
0         129      
13        233      
406       597      
0         145      
45        190      
0         131      
250       419      
472       692      
224       416      
58        226      
0         82       
63        200      
157       318      
0         114      
144       314      
138       286      
234       434      
267       386      
110       278      
23        147      
27        212      
400       601      
179       407      
0         148      
0         140      
359       471      
41        246      
397       583      
39        156      
184       307      
36        199      
469       620      
87        258      
56        207      
0         156      
11        204      
107       248      
366       558      
48        248      
307       478      
123       303      
322       538      
288       424      
405       642      
0         140      
579       825      
163       349      
41        160      
647       825      
103       232      
0         207      
161       342      
36        172      
332       547      
352       522      
163       366      
361       568      
31        243      
0         104      
230       380      
437       558      
258       398      
177       362      
135       326      
0         139      
489       597      
262       444      
31        185      
32        212      
0         113      
168       354      
153       295      
550       763      
