81
0 15 11 12 16 38 12 36 6 30 8 17 25 17 20 15 21 28 24 30 23 29 7 41 13 24 18 14 18 7 36 8 40 33 13 19 34 37 33 13 15 18 36 40 20 14 32 11 16 17 23 17 20 9 13 28 34 38 35 19 5 5 10 21 23 16 14 13 9 34 28 15 34 29 18 10 9 12 17 17 21
15 0 26 9 19 50 13 50 14 45 19 14 40 32 21 15 31 30 38 40 38 32 12 55 14 39 26 22 19 22 51 22 53 45 11 34 49 51 48 21 20 29 51 54 31 28 35 4 31 25 30 29 27 16 28 32 49 49 48 34 14 19 10 27 38 26 22 9 17 48 42 8 45 44 33 20 7 26 25 20 36
11 26 0 22 21 29 21 25 14 19 9 26 15 7 26 23 19 31 16 24 13 30 16 30 21 13 21 14 24 5 25 8 30 26 22 9 22 25 22 14 18 16 24 29 18 11 33 22 5 15 20 15 18 15 5 25 24 30 26 10 14 9 20 19 12 12 18 23 13 25 19 25 26 19 9 13 20 10 15 22 11
12 9 22 0 26 50 4 47 16 41 20 6 33 26 28 6 23 37 31 42 31 39 15 52 5 33 17 24 10 19 47 16 52 38 18 27 44 47 43 23 25 22 46 51 23 21 42 7 27 27 33 22 30 9 25 38 42 50 47 31 15 13 15 31 32 28 13 16 19 46 35 3 46 37 26 13 5 19 27 27 29
16 19 21 26 0 32 28 36 10 37 12 32 36 28 5 31 37 11 37 22 34 13 11 40 29 32 34 7 34 16 40 23 37 47 8 30 38 39 40 7 3 33 42 41 35 29 16 19 24 9 11 32 9 25 18 13 45 31 31 24 11 21 11 9 31 13 30 10 8 33 40 27 28 40 30 26 21 27 9 1 32
38 50 29 50 32 0 50 9 35 23 31 55 35 32 36 52 46 35 39 10 34 30 37 9 50 28 49 28 53 31 15 37 6 47 40 33 16 13 23 28 30 43 21 13 45 38 31 47 24 24 22 42 23 44 25 23 38 1 3 19 36 38 40 23 29 23 47 41 32 6 39 53 4 37 34 42 47 37 24 32 32
12 13 21 4 28 50 0 46 18 38 20 5 29 22 30 3 19 39 27 42 27 41 17 51 1 30 13 26 6 19 46 12 51 34 20 24 43 46 40 25 27 18 43 50 19 17 44 11 26 29 35 18 32 5 25 40 38 50 47 30 17 11 17 33 28 28 9 19 21 45 31 7 46 33 23 9 8 15 29 29 26
36 50 25 47 36 9 46 0 35 15 30 51 27 26 41 48 39 41 31 16 26 36 37 5 46 20 43 30 49 28 6 33 6 39 42 26 7 4 14 30 33 37 12 5 38 33 37 46 20 27 27 36 27 40 22 29 30 10 7 16 35 34 41 28 21 24 43 43 34 3 31 50 11 29 27 38 45 33 27 37 24
6 14 14 16 10 35 18 35 0 33 5 22 29 21 15 21 27 21 29 26 27 23 2 40 19 27 24 8 24 9 37 14 38 39 8 23 34 37 36 7 9 24 38 40 26 20 26 12 19 11 17 23 14 15 14 22 38 35 33 20 1 11 6 15 26 12 20 9 3 34 32 18 31 33 22 16 12 18 11 11 25
30 45 19 41 37 23 38 15 33 0 28 43 13 15 42 40 27 45 17 26 13 41 35 20 39 7 31 30 39 24 10 25 21 24 41 14 8 12 3 30 34 25 6 16 26 21 44 41 14 28 31 24 30 32 19 36 15 24 21 13 33 27 39 31 8 24 31 42 32 17 16 44 23 14 15 29 39 22 28 38 11
8 19 9 20 12 31 20 30 5 28 0 25 24 16 17 23 25 23 25 22 22 22 7 35 21 22 25 6 26 5 32 13 34 35 13 18 29 32 31 5 9 22 33 35 24 18 25 16 14 9 15 21 12 17 9 20 33 31 29 15 5 11 11 13 21 8 22 14 4 29 28 22 27 28 18 17 16 16 9 13 20
17 14 26 6 32 55 5 51 22 43 25 0 33 27 34 3 22 43 30 47 31 45 21 56 4 35 16 30 6 24 51 17 56 37 24 28 48 51 45 29 31 21 48 55 22 21 48 13 31 33 39 21 36 10 30 44 41 55 52 35 21 16 21 37 33 33 12 22 25 50 34 6 51 36 27 13 11 19 33 33 30
25 40 15 33 36 35 29 27 29 13 24 33 0 8 41 30 14 46 4 33 2 45 30 32 29 7 20 29 29 20 22 18 33 12 36 6 20 24 15 29 33 13 18 28 14 12 48 36 14 30 34 13 32 24 18 39 9 36 32 17 28 21 34 33 6 25 22 37 28 29 4 36 33 4 7 20 33 14 29 37 4
17 32 7 26 28 32 22 26 21 15 16 27 8 0 33 24 14 38 9 29 6 37 22 31 23 7 17 21 23 12 24 10 32 19 28 2 21 25 17 21 25 11 20 29 13 7 40 28 8 22 27 10 25 17 11 32 17 33 29 13 20 13 26 26 6 18 17 29 20 27 12 29 30 12 2 13 25 7 22 29 4
20 21 26 28 5 36 30 41 15 42 17 34 41 33 0 33 41 9 42 26 39 12 14 44 31 37 38 12 36 21 45 28 41 52 10 35 43 44 45 12 8 38 47 46 40 34 14 21 29 14 14 37 14 29 23 15 50 35 35 29 15 25 13 13 36 18 34 12 13 38 45 29 32 45 35 30 23 32 14 4 37
15 15 23 6 31 52 3 48 21 40 23 3 30 24 33 0 19 42 27 45 28 44 20 53 2 31 13 29 4 21 48 14 53 34 23 25 45 48 41 28 30 18 44 52 19 18 47 13 28 32 38 18 35 7 27 43 38 52 49 32 20 13 20 36 30 31 9 21 24 47 31 8 48 33 24 10 10 16 32 32 27
21 31 19 23 37 46 19 39 27 27 25 22 14 14 41 19 0 48 10 43 14 47 28 44 19 19 6 31 16 21 36 13 45 15 34 13 33 37 29 30 34 3 32 41 1 8 50 28 22 33 39 4 36 15 24 44 20 47 43 27 26 16 30 37 18 30 10 33 28 40 13 26 44 15 12 11 24 9 33 38 15
28 30 31 37 11 35 39 41 21 45 23 43 46 38 9 42 48 0 47 25 44 5 22 44 40 42 45 17 45 27 45 34 41 57 19 40 43 44 47 18 14 44 48 46 46 40 6 30 33 17 14 43 15 36 28 12 55 34 35 32 22 32 22 14 41 21 41 21 19 38 50 38 31 50 40 37 32 38 17 10 42
24 38 16 31 37 39 27 31 29 17 25 30 4 9 42 27 10 47 0 36 5 46 30 36 27 11 16 30 25 21 26 16 37 10 36 7 24 28 19 30 34 9 22 32 10 10 49 34 16 31 36 9 34 22 20 41 11 40 36 20 29 19 34 35 10 27 18 37 29 33 4 34 37 6 7 18 31 12 31 38 7
30 40 24 42 22 10 42 16 26 26 22 47 33 29 26 45 43 25 36 0 32 20 28 19 43 27 45 18 47 24 22 32 16 45 30 30 21 20 27 19 20 40 26 21 42 35 21 38 21 15 12 39 13 38 19 13 40 9 10 16 27 32 30 13 27 14 42 32 23 13 37 44 6 37 31 37 38 34 15 22 29
23 38 13 31 34 34 27 26 27 13 22 31 2 6 39 28 14 44 5 32 0 42 28 31 27 6 19 27 27 18 22 16 32 14 34 4 20 24 15 27 31 12 18 28 13 10 45 34 11 28 32 12 30 22 16 37 11 35 31 15 26 19 32 31 5 23 20 35 26 28 6 34 32 6 5 18 31 12 27 35 2
29 32 30 39 13 30 41 36 23 41 22 45 45 37 12 44 47 5 46 20 42 0 24 39 42 39 47 16 47 26 41 35 36 56 21 39 39 39 44 17 14 44 44 41 46 39 3 32 31 15 10 43 12 38 26 7 53 29 30 28 24 33 24 11 39 18 43 23 20 33 48 40 26 48 39 39 34 38 15 12 39
7 12 16 15 11 37 17 37 2 35 7 21 30 22 14 20 28 22 30 28 28 24 0 42 18 29 25 10 23 11 39 15 40 40 6 24 36 39 38 9 10 25 40 42 27 21 27 10 21 13 19 24 16 15 16 23 39 37 35 22 2 12 4 17 28 14 21 7 5 36 34 16 33 34 24 17 10 19 13 12 26
41 55 30 52 40 9 51 5 40 20 35 56 32 31 44 53 44 44 36 19 31 39 42 0 51 25 48 34 54 33 10 38 3 44 46 31 12 8 19 34 37 42 16 4 43 38 40 51 25 31 30 41 30 45 27 32 35 10 9 21 40 39 46 31 26 28 48 47 38 6 36 55 13 34 32 43 50 38 31 40 29
13 14 21 5 29 50 1 46 19 39 21 4 29 23 31 2 19 40 27 43 27 42 18 51 0 30 13 27 5 20 46 13 51 34 21 24 43 46 40 26 28 18 43 50 19 17 45 11 26 30 36 18 33 6 25 41 38 50 47 31 18 12 18 34 29 29 9 19 22 46 31 7 46 33 23 9 8 15 30 30 26
24 39 13 33 32 28 30 20 27 7 22 35 7 7 37 31 19 42 11 27 6 39 29 25 30 0 24 25 30 18 16 17 26 19 35 6 14 18 10 25 29 17 13 22 18 13 42 35 8 25 29 16 27 24 13 34 14 29 25 11 27 20 33 28 1 20 23 36 26 22 11 36 26 10 7 20 32 14 24 33 4
18 26 21 17 34 49 13 43 24 31 25 16 20 17 38 13 6 45 16 45 19 47 25 48 13 24 0 31 10 22 40 13 49 21 31 17 38 42 34 30 33 7 37 46 6 10 50 23 24 34 40 7 37 11 26 45 26 49 46 29 23 14 27 38 22 32 5 30 27 44 19 20 46 21 15 8 20 11 34 35 18
14 22 14 24 7 28 26 30 8 30 6 30 29 21 12 29 31 17 30 18 27 16 10 34 27 25 31 0 32 10 33 19 32 40 12 23 31 32 33 1 4 28 35 35 30 23 19 20 17 3 9 27 6 23 12 14 38 27 26 17 9 17 12 7 25 6 28 14 5 28 33 26 23 33 23 23 20 22 3 8 25
18 19 24 10 34 53 6 49 24 39 26 6 29 23 36 4 16 45 25 47 27 47 23 54 5 30 10 32 0 23 46 15 54 31 26 24 44 48 40 31 33 16 43 52 16 17 50 16 29 35 41 16 38 9 28 46 36 53 50 33 23 15 23 39 29 33 7 24 27 48 29 12 49 31 23 10 13 16 35 35 26
7 22 5 19 16 31 19 28 9 24 5 24 20 12 21 21 21 27 21 24 18 26 11 33 20 18 22 10 23 0 29 9 32 31 17 14 27 29 27 10 14 18 29 33 20 13 29 18 10 12 18 17 15 14 6 23 29 31 28 12 9 8 15 16 17 10 19 18 8 27 24 22 27 24 14 14 16 12 12 17 16
36 51 25 47 40 15 46 6 37 10 32 51 22 24 45 48 36 45 26 22 22 41 39 10 46 16 40 33 46 29 0 33 11 34 44 22 2 2 9 33 37 33 6 6 34 29 42 47 19 31 31 32 31 40 23 34 25 16 13 16 37 34 42 32 17 27 39 45 35 9 26 50 17 24 23 36 45 30 31 41 20
8 22 8 16 23 37 12 33 14 25 13 17 18 10 28 14 13 34 16 32 16 35 15 38 13 17 13 19 15 9 33 0 38 25 21 12 30 33 27 18 21 10 30 37 12 6 38 18 13 21 27 9 24 7 13 32 27 38 34 18 13 3 18 25 16 19 10 21 15 33 20 19 34 22 11 5 15 4 21 24 14
40 53 30 52 37 6 51 6 38 21 34 56 33 32 41 53 45 41 37 16 32 36 40 3 51 26 49 32 54 32 11 38 0 45 44 32 13 9 20 32 35 42 17 7 44 39 37 50 25 29 27 41 28 45 26 29 36 7 6 20 39 39 44 29 27 26 48 45 36 5 37 54 10 35 33 43 48 38 29 38 30
33 45 26 38 47 47 34 39 39 24 35 37 12 19 52 34 15 57 10 45 14 56 40 44 34 19 21 40 31 31 34 25 45 0 46 17 32 36 25 40 44 16 28 40 15 19 59 42 25 41 46 16 44 29 30 51 9 48 44 29 38 28 43 45 18 37 25 46 39 41 8 41 45 10 17 25 38 21 41 48 16
13 11 22 18 8 40 20 42 8 41 13 24 36 28 10 23 34 19 36 30 34 21 6 46 21 35 31 12 26 17 44 21 44 46 0 30 42 44 44 12 9 31 46 47 33 27 24 11 27 15 19 30 16 20 22 21 45 39 38 28 8 18 3 16 34 18 26 2 9 40 40 19 35 40 30 22 13 25 15 9 32
19 34 9 27 30 33 24 26 23 14 18 28 6 2 35 25 13 40 7 30 4 39 24 31 24 6 17 23 24 14 22 12 32 17 30 0 20 24 16 23 27 10 19 28 12 7 42 30 9 24 29 9 27 18 13 34 15 34 30 14 22 15 28 28 5 20 17 31 22 27 10 30 31 10 1 14 27 8 24 31 2
34 49 22 44 38 16 43 7 34 8 29 48 20 21 43 45 33 43 24 21 20 39 36 12 43 14 38 31 44 27 2 30 13 32 42 20 0 4 7 31 35 30 5 8 32 27 41 44 17 29 29 29 29 37 20 33 23 17 14 14 34 31 40 30 15 25 37 43 33 10 24 47 17 22 21 34 42 28 29 39 18
37 51 25 47 39 13 46 4 37 12 32 51 24 25 44 48 37 44 28 20 24 39 39 8 46 18 42 32 48 29 2 33 9 36 44 24 4 0 11 32 36 34 8 4 36 31 40 47 20 30 30 33 30 40 23 32 27 14 11 17 37 34 43 31 19 26 41 45 35 7 28 50 15 26 25 38 45 32 30 40 22
33 48 22 43 40 23 40 14 36 3 31 45 15 17 45 41 29 47 19 27 15 44 38 19 40 10 34 33 40 27 9 27 20 25 44 16 7 11 0 33 37 26 3 15 28 23 46 44 17 31 34 25 32 34 22 38 16 24 21 16 36 30 42 33 11 27 33 45 35 17 17 46 24 15 17 30 42 24 31 41 14
13 21 14 23 7 28 25 30 7 30 5 29 29 21 12 28 30 18 30 19 27 17 9 34 26 25 30 1 31 10 33 18 32 40 12 23 31 32 33 0 4 27 35 35 29 23 20 19 16 4 10 26 7 22 11 15 38 28 27 17 8 16 12 8 24 6 27 13 4 28 33 25 24 33 23 22 19 21 4 8 25
15 20 18 25 3 30 27 33 9 34 9 31 33 25 8 30 34 14 34 20 31 14 10 37 28 29 33 4 33 14 37 21 35 44 9 27 35 36 37 4 0 31 39 38 33 27 17 19 20 6 9 30 7 24 15 13 42 29 29 21 10 19 11 7 28 10 29 11 6 31 37 26 26 37 27 25 20 25 6 4 29
18 29 16 22 33 43 18 37 24 25 22 21 13 11 38 18 3 44 9 40 12 44 25 42 18 17 7 28 16 18 33 10 42 16 31 10 30 34 26 27 31 0 29 38 2 5 47 26 19 30 36 1 33 13 21 41 20 44 40 24 23 13 28 34 15 27 9 31 25 37 13 25 41 15 9 9 22 6 30 34 12
36 51 24 46 42 21 43 12 38 6 33 48 18 20 47 44 32 48 22 26 18 44 40 16 43 13 37 35 43 29 6 30 17 28 46 19 5 8 3 35 39 29 0 12 31 26 46 46 19 33 34 28 33 37 24 38 19 22 19 18 38 33 44 34 14 29 36 47 37 15 20 49 22 18 20 33 44 27 33 43 17
40 54 29 51 41 13 50 5 40 16 35 55 28 29 46 52 41 46 32 21 28 41 42 4 50 22 46 35 52 33 6 37 7 40 47 28 8 4 15 35 38 38 12 0 40 35 42 51 24 32 32 37 32 44 26 34 31 14 11 20 40 38 46 33 23 29 45 48 39 8 32 54 15 30 29 42 49 36 32 42 26
20 31 18 23 35 45 19 38 26 26 24 22 14 13 40 19 1 46 10 42 13 46 27 43 19 18 6 30 16 20 34 12 44 15 33 12 32 36 28 29 33 2 31 40 0 7 49 27 21 32 38 3 35 14 23 43 20 46 42 26 25 15 30 36 17 29 10 33 27 39 13 26 43 15 11 11 23 8 32 36 14
14 28 11 21 29 38 17 33 20 21 18 21 12 7 34 18 8 40 10 35 10 39 21 38 17 13 10 23 17 13 29 6 39 19 27 7 27 31 23 23 27 5 26 35 7 0 42 24 14 25 31 4 28 12 16 36 21 39 36 19 19 9 24 29 12 23 10 27 21 34 14 24 36 16 6 8 21 2 25 30 9
32 35 33 42 16 31 44 37 26 44 25 48 48 40 14 47 50 6 49 21 45 3 27 40 45 42 50 19 50 29 42 38 37 59 24 42 41 40 46 20 17 47 46 42 49 42 0 35 34 18 13 46 15 41 29 8 56 30 31 31 27 36 27 14 42 21 46 26 23 34 51 43 27 51 42 42 37 41 18 15 42
11 4 22 7 19 47 11 46 12 41 16 13 36 28 21 13 28 30 34 38 34 32 10 51 11 35 23 20 16 18 47 18 50 42 11 30 44 47 44 19 19 26 46 51 27 24 35 0 27 23 28 25 26 12 24 32 45 47 45 30 11 15 8 26 34 24 18 9 15 45 38 8 43 40 29 16 3 22 23 20 32
16 31 5 27 24 24 26 20 19 14 14 31 14 8 29 28 22 33 16 21 11 31 21 25 26 8 24 17 29 10 19 13 25 25 27 9 17 20 17 16 20 19 19 24 21 14 34 27 0 16 20 18 18 20 5 25 22 25 22 5 19 14 25 19 8 12 23 28 18 20 17 30 22 17 10 18 25 13 16 24 9
17 25 15 27 9 24 29 27 11 28 9 33 30 22 14 32 33 17 31 15 28 15 13 31 30 25 34 3 35 12 31 21 29 41 15 24 29 30 31 4 6 30 33 32 32 25 18 23 16 0 6 29 3 26 11 11 38 24 23 15 12 20 15 4 24 4 31 17 8 25 33 29 20 33 24 26 23 24 0 10 25
23 30 20 33 11 22 35 27 17 31 15 39 34 27 14 38 39 14 36 12 32 10 19 30 36 29 40 9 41 18 31 27 27 46 19 29 29 30 34 10 9 36 34 32 38 31 13 28 20 6 0 35 3 32 15 5 42 21 21 18 18 26 20 2 28 8 37 20 14 24 37 35 18 37 28 32 29 29 6 11 29
17 29 15 22 32 42 18 36 23 24 21 21 13 10 37 18 4 43 9 39 12 43 24 41 18 16 7 27 16 17 32 9 41 16 30 9 29 33 25 26 30 1 28 37 3 4 46 25 18 29 35 0 32 13 20 40 20 43 39 23 22 12 27 33 14 26 9 30 24 36 13 25 40 15 8 9 22 5 29 33 11
20 27 18 30 9 23 32 27 14 30 12 36 32 25 14 35 36 15 34 13 30 12 16 30 33 27 37 6 38 15 31 24 28 44 16 27 29 30 32 7 7 33 33 32 35 28 15 26 18 3 3 32 0 29 13 8 40 22 22 17 15 23 18 1 26 6 34 18 11 24 35 32 19 35 26 29 26 27 3 10 27
9 16 15 9 25 44 5 40 15 32 17 10 24 17 29 7 15 36 22 38 22 38 15 45 6 24 11 23 9 14 40 7 45 29 20 18 37 40 34 22 24 13 37 44 14 12 41 12 20 26 32 13 29 0 19 37 33 44 41 25 14 6 17 30 23 24 6 19 18 40 26 12 40 28 17 4 9 10 26 26 20
13 28 5 25 18 25 25 22 14 19 9 30 18 11 23 27 24 28 20 19 16 26 16 27 25 13 26 12 28 6 23 13 26 30 22 13 20 23 22 11 15 21 24 26 23 16 29 24 5 11 15 20 13 19 0 20 27 25 22 6 14 13 20 14 13 7 23 23 13 21 22 28 21 22 13 18 22 15 11 19 14
28 32 25 38 13 23 40 29 22 36 20 44 39 32 15 43 44 12 41 13 37 7 23 32 41 34 45 14 46 23 34 32 29 51 21 34 33 32 38 15 13 41 38 34 43 36 8 32 25 11 5 40 8 37 20 0 47 22 23 23 23 31 24 7 33 13 42 23 19 26 42 39 19 42 33 37 33 34 11 13 34
34 49 24 42 45 38 38 30 38 15 33 41 9 17 50 38 20 55 11 40 11 53 39 35 38 14 26 38 36 29 25 27 36 9 45 15 23 27 16 38 42 20 19 31 20 21 56 45 22 38 42 20 40 33 27 47 0 39 36 25 37 30 43 41 14 34 29 46 37 32 7 45 38 5 16 29 42 23 38 46 13
38 49 30 50 31 1 50 10 35 24 31 55 36 33 35 52 47 34 40 9 35 29 37 10 50 29 49 27 53 31 16 38 7 48 39 34 17 14 24 28 29 44 22 14 46 39 30 47 25 24 21 43 22 44 25 22 39 0 4 20 36 38 39 22 30 23 48 40 32 7 40 53 4 38 35 43 47 38 24 31 33
35 48 26 47 31 3 47 7 33 21 29 52 32 29 35 49 43 35 36 10 31 30 35 9 47 25 46 26 50 28 13 34 6 44 38 30 14 11 21 27 29 40 19 11 42 36 31 45 22 23 21 39 22 41 22 23 36 4 0 17 34 35 38 23 26 21 44 40 31 4 36 50 4 34 31 39 44 35 23 32 29
19 34 10 31 24 19 30 16 20 13 15 35 17 13 29 32 27 32 20 16 15 28 22 21 31 11 29 17 33 12 16 18 20 29 28 14 14 17 16 17 21 24 18 20 26 19 31 30 5 15 18 23 17 25 6 23 25 20 17 0 20 19 26 18 11 11 28 29 19 15 21 34 17 21 15 23 28 18 15 25 13
5 14 14 15 11 36 17 35 1 33 5 21 28 20 15 20 26 22 29 27 26 24 2 40 18 27 23 9 23 9 37 13 39 38 8 22 34 37 36 8 10 23 38 40 25 19 27 11 19 12 18 22 15 14 14 23 37 36 34 20 0 10 6 16 26 13 19 9 4 34 32 17 32 32 22 15 11 17 12 12 24
5 19 9 13 21 38 11 34 11 27 11 16 21 13 25 13 16 32 19 32 19 33 12 39 12 20 14 17 15 8 34 3 39 28 18 15 31 34 30 16 19 13 33 38 15 9 36 15 14 20 26 12 23 6 13 31 30 38 35 19 10 0 15 24 19 18 11 18 13 34 23 16 34 25 14 6 12 7 20 22 17
10 10 20 15 11 40 17 41 6 39 11 21 34 26 13 20 30 22 34 30 32 24 4 46 18 33 27 12 23 15 42 18 44 43 3 28 40 43 42 12 11 28 44 46 30 24 27 8 25 15 20 27 18 17 20 24 43 39 38 26 6 15 0 18 32 18 23 3 8 40 38 16 35 38 28 19 10 22 15 12 30
21 27 19 31 9 23 33 28 15 31 13 37 33 26 13 36 37 14 35 13 31 11 17 31 34 28 38 7 39 16 32 25 29 45 16 28 30 31 33 8 7 34 34 33 36 29 14 26 19 4 2 33 1 30 14 7 41 22 23 18 16 24 18 0 27 7 35 18 12 25 36 33 19 36 27 30 27 28 4 9 28
23 38 12 32 31 29 28 21 26 8 21 33 6 6 36 30 18 41 10 27 5 39 28 26 29 1 22 25 29 17 17 16 27 18 34 5 15 19 11 24 28 15 14 23 17 12 42 34 8 24 28 14 26 23 13 33 14 30 26 11 26 19 32 27 0 20 22 35 25 23 10 35 27 10 6 19 31 13 24 32 3
16 26 12 28 13 23 28 24 12 24 8 33 25 18 18 31 30 21 27 14 23 18 14 28 29 20 32 6 33 10 27 19 26 37 18 20 25 26 27 6 10 27 29 29 29 23 21 24 12 4 8 26 6 24 7 13 34 23 21 11 13 18 18 7 20 0 29 19 10 22 29 30 19 29 20 24 24 21 4 14 21
14 22 18 13 30 47 9 43 20 31 22 12 22 17 34 9 10 41 18 42 20 43 21 48 9 23 5 28 7 19 39 10 48 25 26 17 37 41 33 27 29 9 36 45 10 10 46 18 23 31 37 9 34 6 23 42 29 48 44 28 19 11 23 35 22 29 0 25 23 43 22 16 44 24 16 5 15 10 31 31 19
13 9 23 16 10 41 19 43 9 42 14 22 37 29 12 21 33 21 37 32 35 23 7 47 19 36 30 14 24 18 45 21 45 46 2 31 43 45 45 13 11 31 47 48 33 27 26 9 28 17 20 30 18 19 23 23 46 40 40 29 9 18 3 18 35 19 25 0 10 41 41 17 37 41 31 22 11 25 17 11 33
9 17 13 19 8 32 21 34 3 32 4 25 28 20 13 24 28 19 29 23 26 20 5 38 22 26 27 5 27 8 35 15 36 39 9 22 33 35 35 4 6 25 37 39 27 21 23 15 18 8 14 24 11 18 13 19 37 32 31 19 4 13 8 12 25 10 23 10 0 32 32 21 28 32 22 19 15 19 8 9 24
34 48 25 46 33 6 45 3 34 17 29 50 29 27 38 47 40 38 33 13 28 33 36 6 46 22 44 28 48 27 9 33 5 41 40 27 10 7 17 28 31 37 15 8 39 34 34 45 20 25 24 36 24 40 21 26 32 7 4 15 34 34 40 25 23 22 43 41 32 0 33 49 8 31 28 38 43 33 25 34 26
28 42 19 35 40 39 31 31 32 16 28 34 4 12 45 31 13 50 4 37 6 48 34 36 31 11 19 33 29 24 26 20 37 8 40 10 24 28 17 33 37 13 20 32 13 14 51 38 17 33 37 13 35 26 22 42 7 40 36 21 32 23 38 36 10 29 22 41 32 33 0 38 37 2 10 22 35 16 33 41 8
15 8 25 3 27 53 7 50 18 44 22 6 36 29 29 8 26 38 34 44 34 40 16 55 7 36 20 26 12 22 50 19 54 41 19 30 47 50 46 25 26 25 49 54 26 24 43 8 30 29 35 25 32 12 28 39 45 53 50 34 17 16 16 33 35 30 16 17 21 49 38 0 49 40 29 16 6 22 29 28 32
34 45 26 46 28 4 46 11 31 23 27 51 33 30 32 48 44 31 37 6 32 26 33 13 46 26 46 23 49 27 17 34 10 45 35 31 17 15 24 24 26 41 22 15 43 36 27 43 22 20 18 40 19 40 21 19 38 4 4 17 32 34 35 19 27 19 44 37 28 8 37 49 0 36 32 39 43 35 20 28 30
29 44 19 37 40 37 33 29 33 14 28 36 4 12 45 33 15 50 6 37 6 48 34 34 33 10 21 33 31 24 24 22 35 10 40 10 22 26 15 33 37 15 18 30 15 16 51 40 17 33 37 15 35 28 22 42 5 38 34 21 32 25 38 36 10 29 24 41 32 31 2 40 36 0 11 24 37 18 33 41 8
18 33 9 26 30 34 23 27 22 15 18 27 7 2 35 24 12 40 7 31 5 39 24 32 23 7 15 23 23 14 23 11 33 17 30 1 21 25 17 23 27 9 20 29 11 6 42 29 10 24 28 8 26 17 13 33 16 35 31 15 22 14 28 27 6 20 16 31 22 28 10 29 32 11 0 13 26 7 24 31 3
10 20 13 13 26 42 9 38 16 29 17 13 20 13 30 10 11 37 18 37 18 39 17 43 9 20 8 23 10 14 36 5 43 25 22 14 34 38 30 22 25 9 33 42 11 8 42 16 18 26 32 9 29 4 18 37 29 43 39 23 15 6 19 30 19 24 5 22 19 38 22 16 39 24 13 0 13 6 26 27 16
9 7 20 5 21 47 8 45 12 39 16 11 33 25 23 10 24 32 31 38 31 34 10 50 8 32 20 20 13 16 45 15 48 38 13 27 42 45 42 19 20 22 44 49 23 21 37 3 25 23 29 22 26 9 22 33 42 47 44 28 11 12 10 27 31 24 15 11 15 43 35 6 43 37 26 13 0 19 23 22 29
12 26 10 19 27 37 15 33 18 22 16 19 14 7 32 16 9 38 12 34 12 38 19 38 15 14 11 22 16 12 30 4 38 21 25 8 28 32 24 21 25 6 27 36 8 2 41 22 13 24 29 5 27 10 15 34 23 38 35 18 17 7 22 28 13 21 10 25 19 33 16 22 35 18 7 6 19 0 24 28 10
17 25 15 27 9 24 29 27 11 28 9 33 29 22 14 32 33 17 31 15 27 15 13 31 30 24 34 3 35 12 31 21 29 41 15 24 29 30 31 4 6 30 33 32 32 25 18 23 16 0 6 29 3 26 11 11 38 24 23 15 12 20 15 4 24 4 31 17 8 25 33 29 20 33 24 26 23 24 0 10 25
17 20 22 27 1 32 29 37 11 38 13 33 37 29 4 32 38 10 38 22 35 12 12 40 30 33 35 8 35 17 41 24 38 48 9 31 39 40 41 8 4 34 43 42 36 30 15 20 24 10 11 33 10 26 19 13 46 31 32 25 12 22 12 9 32 14 31 11 9 34 41 28 28 41 31 27 22 28 10 0 33
21 36 11 29 32 32 26 24 25 11 20 30 4 4 37 27 15 42 7 29 2 39 26 29 26 4 18 25 26 16 20 14 30 16 32 2 18 22 14 25 29 12 17 26 14 9 42 32 9 25 29 11 27 20 14 34 13 33 29 13 24 17 30 28 3 21 19 33 24 26 8 32 30 8 3 16 29 10 25 33 0
0         878      
131       323      
0         185      
88        328      
207       355      
397       529      
32        307      
340       576      
0         86       
239       518      
0         136      
113       248      
0         214      
0         182      
207       417      
104       266      
44        203      
145       398      
24        181      
368       602      
0         231      
212       379      
0         106      
619       836      
155       266      
275       547      
387       605      
151       361      
57        309      
0         93       
317       505      
0         168      
374       574      
49        242      
0         90       
0         216      
259       534      
301       501      
274       511      
199       425      
203       375      
14        211      
244       468      
467       712      
0         132      
0         160      
507       717      
421       581      
0         105      
130       347      
115       405      
0         133      
200       373      
59        324      
0         124      
130       360      
49        204      
530       693      
405       562      
213       419      
0         61       
89        307      
0         74       
214       425      
197       429      
230       372      
12        248      
177       349      
119       367      
340       543      
303       457      
556       754      
328       606      
0         174      
300       410      
61        229      
74        282      
0         201      
414       561      
189       419      
519       780      
