81
0 29 37 27 15 6 41 7 3 19 24 26 17 25 22 9 18 21 36 19 8 31 38 18 12 23 43 30 19 28 8 23 21 24 27 30 16 15 40 30 16 32 27 19 17 23 32 14 19 29 18 27 21 28 16 10 21 31 14 36 19 18 21 11 29 29 10 25 6 24 7 19 23 17 36 18 31 37 2 28 31
29 0 60 15 19 24 43 26 26 45 33 26 13 4 8 20 41 8 59 11 22 29 53 14 22 44 47 11 10 25 32 50 39 44 53 22 42 44 42 51 19 34 2 35 26 34 45 16 26 13 45 43 12 31 21 24 47 2 42 44 40 20 47 40 33 14 19 5 29 7 35 35 24 13 36 11 34 43 27 47 2
37 60 0 50 40 43 39 34 40 18 30 38 46 56 56 45 19 55 1 48 37 42 15 45 37 15 39 54 54 41 43 21 19 14 12 46 21 28 40 7 39 36 56 23 31 26 19 50 32 50 24 17 46 35 36 47 17 58 42 27 19 38 17 38 34 50 46 52 32 50 39 22 38 46 41 49 36 34 39 12 60
27 15 50 0 12 24 28 22 25 39 20 12 11 14 17 20 33 16 49 10 19 14 41 10 16 34 32 4 17 10 32 46 29 34 46 7 37 41 27 41 11 19 13 25 17 24 34 20 16 2 42 33 7 17 13 26 41 13 41 30 31 10 41 38 19 2 19 10 26 8 34 26 12 12 21 13 19 28 26 37 16
15 19 40 12 0 15 28 10 15 28 15 11 7 16 17 13 22 16 39 8 7 16 34 5 4 24 32 15 16 12 22 34 19 24 35 15 25 29 27 31 1 19 17 16 8 16 27 16 8 14 30 24 7 16 3 19 30 19 29 28 21 3 30 26 18 14 13 13 14 11 22 16 9 8 21 11 19 28 15 27 21
6 24 43 24 15 0 43 11 2 25 27 26 13 20 16 4 24 16 42 14 9 31 43 14 13 29 46 25 14 27 8 29 26 29 33 30 22 21 42 36 16 33 22 24 19 27 37 8 21 25 24 32 17 30 17 5 27 26 18 40 24 18 27 16 31 25 5 20 11 19 11 24 24 12 36 13 33 40 3 33 26
41 43 39 28 28 43 0 33 42 39 16 17 35 42 45 41 31 44 39 36 33 14 24 33 29 30 4 32 44 18 49 45 26 29 42 21 38 46 1 34 27 9 41 24 23 19 20 44 21 30 43 24 33 12 25 46 40 41 55 12 29 25 40 51 11 29 40 38 35 36 48 24 19 36 7 39 9 5 41 28 44
7 26 34 22 10 11 33 0 9 19 17 19 12 22 22 11 15 21 33 14 3 24 32 13 6 19 36 25 20 21 15 25 15 20 27 24 16 19 33 27 11 24 23 13 10 16 26 16 12 24 20 21 16 21 9 16 21 27 21 29 15 12 21 18 22 24 12 20 4 19 14 13 16 13 29 15 24 30 8 23 28
3 26 40 25 15 2 42 9 0 22 26 26 14 22 18 6 21 18 39 16 8 31 41 15 12 26 45 27 16 27 7 26 24 27 30 30 19 18 41 33 16 33 24 22 18 25 35 10 20 26 21 30 18 29 16 7 24 28 16 38 22 18 24 14 30 26 7 22 9 21 9 22 23 14 36 15 32 39 1 31 28
19 45 18 39 28 25 39 19 22 0 25 33 31 41 40 28 7 40 17 33 22 37 23 32 24 9 41 43 38 36 25 7 12 10 8 41 3 10 39 13 28 32 42 16 23 20 21 32 25 41 6 15 35 30 26 29 2 46 24 28 9 29 2 20 29 41 29 39 16 38 21 15 31 32 37 34 32 34 21 13 47
24 33 30 20 15 27 16 17 26 25 0 8 22 30 32 27 18 31 30 23 18 12 21 20 15 18 19 24 31 11 32 32 13 18 31 16 24 31 16 24 14 8 30 9 8 5 14 31 7 22 29 13 20 5 12 32 27 32 38 13 16 12 27 35 5 22 27 26 20 24 31 10 8 23 13 26 8 13 25 18 34
26 26 38 12 11 26 17 19 26 33 8 0 18 25 28 24 26 27 38 19 18 5 29 16 14 26 21 16 27 3 33 40 21 26 39 8 31 36 16 32 10 8 24 17 10 13 22 27 8 14 36 21 16 5 9 30 35 25 40 18 24 8 35 37 7 14 24 21 22 19 33 18 2 19 10 22 8 17 25 26 28
17 13 46 11 7 13 35 12 14 31 22 18 0 10 10 9 27 9 45 2 9 22 41 2 9 31 39 13 9 18 21 37 26 31 39 18 28 31 34 38 8 26 11 22 15 23 34 9 15 12 32 30 4 23 10 15 33 14 30 35 27 10 33 28 25 12 8 8 16 7 23 23 16 1 28 4 26 35 15 34 15
25 4 56 14 16 20 42 22 22 41 30 25 10 0 5 16 37 4 55 8 19 28 50 11 19 40 46 11 6 24 28 47 35 40 49 21 38 40 41 47 16 33 2 32 23 31 42 12 23 12 42 40 9 30 18 20 43 6 38 43 37 17 43 36 32 13 15 4 26 6 31 32 23 10 35 7 33 42 23 43 6
22 8 56 17 17 16 45 22 18 40 32 28 10 5 0 12 37 1 55 9 18 31 51 12 19 41 49 15 2 27 24 44 36 41 48 24 37 36 44 48 18 36 7 32 25 33 44 8 25 16 39 40 12 33 20 16 42 10 34 45 36 20 42 32 35 17 11 8 25 9 27 33 26 9 38 6 36 45 19 44 10
9 20 45 20 13 4 41 11 6 28 27 24 9 16 12 0 26 12 44 10 9 29 43 11 12 30 45 21 10 25 12 32 26 31 36 27 25 24 40 38 14 32 18 24 19 27 37 5 20 21 27 32 13 28 15 6 30 22 22 40 26 16 30 20 30 21 1 16 13 15 15 24 22 8 34 9 31 40 7 34 22
18 41 19 33 22 24 31 15 21 7 18 26 27 37 37 26 0 36 18 29 18 30 20 27 19 5 34 37 35 29 26 14 5 6 13 34 7 15 32 12 22 25 38 9 16 13 15 31 18 35 12 10 29 23 20 28 9 41 26 22 2 23 9 22 22 35 27 35 13 33 23 8 24 28 30 30 25 27 20 10 42
21 8 55 16 16 16 44 21 18 40 31 27 9 4 1 12 36 0 54 8 17 30 50 11 18 40 48 14 2 26 24 44 35 40 48 23 37 36 43 47 17 35 6 31 24 32 43 8 24 15 39 39 11 32 19 16 42 10 34 44 35 19 42 32 34 16 11 7 24 8 27 32 25 8 37 5 35 44 19 43 10
36 59 1 49 39 42 39 33 39 17 30 38 45 55 55 44 18 54 0 47 36 41 15 44 36 14 39 53 53 41 42 20 19 13 11 46 20 27 40 6 39 36 56 23 31 26 19 49 32 50 23 17 46 35 36 46 16 58 41 27 18 38 16 37 33 50 45 52 31 50 38 22 38 46 41 48 36 34 38 12 60
19 11 48 10 8 14 36 14 16 33 23 19 2 8 9 10 29 8 47 0 11 22 42 3 11 32 40 11 8 18 22 39 27 32 41 17 30 33 35 39 9 27 9 24 16 24 35 10 16 11 34 32 3 24 11 16 35 12 32 36 29 11 35 30 26 11 9 6 18 5 25 24 17 2 29 3 27 36 17 35 13
8 22 37 19 7 9 33 3 8 22 18 18 9 19 18 9 18 17 36 11 0 23 34 10 4 22 37 22 17 19 15 28 18 23 30 22 19 22 33 30 8 24 20 15 10 18 28 13 12 21 23 23 13 21 8 14 24 23 22 31 18 10 24 19 22 21 9 17 7 16 15 15 15 10 28 12 24 31 8 26 24
31 29 42 14 16 31 14 24 31 37 12 5 22 28 31 29 30 30 41 22 23 0 30 20 19 30 18 18 30 4 38 44 25 30 43 8 35 41 13 36 15 7 27 21 15 17 23 31 13 16 40 25 19 7 14 35 39 27 45 19 28 13 39 42 8 15 29 24 27 22 38 22 7 23 7 25 7 15 30 30 30
38 53 15 41 34 43 24 32 41 23 21 29 41 50 51 43 20 50 15 42 34 30 0 39 32 15 24 45 49 32 46 30 17 14 22 37 25 33 25 13 33 24 50 19 26 18 7 47 26 43 29 11 40 24 31 48 24 52 46 12 19 32 24 42 22 43 43 46 32 44 43 19 29 42 27 45 24 19 40 10 54
18 14 45 10 5 14 33 13 15 32 20 16 2 11 12 11 27 11 44 3 10 20 39 0 8 29 37 12 11 16 22 38 24 29 40 16 29 32 32 36 6 24 11 21 13 21 32 11 13 11 33 29 3 21 8 17 34 14 31 33 26 8 34 29 23 11 10 8 17 6 24 21 14 3 26 6 24 33 16 32 16
12 22 37 16 4 13 29 6 12 24 15 14 9 19 19 12 19 18 36 11 4 19 32 8 0 22 33 19 17 15 19 30 17 22 32 18 21 25 29 29 5 20 19 13 7 15 26 16 8 18 26 21 11 17 4 18 26 22 26 28 18 6 26 23 18 18 12 16 10 14 19 14 11 10 24 13 20 28 12 25 24
23 44 15 34 24 29 30 19 26 9 18 26 31 40 41 30 5 40 14 32 22 30 15 29 22 0 31 38 39 29 31 16 5 1 13 34 11 19 31 8 25 25 40 9 17 13 11 35 18 36 15 6 31 23 22 33 10 43 31 19 4 24 10 27 22 36 31 37 17 35 28 8 24 32 30 34 25 25 25 5 45
43 47 39 32 32 46 4 36 45 41 19 21 39 46 49 45 34 48 39 40 37 18 24 37 33 31 0 36 48 22 51 47 28 30 43 25 40 48 5 34 31 13 45 27 27 22 20 48 25 34 45 25 37 16 29 50 41 45 57 12 31 29 41 54 15 33 44 42 39 40 50 27 23 40 11 43 13 6 44 28 48
30 11 54 4 15 25 32 25 27 43 24 16 13 11 15 21 37 14 53 11 22 18 45 12 19 38 36 0 15 14 33 49 33 38 50 11 40 44 31 45 14 23 9 29 21 28 38 20 20 2 45 37 9 21 16 27 44 9 43 34 35 14 44 41 23 3 20 7 29 7 36 30 16 13 25 13 23 32 28 41 12
19 10 54 17 16 14 44 20 16 38 31 27 9 6 2 10 35 2 53 8 17 30 49 11 17 39 48 15 0 26 22 42 34 39 46 24 35 34 43 46 17 35 8 30 24 32 43 6 24 16 37 38 11 32 19 14 40 12 32 44 35 19 40 30 34 17 9 8 23 9 25 31 25 8 37 5 35 44 17 42 12
28 25 41 10 12 27 18 21 27 36 11 3 18 24 27 25 29 26 41 18 19 4 32 16 15 29 22 14 26 0 34 43 24 29 42 5 34 39 17 35 11 9 23 20 13 16 25 27 11 12 39 24 15 8 12 31 38 23 41 21 27 9 38 38 10 12 25 20 25 18 34 21 5 19 11 21 9 18 27 29 26
8 32 43 32 22 8 49 15 7 25 32 33 21 28 24 12 26 24 42 22 15 38 46 22 19 31 51 33 22 34 0 25 29 32 33 37 22 17 48 37 23 39 30 27 25 31 40 16 27 33 21 35 25 36 23 8 27 34 10 44 27 25 27 8 37 33 13 28 14 27 4 27 30 20 43 21 39 45 7 36 34
23 50 21 46 34 29 45 25 26 7 32 40 37 47 44 32 14 44 20 39 28 44 30 38 30 16 47 49 42 43 25 0 19 17 9 48 9 8 46 17 35 39 48 23 30 27 27 36 32 48 5 22 41 37 33 32 6 51 21 35 16 36 6 18 36 48 33 45 21 44 21 22 38 38 44 40 39 41 25 20 52
21 39 19 29 19 26 26 15 24 12 13 21 26 35 36 26 5 35 19 27 18 25 17 24 17 5 28 33 34 24 29 19 0 5 18 29 12 20 27 12 19 20 35 4 12 8 11 31 13 31 17 6 26 18 17 31 14 38 31 17 3 19 14 27 17 31 27 32 15 30 26 3 19 27 25 30 20 22 23 8 40
24 44 14 34 24 29 29 20 27 10 18 26 31 40 41 31 6 40 13 32 23 30 14 29 22 1 30 38 39 29 32 17 5 0 13 34 12 20 30 7 24 25 40 9 17 13 10 36 18 36 16 5 31 23 22 34 11 43 32 18 5 24 11 28 22 36 32 37 18 35 29 8 24 32 30 35 25 24 26 4 45
27 53 12 46 35 33 42 27 30 8 31 39 39 49 48 36 13 48 11 41 30 43 22 40 32 13 43 50 46 42 33 9 18 13 0 47 11 16 43 9 35 38 50 22 29 26 22 40 31 48 12 18 42 36 33 37 6 53 30 30 15 36 6 26 35 48 37 47 24 46 29 21 37 40 43 42 38 37 29 14 54
30 22 46 7 15 30 21 24 30 41 16 8 18 21 24 27 34 23 46 17 22 8 37 16 18 34 25 11 24 5 37 48 29 34 47 0 39 43 20 40 14 14 20 25 18 21 30 27 16 9 44 29 14 13 15 33 43 20 44 26 32 12 43 41 15 8 26 17 28 15 37 26 10 19 14 20 14 23 30 34 23
16 42 21 37 25 22 38 16 19 3 24 31 28 38 37 25 7 37 20 30 19 35 25 29 21 11 40 40 35 34 22 9 12 12 11 39 0 8 39 16 26 32 39 15 21 19 22 29 23 39 5 17 32 29 24 26 5 42 21 29 9 27 5 17 28 39 26 36 13 35 18 14 29 29 36 31 31 34 18 15 43
15 44 28 41 29 21 46 19 18 10 31 36 31 40 36 24 15 36 27 33 22 41 33 32 25 19 48 44 34 39 17 8 20 20 16 43 8 0 46 23 30 39 42 22 26 26 30 28 28 43 4 25 35 36 28 24 11 45 14 37 17 31 11 10 35 43 25 39 15 38 13 21 34 31 43 33 38 42 17 23 46
40 42 40 27 27 42 1 33 41 39 16 16 34 41 44 40 32 43 40 35 33 13 25 32 29 31 5 31 43 17 48 46 27 30 43 20 39 46 0 35 26 8 40 25 23 20 21 43 21 29 44 25 32 11 24 45 41 40 54 13 30 24 41 50 11 28 39 37 35 35 47 25 18 35 6 38 8 6 40 29 43
30 51 7 41 31 36 34 27 33 13 24 32 38 47 48 38 12 47 6 39 30 36 13 36 29 8 34 45 46 35 37 17 12 7 9 40 16 23 35 0 31 31 47 16 24 20 14 43 25 43 19 11 38 29 29 40 12 50 37 22 12 31 12 33 28 43 39 44 25 42 34 15 31 39 36 42 31 29 32 6 52
16 19 39 11 1 16 27 11 16 28 14 10 8 16 18 14 22 17 39 9 8 15 33 6 5 25 31 14 17 11 23 35 19 24 35 14 26 30 26 31 0 18 17 15 7 15 26 17 7 13 31 23 7 15 2 20 30 19 30 27 21 2 30 27 17 13 14 13 15 11 23 16 8 9 20 12 18 27 16 27 21
32 34 36 19 19 33 9 24 33 32 8 8 26 33 36 32 25 35 36 27 24 7 24 24 20 25 13 23 35 9 39 39 20 25 38 14 32 39 8 31 18 0 32 17 14 12 18 35 12 21 37 20 24 3 16 37 34 32 45 12 23 16 34 42 3 21 31 29 26 27 38 17 10 27 5 30 0 9 32 25 35
27 2 56 13 17 22 41 23 24 42 30 24 11 2 7 18 38 6 56 9 20 27 50 11 19 40 45 9 8 23 30 48 35 40 50 20 39 42 40 47 17 32 0 32 24 32 43 14 24 11 43 40 9 29 19 22 44 4 40 42 37 17 44 38 31 12 17 3 27 5 33 32 22 11 34 9 32 41 25 43 4
19 35 23 25 16 24 24 13 22 16 9 17 22 32 32 24 9 31 23 24 15 21 19 21 13 9 27 29 30 20 27 23 4 9 22 25 15 22 25 16 15 17 32 0 8 5 13 28 9 27 20 8 22 14 13 29 18 34 31 17 7 15 18 27 14 27 24 28 13 26 26 1 15 23 22 26 17 21 21 12 36
17 26 31 17 8 19 23 10 18 23 8 10 15 23 25 19 16 24 31 16 10 15 26 13 7 17 27 21 24 13 25 30 12 17 29 18 21 26 23 24 7 14 24 8 0 8 19 23 2 19 26 16 14 11 5 24 25 26 31 21 14 7 25 27 12 19 19 20 12 18 24 9 8 16 19 19 14 21 18 20 28
23 34 26 24 16 27 19 16 25 20 5 13 23 31 33 27 13 32 26 24 18 17 18 21 15 13 22 28 32 16 31 27 8 13 26 21 19 26 20 20 15 12 32 5 8 0 11 31 8 26 24 9 22 10 13 32 22 34 36 13 11 14 22 31 9 26 27 28 17 26 30 5 12 24 17 27 12 16 24 14 36
32 45 19 34 27 37 20 26 35 21 14 22 34 42 44 37 15 43 19 35 28 23 7 32 26 11 20 38 43 25 40 27 11 10 22 30 22 30 21 14 26 18 43 13 19 11 0 41 19 36 26 5 33 17 24 42 21 45 41 8 13 25 21 37 15 36 37 39 26 37 37 13 22 35 22 38 18 15 34 8 47
14 16 50 20 16 8 44 16 10 32 31 27 9 12 8 5 31 8 49 10 13 31 47 11 16 35 48 20 6 27 16 36 31 36 40 27 29 28 43 43 17 35 14 28 23 31 41 0 24 20 31 36 13 32 19 8 34 18 26 44 31 19 34 24 34 21 5 13 18 13 19 28 25 8 37 7 35 44 11 39 18
19 26 32 16 8 21 21 12 20 25 7 8 15 23 25 20 18 24 32 16 12 13 26 13 8 18 25 20 24 11 27 32 13 18 31 16 23 28 21 25 7 12 24 9 2 8 19 24 0 18 28 17 14 9 5 26 27 26 33 20 16 6 27 29 10 18 20 20 14 18 26 10 6 16 17 19 12 20 20 21 28
29 13 50 2 14 25 30 24 26 41 22 14 12 12 16 21 35 15 50 11 21 16 43 11 18 36 34 2 16 12 33 48 31 36 48 9 39 43 29 43 13 21 11 27 19 26 36 20 18 0 44 35 8 19 15 27 43 11 42 32 33 12 43 40 21 1 20 8 28 7 35 28 14 13 23 13 21 30 27 39 14
18 45 24 42 30 24 43 20 21 6 29 36 32 42 39 27 12 39 23 34 23 40 29 33 26 15 45 45 37 39 21 5 17 16 12 44 5 4 44 19 31 37 43 20 26 24 26 31 28 44 0 21 36 34 29 28 7 46 18 34 14 32 7 14 33 44 28 40 16 39 17 19 34 33 41 35 36 39 20 19 47
27 43 17 33 24 32 24 21 30 15 13 21 30 40 40 32 10 39 17 32 23 25 11 29 21 6 25 37 38 24 35 22 6 5 18 29 17 25 25 11 23 20 40 8 16 9 5 36 17 35 21 0 30 18 21 37 16 42 36 13 8 23 16 32 17 35 32 36 21 34 32 8 21 31 25 34 20 19 29 5 44
21 12 46 7 7 17 33 16 18 35 20 16 4 9 12 13 29 11 46 3 13 19 40 3 11 31 37 9 11 15 25 41 26 31 42 14 32 35 32 38 7 24 9 22 14 22 33 13 14 8 36 30 0 21 9 19 37 12 34 33 28 8 37 32 23 8 12 6 20 4 27 23 14 5 26 6 24 33 19 34 13
28 31 35 17 16 30 12 21 29 30 5 5 23 30 33 28 23 32 35 24 21 7 24 21 17 23 16 21 32 8 36 37 18 23 36 13 29 36 11 29 15 3 29 14 11 10 17 32 9 19 34 18 21 0 13 34 32 30 42 13 21 13 32 38 2 19 28 26 23 24 35 15 7 24 8 27 3 12 29 23 33
16 21 36 13 3 17 25 9 16 26 12 9 10 18 20 15 20 19 36 11 8 14 31 8 4 22 29 16 19 12 23 33 17 22 33 15 24 28 24 29 2 16 19 13 5 13 24 19 5 15 29 21 9 13 0 21 28 21 30 25 19 3 28 27 15 15 15 15 13 13 23 14 7 11 19 14 16 25 16 25 22
10 24 47 26 19 5 46 16 7 29 32 30 15 20 16 6 28 16 46 16 14 35 48 17 18 33 50 27 14 31 8 32 31 34 37 33 26 24 45 40 20 37 22 29 24 32 42 8 26 27 28 37 19 34 21 0 31 26 18 45 29 22 31 16 36 27 7 21 16 20 12 29 28 14 40 14 37 45 8 38 26
21 47 17 41 30 27 40 21 24 2 27 35 33 43 42 30 9 42 16 35 24 39 24 34 26 10 41 44 40 38 27 6 14 11 6 43 5 11 41 12 30 34 44 18 25 22 21 34 27 43 7 16 37 32 28 31 0 47 25 29 11 31 0 21 31 43 31 41 18 40 23 17 33 34 39 36 34 35 23 14 48
31 2 58 13 19 26 41 27 28 46 32 25 14 6 10 22 41 10 58 12 23 27 52 14 22 43 45 9 12 23 34 51 38 43 53 20 42 45 40 50 19 32 4 34 26 34 45 18 26 11 46 42 12 30 21 26 47 0 44 43 40 20 47 42 32 12 21 6 30 8 37 35 25 14 34 13 32 41 29 46 3
14 42 42 41 29 18 55 21 16 24 38 40 30 38 34 22 26 34 41 32 22 45 46 31 26 31 57 43 32 41 10 21 31 32 30 44 21 14 54 37 30 45 40 31 31 36 41 26 33 42 18 36 34 42 30 18 25 44 0 48 28 32 25 4 43 42 23 38 19 37 7 30 37 30 49 31 45 51 15 36 44
36 44 27 30 28 40 12 29 38 28 13 18 35 43 45 40 22 44 27 36 31 19 12 33 28 19 12 34 44 21 44 35 17 18 30 26 29 37 13 22 27 12 42 17 21 13 8 44 20 32 34 13 33 13 25 45 29 43 48 0 20 25 29 43 11 32 40 39 30 37 42 17 20 36 15 39 12 7 37 16 46
19 40 19 31 21 24 29 15 22 9 16 24 27 37 36 26 2 35 18 29 18 28 19 26 18 4 31 35 35 27 27 16 3 5 15 32 9 17 30 12 21 23 37 7 14 11 13 31 16 33 14 8 28 21 19 29 11 40 28 20 0 21 11 24 20 33 27 34 13 32 24 6 22 28 28 30 23 25 21 9 41
18 20 38 10 3 18 25 12 18 29 12 8 10 17 20 16 23 19 38 11 10 13 32 8 6 24 29 14 19 9 25 36 19 24 36 12 27 31 24 31 2 16 17 15 7 14 25 19 6 12 32 23 8 13 3 22 31 20 32 25 21 0 31 29 15 12 16 14 16 12 25 16 6 11 18 14 16 25 18 27 21
21 47 17 41 30 27 40 21 24 2 27 35 33 43 42 30 9 42 16 35 24 39 24 34 26 10 41 44 40 38 27 6 14 11 6 43 5 11 41 12 30 34 44 18 25 22 21 34 27 43 7 16 37 32 28 31 0 47 25 29 11 31 0 21 31 43 31 41 18 40 23 17 33 34 39 36 34 35 23 14 48
11 40 38 38 26 16 51 18 14 20 35 37 28 36 32 20 22 32 37 30 19 42 42 29 23 27 54 41 30 38 8 18 27 28 26 41 17 10 50 33 27 42 38 27 27 31 37 24 29 40 14 32 32 38 27 16 21 42 4 43 24 29 21 0 39 40 21 36 15 35 5 26 34 28 46 29 41 47 13 32 42
29 33 34 19 18 31 11 22 30 29 5 7 25 32 35 30 22 34 33 26 22 8 22 23 18 22 15 23 34 10 37 36 17 22 35 15 28 35 11 28 17 3 31 14 12 9 15 34 10 21 33 17 23 2 15 36 31 32 43 11 20 15 31 39 0 21 30 28 24 26 36 14 9 26 8 29 3 10 30 22 35
29 14 50 2 14 25 29 24 26 41 22 14 12 13 17 21 35 16 50 11 21 15 43 11 18 36 33 3 17 12 33 48 31 36 48 8 39 43 28 43 13 21 12 27 19 26 36 21 18 1 44 35 8 19 15 27 43 12 42 32 33 12 43 40 21 0 20 9 28 8 35 28 14 13 22 14 21 30 27 39 15
10 19 46 19 13 5 40 12 7 29 27 24 8 15 11 1 27 11 45 9 9 29 43 10 12 31 44 20 9 25 13 33 27 32 37 26 26 25 39 39 14 31 17 24 19 27 37 5 20 20 28 32 12 28 15 7 31 21 23 40 27 16 31 21 30 20 0 15 14 14 16 24 22 8 34 8 31 40 8 35 21
25 5 52 10 13 20 38 20 22 39 26 21 8 4 8 16 35 7 52 6 17 24 46 8 16 37 42 7 8 20 28 45 32 37 47 17 36 39 37 44 13 29 3 28 20 28 39 13 20 8 40 36 6 26 15 21 41 6 38 39 34 14 41 36 28 9 15 0 24 2 31 29 19 8 31 7 29 38 23 40 7
6 29 32 26 14 11 35 4 9 16 20 22 16 26 25 13 13 24 31 18 7 27 32 17 10 17 39 29 23 25 14 21 15 18 24 28 13 15 35 25 15 26 27 13 12 17 26 18 14 28 16 21 20 23 13 16 18 30 19 30 13 16 18 15 24 28 14 24 0 23 13 13 20 17 31 19 26 33 8 22 31
24 7 50 8 11 19 36 19 21 38 24 19 7 6 9 15 33 8 50 5 16 22 44 6 14 35 40 7 9 18 27 44 30 35 46 15 35 38 35 42 11 27 5 26 18 26 37 13 18 7 39 34 4 24 13 20 40 8 37 37 32 12 40 35 26 8 14 2 23 0 30 27 17 7 29 6 27 36 22 38 9
7 35 39 34 22 11 48 14 9 21 31 33 23 31 27 15 23 27 38 25 15 38 43 24 19 28 50 36 25 34 4 21 26 29 29 37 18 13 47 34 23 38 33 26 24 30 37 19 26 35 17 32 27 35 23 12 23 37 7 42 24 25 23 5 36 35 16 31 13 30 0 25 30 23 42 24 38 44 8 33 37
19 35 22 26 16 24 24 13 22 15 10 18 23 32 33 24 8 32 22 24 15 22 19 21 14 8 27 30 31 21 27 22 3 8 21 26 14 21 25 15 16 17 32 1 9 5 13 28 10 28 19 8 23 15 14 29 17 35 30 17 6 16 17 26 14 28 24 29 13 27 25 0 16 24 22 27 17 21 21 11 36
23 24 38 12 9 24 19 16 23 31 8 2 16 23 26 22 24 25 38 17 15 7 29 14 11 24 23 16 25 5 30 38 19 24 37 10 29 34 18 31 8 10 22 15 8 12 22 25 6 14 34 21 14 7 7 28 33 25 37 20 22 6 33 34 9 14 22 19 20 17 30 16 0 17 12 20 10 19 23 26 26
17 13 46 12 8 12 36 13 14 32 23 19 1 10 9 8 28 8 46 2 10 23 42 3 10 32 40 13 8 19 20 38 27 32 40 19 29 31 35 39 9 27 11 23 16 24 35 8 16 13 33 31 5 24 11 14 34 14 30 36 28 11 34 28 26 13 8 8 17 7 23 24 17 0 29 3 27 36 15 35 15
36 36 41 21 21 36 7 29 36 37 13 10 28 35 38 34 30 37 41 29 28 7 27 26 24 30 11 25 37 11 43 44 25 30 43 14 36 43 6 36 20 5 34 22 19 17 22 37 17 23 41 25 26 8 19 40 39 34 49 15 28 18 39 46 8 22 34 31 31 29 42 22 12 29 0 32 5 9 35 30 37
18 11 49 13 11 13 39 15 15 34 26 22 4 7 6 9 30 5 48 3 12 25 45 6 13 34 43 13 5 21 21 40 30 35 42 20 31 33 38 42 12 30 9 26 19 27 38 7 19 13 35 34 6 27 14 14 36 13 31 39 30 14 36 29 29 14 8 7 19 6 24 27 20 3 32 0 30 39 16 38 13
31 34 36 19 19 33 9 24 32 32 8 8 26 33 36 31 25 35 36 27 24 7 24 24 20 25 13 23 35 9 39 39 20 25 38 14 31 38 8 31 18 0 32 17 14 12 18 35 12 21 36 20 24 3 16 37 34 32 45 12 23 16 34 41 3 21 31 29 26 27 38 17 10 27 5 30 0 9 32 25 35
37 43 34 28 28 40 5 30 39 34 13 17 35 42 45 40 27 44 34 36 31 15 19 33 28 25 6 32 44 18 45 41 22 24 37 23 34 42 6 29 27 9 41 21 21 16 15 44 20 30 39 19 33 12 25 45 35 41 51 7 25 25 35 47 10 30 40 38 33 36 44 21 19 36 9 39 9 0 38 23 44
2 27 39 26 15 3 41 8 1 21 25 25 15 23 19 7 20 19 38 17 8 30 40 16 12 25 44 28 17 27 7 25 23 26 29 30 18 17 40 32 16 32 25 21 18 24 34 11 20 27 20 29 19 29 16 8 23 29 15 37 21 18 23 13 30 27 8 23 8 22 8 21 23 15 35 16 32 38 0 30 29
28 47 12 37 27 33 28 23 31 13 18 26 34 43 44 34 10 43 12 35 26 30 10 32 25 5 28 41 42 29 36 20 8 4 14 34 15 23 29 6 27 25 43 12 20 14 8 39 21 39 19 5 34 23 25 38 14 46 36 16 9 27 14 32 22 39 35 40 22 38 33 11 26 35 30 38 25 23 30 0 47
31 2 60 16 21 26 44 28 28 47 34 28 15 6 10 22 42 10 60 13 24 30 54 16 24 45 48 12 12 26 34 52 40 45 54 23 43 46 43 52 21 35 4 36 28 36 47 18 28 14 47 44 13 33 22 26 48 3 44 46 41 21 48 42 35 15 21 7 31 9 37 36 26 15 37 13 35 44 29 47 0
0         738      
327       468      
219       348      
376       504      
435       592      
0         78       
10        145      
493       652      
0         66       
128       260      
60        198      
466       604      
419       563      
341       469      
320       471      
300       447      
107       257      
409       551      
168       308      
404       552      
0         105      
0         120      
51        180      
375       528      
0         82       
62        209      
28        148      
375       522      
318       457      
0         139      
289       430      
250       366      
71        187      
103       226      
135       278      
357       506      
126       263      
262       427      
467       618      
132       298      
0         119      
5         142      
341       476      
112       231      
84        207      
61        201      
165       308      
306       449      
0         98       
369       522      
219       381      
40        181      
372       493      
542       656      
0         108      
296       438      
150       274      
565       689      
262       390      
8         162      
57        209      
0         103      
111       248      
235       381      
0         122      
349       512      
436       578      
353       469      
606       732      
375       487      
262       399      
54        224      
0         110      
408       518      
0         159      
423       559      
9         136      
16        156      
0         98       
151       293      
574       703      
