81
0 26 15 36 25 35 27 8 29 27 26 35 18 5 15 29 20 36 31 27 11 37 33 49 8 32 16 16 9 44 39 43 11 24 35 23 36 27 28 29 35 20 40 33 37 33 8 13 37 12 12 32 8 35 2 35 29 25 11 11 27 33 23 25 32 13 25 42 11 12 3 38 37 28 16 34 8 20 27 33 38
26 0 19 10 7 39 3 20 28 40 29 28 28 30 23 4 21 12 11 8 27 12 33 35 33 28 12 11 25 35 13 31 23 20 20 8 10 11 9 38 10 9 29 11 11 10 20 36 11 14 18 19 30 39 24 14 18 4 37 36 1 7 31 35 20 21 1 28 16 14 29 25 39 18 30 26 20 6 31 9 42
15 19 0 25 23 46 18 7 39 41 37 42 30 17 26 23 29 24 19 16 25 31 44 52 23 41 19 9 10 49 28 46 23 31 36 12 27 15 16 41 29 10 44 30 29 29 17 28 26 10 4 34 15 46 13 23 32 15 26 22 20 25 34 38 35 23 18 44 16 13 18 41 48 32 30 40 7 15 38 21 49
36 10 25 0 14 47 9 29 36 49 37 35 38 40 32 9 30 4 9 10 36 11 40 38 43 36 21 20 34 38 3 34 32 28 23 13 3 12 10 47 9 16 32 14 6 13 30 46 1 24 25 24 39 47 34 9 24 11 47 46 9 5 40 44 24 30 11 31 26 24 39 28 47 25 39 31 29 16 40 5 50
25 7 23 14 0 33 10 23 22 35 23 21 23 30 18 5 16 18 18 15 24 12 26 28 31 21 9 14 28 28 17 24 20 14 13 15 13 18 16 33 11 14 22 8 13 8 18 34 15 16 21 12 32 33 24 21 11 11 35 36 6 9 26 30 13 18 7 21 14 14 27 18 33 11 27 19 23 8 26 16 36
35 39 46 47 33 0 42 41 11 12 10 16 17 39 20 38 18 51 50 46 24 40 8 30 30 13 29 38 44 23 50 26 24 19 28 44 46 49 47 7 41 42 23 35 44 36 29 27 48 37 42 25 43 1 37 53 24 42 35 41 39 42 12 11 25 23 39 30 30 33 34 27 2 22 19 18 41 36 8 48 3
27 3 18 9 10 42 0 20 31 42 32 31 30 31 25 7 24 9 8 5 28 13 36 38 34 31 14 11 25 38 12 34 24 23 23 6 9 8 6 41 11 7 32 14 11 13 21 37 10 15 16 22 30 42 25 12 21 2 38 37 4 7 34 38 23 23 3 31 17 15 30 28 42 21 32 29 20 7 34 7 45
8 20 7 29 23 41 20 0 34 35 32 37 24 11 21 24 24 29 24 20 18 32 39 49 16 36 15 9 5 46 32 44 17 26 34 16 29 20 21 35 30 13 41 30 31 30 12 21 30 7 4 31 10 41 6 28 29 18 19 17 21 27 29 32 32 18 19 42 11 9 11 38 43 28 23 36 0 15 33 26 44
29 28 39 36 22 11 31 34 0 19 4 7 14 34 13 27 10 40 39 36 20 29 5 22 29 3 20 30 37 16 39 17 17 8 17 34 34 38 37 14 30 32 14 24 33 25 22 27 37 29 35 14 37 12 30 42 13 31 34 39 28 31 10 14 14 16 28 21 23 26 29 18 11 11 18 9 34 26 7 37 14
27 40 41 49 35 12 42 35 19 0 15 26 12 30 17 40 19 51 50 46 16 45 18 40 21 22 28 36 36 33 52 36 19 22 36 43 48 48 47 5 45 40 33 40 48 41 23 16 50 32 36 32 34 12 29 54 30 41 24 32 40 44 9 5 33 19 39 40 27 30 25 37 14 28 11 28 34 35 12 49 14
26 29 37 37 23 10 32 32 4 15 0 11 10 31 11 28 8 41 40 36 16 31 7 26 25 7 19 28 35 20 40 21 15 9 21 34 36 39 37 10 32 32 18 26 35 27 20 23 38 27 33 17 34 10 28 43 15 32 30 35 29 32 6 10 18 14 29 25 21 24 26 22 11 13 14 13 32 26 3 38 13
35 28 42 35 21 16 31 37 7 26 11 0 21 40 20 25 15 38 39 36 26 26 8 15 35 4 23 33 42 9 37 10 24 11 12 36 32 39 37 21 27 35 7 20 30 21 27 34 35 32 38 10 43 17 35 42 10 32 40 45 27 29 17 21 9 22 28 14 26 29 36 11 15 10 25 2 37 28 14 36 19
18 28 30 38 23 17 30 24 14 12 10 21 0 22 5 28 9 39 38 34 7 35 17 36 15 17 16 24 27 30 40 30 7 13 27 31 36 36 35 11 34 28 26 30 36 31 12 13 38 21 25 23 26 17 20 42 21 29 20 26 28 32 5 8 24 7 27 33 15 18 17 29 19 19 4 21 24 23 9 37 20
5 30 17 40 30 39 31 11 34 30 31 40 22 0 20 34 25 40 35 31 15 42 38 54 9 37 21 20 7 49 43 48 16 29 40 27 40 31 32 33 40 24 45 38 41 38 13 14 41 16 15 37 4 39 6 39 34 29 9 6 31 37 27 29 37 18 29 47 16 16 5 43 41 33 20 39 11 24 31 37 42
15 23 26 32 18 20 25 21 13 17 11 20 5 20 0 23 5 34 33 28 7 30 18 34 16 16 11 19 24 29 35 28 4 9 23 26 31 31 29 16 29 23 24 25 31 26 9 16 33 16 22 19 23 20 17 36 17 24 21 25 23 27 9 13 20 3 22 30 10 13 16 26 22 15 9 19 21 18 12 32 23
29 4 23 9 5 38 7 24 27 40 28 25 28 34 23 0 21 13 15 12 29 8 31 31 36 26 14 15 29 31 12 27 25 19 16 12 7 15 13 38 6 13 25 7 8 6 23 39 10 17 22 15 33 38 27 16 15 8 40 39 3 4 31 35 16 23 5 24 19 17 32 21 38 16 32 23 24 9 31 11 41
20 21 29 30 16 18 24 24 10 19 8 15 9 25 5 21 0 33 32 28 12 26 15 29 21 12 11 20 27 24 33 23 9 4 18 26 28 31 29 17 26 24 19 21 29 22 12 21 31 19 25 14 28 18 20 35 12 24 26 30 22 25 10 14 15 7 21 25 13 16 21 21 19 10 13 14 24 18 10 30 21
36 12 24 4 18 51 9 29 40 51 41 38 39 40 34 13 33 0 6 9 37 15 44 42 43 39 23 20 34 42 4 38 33 32 27 13 7 9 8 50 13 16 36 18 10 17 30 46 3 24 25 28 39 51 34 5 28 11 47 46 12 9 43 47 28 32 12 35 26 24 39 32 51 29 41 35 29 16 43 3 54
31 11 19 9 18 50 8 24 39 50 40 39 38 35 33 15 32 6 0 4 35 19 44 46 39 39 21 15 29 46 10 42 32 31 31 8 11 4 3 48 17 11 40 22 14 21 27 43 9 19 20 30 34 50 29 4 29 8 42 41 12 13 41 45 31 30 11 39 23 20 34 36 50 29 39 37 24 14 42 4 53
27 8 16 10 15 46 5 20 36 46 36 36 34 31 28 12 28 9 4 0 30 17 41 43 34 36 17 11 25 43 12 39 27 27 28 4 12 3 1 44 15 7 37 19 14 18 23 39 10 15 16 27 30 46 25 8 26 4 38 37 9 11 37 41 28 26 8 36 19 16 30 33 46 26 35 34 20 10 38 6 49
11 27 25 36 24 24 28 18 20 16 16 26 7 15 7 29 12 37 35 30 0 36 23 41 9 23 15 19 20 35 39 35 4 16 30 26 36 31 31 18 35 23 31 31 37 32 7 10 37 16 20 26 19 24 13 38 24 27 14 19 27 33 12 14 27 6 26 37 11 14 10 33 26 22 5 26 18 21 16 35 27
37 12 31 11 12 40 13 32 29 45 31 26 35 42 30 8 26 15 19 17 36 0 33 27 43 28 21 23 37 28 12 24 32 23 14 19 8 20 18 41 2 20 23 5 5 4 30 46 12 25 29 15 41 41 35 20 16 15 47 47 11 6 36 40 15 30 13 20 26 25 39 18 40 18 39 22 32 17 34 15 43
33 33 44 40 26 8 36 39 5 18 7 8 17 38 18 31 15 44 44 41 23 33 0 22 32 5 25 35 42 15 43 18 22 13 20 39 38 43 42 13 33 37 15 27 36 28 27 30 41 34 40 17 41 9 35 47 16 36 37 42 32 35 13 15 17 21 33 22 28 31 33 19 7 15 21 10 39 31 8 42 11
49 35 52 38 28 30 38 49 22 40 26 15 36 54 34 31 29 42 46 43 41 27 22 0 50 19 33 42 54 7 39 5 38 24 15 43 35 46 44 35 29 42 8 24 32 25 40 49 39 42 48 17 56 31 48 47 19 39 54 59 34 33 32 36 16 35 35 7 38 39 49 10 28 20 40 13 48 36 29 42 32
8 33 23 43 31 30 34 16 29 21 25 35 15 9 16 36 21 43 39 34 9 43 32 50 0 32 22 23 16 44 46 44 12 25 38 30 43 35 35 24 42 27 40 39 44 39 13 5 44 19 20 34 13 30 10 42 32 32 5 11 34 40 19 20 35 14 32 45 17 19 5 41 32 30 11 35 16 27 24 40 33
32 28 41 36 21 13 31 36 3 22 7 4 17 37 16 26 12 39 39 36 23 28 5 19 32 0 22 32 39 13 38 14 20 10 15 35 33 39 37 17 29 34 11 22 32 23 24 30 36 31 37 12 39 13 32 42 12 32 37 41 27 30 13 17 13 19 28 18 25 28 32 15 12 10 21 6 36 27 10 37 16
16 12 19 21 9 29 14 15 20 28 19 23 16 21 11 14 11 23 21 17 15 21 25 33 22 22 0 10 20 30 24 28 11 12 19 15 21 20 18 27 20 13 25 17 22 17 9 25 22 9 15 16 23 29 15 25 14 13 26 27 12 18 20 24 17 9 11 27 5 6 18 23 30 13 18 21 15 7 21 21 32
16 11 9 20 14 38 11 9 30 36 28 33 24 20 19 15 20 20 15 11 19 23 35 42 23 32 10 0 14 40 23 37 17 22 27 7 20 12 12 35 21 4 34 21 22 21 12 28 21 4 7 25 19 38 14 19 23 9 27 26 12 18 28 32 26 16 10 35 8 5 19 32 39 23 24 31 9 6 30 17 41
9 25 10 34 28 44 25 5 37 36 35 42 27 7 24 29 27 34 29 25 20 37 42 54 16 39 20 14 0 50 37 48 20 31 39 21 34 25 26 38 35 18 45 35 36 35 15 21 35 12 9 36 5 44 7 33 34 23 16 12 26 32 32 34 37 21 24 47 16 14 11 43 46 33 25 41 5 20 36 31 47
44 35 49 38 28 23 38 46 16 33 20 9 30 49 29 31 24 42 46 43 35 28 15 7 44 13 30 40 50 0 40 5 33 20 15 43 35 46 44 28 29 42 6 24 32 25 36 43 39 39 45 16 52 24 44 47 17 39 49 54 34 33 26 30 15 31 35 9 35 36 45 10 21 17 34 10 45 35 23 42 25
39 13 28 3 17 50 12 32 39 52 40 37 40 43 35 12 33 4 10 12 39 12 43 39 46 38 24 23 37 40 0 35 35 31 25 16 5 13 11 50 10 19 34 16 7 15 33 49 2 27 28 26 42 50 37 8 27 14 50 49 12 8 43 47 26 33 14 32 29 27 42 29 50 28 42 33 32 19 43 6 53
43 31 46 34 24 26 34 44 17 36 21 10 30 48 28 27 23 38 42 39 35 24 18 5 44 14 28 37 48 5 35 0 32 19 11 39 31 42 40 31 25 38 3 20 28 21 35 43 35 37 43 12 51 27 43 43 14 35 49 53 30 29 27 31 11 30 31 5 33 34 44 6 24 15 34 8 43 31 24 38 28
11 23 23 32 20 24 24 17 17 19 15 24 7 16 4 25 9 33 32 27 4 32 22 38 12 20 11 17 20 33 35 32 0 13 26 24 32 29 28 18 31 21 28 27 33 28 5 14 33 14 18 22 19 24 13 35 20 23 17 21 23 29 12 15 23 2 22 33 8 11 12 29 26 18 8 23 17 17 16 31 27
24 20 31 28 14 19 23 26 8 22 9 11 13 29 9 19 4 32 31 27 16 23 13 24 25 10 12 22 31 20 31 19 13 0 14 26 26 30 28 19 23 24 15 18 26 19 16 25 29 21 27 10 32 19 24 34 8 23 30 34 20 23 13 17 11 11 20 21 15 18 25 17 19 6 17 10 26 18 12 29 22
35 20 36 23 13 28 23 34 17 36 21 12 27 40 23 16 18 27 31 28 30 14 20 15 38 15 19 27 39 15 25 11 26 14 0 28 20 31 29 31 15 27 9 9 18 10 27 39 24 28 34 4 42 28 34 32 6 24 43 46 19 18 27 31 3 24 20 8 24 25 37 5 27 8 31 10 34 21 24 27 31
23 8 12 13 15 44 6 16 34 43 34 36 31 27 26 12 26 13 8 4 26 19 39 43 30 35 15 7 21 43 16 39 24 26 28 0 15 5 5 42 17 3 37 19 17 18 19 35 14 11 12 27 26 44 21 12 26 4 34 33 9 13 35 39 28 23 8 36 15 12 26 33 45 26 31 34 16 8 36 10 47
36 10 27 3 13 46 9 29 34 48 36 32 36 40 31 7 28 7 11 12 36 8 38 35 43 33 21 20 34 35 5 31 32 26 20 15 0 14 12 45 6 16 29 11 3 10 30 46 4 24 25 21 39 45 34 12 22 11 47 46 9 3 38 42 21 30 11 28 26 24 39 25 45 23 39 28 29 16 38 7 48
27 11 15 12 18 49 8 20 38 48 39 39 36 31 31 15 31 9 4 3 31 20 43 46 35 39 20 12 25 46 13 42 29 30 31 5 14 0 2 47 18 8 40 22 17 21 24 40 12 16 16 30 30 49 25 8 29 7 38 37 12 14 40 44 31 28 11 39 20 17 30 36 49 29 36 37 20 13 41 7 52
28 9 16 10 16 47 6 21 37 47 37 37 35 32 29 13 29 8 3 1 31 18 42 44 35 37 18 12 26 44 11 40 28 28 29 5 12 2 0 45 16 8 38 20 15 19 24 40 10 16 17 28 31 47 26 7 27 5 39 38 10 12 38 42 29 27 9 37 20 17 31 34 47 27 36 35 21 11 39 5 50
29 38 41 47 33 7 41 35 14 5 10 21 11 33 16 38 17 50 48 44 18 41 13 35 24 17 27 35 38 28 50 31 18 19 31 42 45 47 45 0 42 39 28 36 45 37 23 20 48 32 36 27 37 7 31 52 25 40 28 35 39 42 7 4 28 18 38 35 26 29 28 32 9 23 13 23 35 34 7 47 9
35 10 29 9 11 41 11 30 30 45 32 27 34 40 29 6 26 13 17 15 35 2 33 29 42 29 20 21 35 29 10 25 31 23 15 17 6 18 16 42 0 18 24 6 3 5 29 45 10 23 27 16 39 42 33 18 17 13 46 45 9 4 36 40 16 29 11 22 25 23 38 19 40 19 38 23 30 15 35 13 44
20 9 10 16 14 42 7 13 32 40 32 35 28 24 23 13 24 16 11 7 23 20 37 42 27 34 13 4 18 42 19 38 21 24 27 3 16 8 8 39 18 0 36 20 18 19 16 32 17 8 9 26 23 42 18 15 25 5 31 30 10 14 32 36 27 20 8 35 12 9 23 32 43 25 28 33 13 7 34 13 45
40 29 44 32 22 23 32 41 14 33 18 7 26 45 24 25 19 36 40 37 31 23 15 8 40 11 25 34 45 6 34 3 28 15 9 37 29 40 38 28 24 36 0 18 27 19 31 39 33 34 40 10 47 24 39 41 11 33 45 49 28 27 24 28 9 26 29 7 30 31 40 5 21 12 30 5 40 29 21 36 25
33 11 30 14 8 35 14 30 24 40 26 20 30 38 25 7 21 18 22 19 31 5 27 24 39 22 17 21 35 24 16 20 27 18 9 19 11 22 20 36 6 20 18 0 9 1 26 41 15 23 28 10 39 35 32 23 11 15 43 44 10 9 31 35 10 25 12 17 22 22 35 14 34 13 34 17 30 15 29 18 38
37 11 29 6 13 44 11 31 33 48 35 30 36 41 31 8 29 10 14 14 37 5 36 32 44 32 22 22 36 32 7 28 33 26 18 17 3 17 15 45 3 18 27 9 0 8 31 47 7 25 27 19 41 44 35 15 20 13 48 47 10 4 39 43 19 31 12 25 27 25 40 22 43 22 40 26 31 17 38 10 47
33 10 29 13 8 36 13 30 25 41 27 21 31 38 26 6 22 17 21 18 32 4 28 25 39 23 17 21 35 25 15 21 28 19 10 18 10 21 19 37 5 19 19 1 8 0 26 42 14 23 28 11 39 36 32 22 12 14 43 44 9 8 32 36 11 26 11 18 22 22 35 15 35 14 35 18 30 15 30 17 39
8 20 17 30 18 29 21 12 22 23 20 27 12 13 9 23 12 30 27 23 7 30 27 40 13 24 9 12 15 36 33 35 5 16 27 19 30 24 24 23 29 16 31 26 31 26 0 16 31 9 13 23 15 29 8 31 21 20 17 19 21 27 17 20 24 6 19 34 4 7 10 30 31 20 12 26 12 14 21 28 32
13 36 28 46 34 27 37 21 27 16 23 34 13 14 16 39 21 46 43 39 10 46 30 49 5 30 25 28 21 43 49 43 14 25 39 35 46 40 40 20 45 32 39 41 47 42 16 0 47 24 25 35 18 26 15 47 33 36 8 16 37 43 17 16 36 16 35 46 20 23 10 42 29 31 9 34 21 30 22 44 29
37 11 26 1 15 48 10 30 37 50 38 35 38 41 33 10 31 3 9 10 37 12 41 39 44 36 22 21 35 39 2 35 33 29 24 14 4 12 10 48 10 17 33 15 7 14 31 47 0 25 26 25 40 48 35 8 25 12 48 47 10 6 41 45 25 31 12 32 27 25 40 29 48 26 40 32 30 17 41 5 51
12 14 10 24 16 37 15 7 29 32 27 32 21 16 16 17 19 24 19 15 16 25 34 42 19 31 9 4 12 39 27 37 14 21 28 11 24 16 16 32 23 8 34 23 25 23 9 24 25 0 6 25 16 36 10 23 23 13 23 22 15 21 25 29 26 14 13 36 6 3 15 32 38 22 21 30 7 8 28 21 39
12 18 4 25 21 42 16 4 35 36 33 38 25 15 22 22 25 25 20 16 20 29 40 48 20 37 15 7 9 45 28 43 18 27 34 12 25 16 17 36 27 9 40 28 27 28 13 25 26 6 0 31 14 42 10 24 29 14 23 21 19 23 30 33 32 19 17 42 12 9 15 38 44 28 25 36 4 13 34 22 45
32 19 34 24 12 25 22 31 14 32 17 10 23 37 19 15 14 28 30 27 26 15 17 17 34 12 16 25 36 16 26 12 22 10 4 27 21 30 28 27 16 26 10 10 19 11 23 35 25 25 31 0 38 25 31 31 2 23 39 42 18 19 23 27 1 20 19 11 21 22 33 7 24 4 27 8 31 19 20 26 28
8 30 15 39 32 43 30 10 37 34 34 43 26 4 23 33 28 39 34 30 19 41 41 56 13 39 23 19 5 52 42 51 19 32 42 26 39 30 31 37 39 23 47 39 41 39 15 18 40 16 14 38 0 43 7 38 36 28 12 7 31 37 31 33 39 21 29 49 17 17 9 45 45 35 24 41 10 24 35 36 46
35 39 46 47 33 1 42 41 12 12 10 17 17 39 20 38 18 51 50 46 24 41 9 31 30 13 29 38 44 24 50 27 24 19 28 44 45 49 47 7 42 42 24 35 44 36 29 26 48 36 42 25 43 0 37 53 25 42 34 41 39 42 12 10 26 23 39 31 30 33 34 28 3 23 19 19 41 36 8 48 3
2 24 13 34 24 37 25 6 30 29 28 35 20 6 17 27 20 34 29 25 13 35 35 48 10 32 15 14 7 44 37 43 13 24 34 21 34 25 26 31 33 18 39 32 35 32 8 15 35 10 10 31 7 37 0 33 29 23 13 12 25 31 25 27 32 14 23 42 10 10 5 38 39 28 18 34 6 18 29 31 40
35 14 23 9 21 53 12 28 42 54 43 42 42 39 36 16 35 5 4 8 38 20 47 47 42 42 25 19 33 47 8 43 35 34 32 12 12 8 7 52 18 15 41 23 15 22 31 47 8 23 24 31 38 53 33 0 31 12 46 45 15 14 45 49 32 34 15 40 27 24 38 37 53 32 43 39 28 18 45 5 56
29 18 32 24 11 24 21 29 13 30 15 10 21 34 17 15 12 28 29 26 24 16 16 19 32 12 14 23 34 17 27 14 20 8 6 26 22 29 27 25 17 25 11 11 20 12 21 33 25 23 29 2 36 25 29 31 0 22 37 40 17 19 21 25 3 18 18 13 19 20 31 9 23 2 25 8 29 18 18 26 27
25 4 15 11 11 42 2 18 31 41 32 32 29 29 24 8 24 11 8 4 27 15 36 39 32 32 13 9 23 39 14 35 23 23 24 4 11 7 5 40 13 5 33 15 13 14 20 36 12 13 14 23 28 42 23 12 22 0 36 35 5 9 33 37 24 22 4 32 16 13 28 29 42 22 31 30 18 6 34 8 45
11 37 26 47 35 35 38 19 34 24 30 40 20 9 21 40 26 47 42 38 14 47 37 54 5 37 26 27 16 49 50 49 17 30 43 34 47 38 39 28 46 31 45 43 48 43 17 8 48 23 23 39 12 34 13 46 37 36 0 8 38 44 24 24 40 19 36 50 21 23 8 46 37 35 16 40 19 31 29 44 37
11 36 22 46 36 41 37 17 39 32 35 45 26 6 25 39 30 46 41 37 19 47 42 59 11 41 27 26 12 54 49 53 21 34 46 33 46 37 38 35 45 30 49 44 47 44 19 16 47 22 21 42 7 41 12 45 40 35 8 0 37 43 30 31 43 23 35 53 22 22 9 49 43 39 22 44 17 30 35 43 44
27 1 20 9 6 39 4 21 28 40 29 27 28 31 23 3 22 12 12 9 27 11 32 34 34 27 12 12 26 34 12 30 23 20 19 9 9 12 10 39 9 10 28 10 10 9 21 37 10 15 19 18 31 39 25 15 17 5 38 37 0 6 32 36 19 21 2 27 17 15 30 24 39 17 30 25 21 7 32 10 42
33 7 25 5 9 42 7 27 31 44 32 29 32 37 27 4 25 9 13 11 33 6 35 33 40 30 18 18 32 33 8 29 29 23 18 13 3 14 12 42 4 14 27 9 4 8 27 43 6 21 23 19 37 42 31 14 19 9 44 43 6 0 35 39 19 27 8 26 23 21 36 23 42 20 36 26 27 13 35 9 45
23 31 34 40 26 12 34 29 10 9 6 17 5 27 9 31 10 43 41 37 12 36 13 32 19 13 20 28 32 26 43 27 12 13 27 35 38 40 38 7 36 32 24 31 39 32 17 17 41 25 30 23 31 12 25 45 21 33 24 30 32 35 0 4 24 12 31 31 19 22 22 28 14 19 8 19 29 27 5 40 15
25 35 38 44 30 11 38 32 14 5 10 21 8 29 13 35 14 47 45 41 14 40 15 36 20 17 24 32 34 30 47 31 15 17 31 39 42 44 42 4 40 36 28 35 43 36 20 16 45 29 33 27 33 10 27 49 25 37 24 31 36 39 4 0 28 15 35 35 23 26 24 32 13 23 9 23 32 31 7 44 13
32 20 35 24 13 25 23 32 14 33 18 9 24 37 20 16 15 28 31 28 27 15 17 16 35 13 17 26 37 15 26 11 23 11 3 28 21 31 29 28 16 27 9 10 19 11 24 36 25 26 32 1 39 26 32 32 3 24 40 43 19 19 24 28 0 21 20 10 22 23 34 6 24 5 28 7 32 20 21 27 28
13 21 23 30 18 23 23 18 16 19 14 22 7 18 3 23 7 32 30 26 6 30 21 35 14 19 9 16 21 31 33 30 2 11 24 23 30 28 27 18 29 20 26 25 31 26 6 16 31 14 19 20 21 23 14 34 18 22 19 23 21 27 12 15 21 0 20 31 8 11 14 27 25 16 9 21 18 16 15 30 26
25 1 18 11 7 39 3 19 28 39 29 28 27 29 22 5 21 12 11 8 26 13 33 35 32 28 11 10 24 35 14 31 22 20 20 8 11 11 9 38 11 8 29 12 12 11 19 35 12 13 17 19 29 39 23 15 18 4 36 35 2 8 31 35 20 20 0 28 15 13 28 25 39 18 29 26 19 5 31 10 42
42 28 44 31 21 30 31 42 21 40 25 14 33 47 30 24 25 35 39 36 37 20 22 7 45 18 27 35 47 9 32 5 33 21 8 36 28 39 37 35 22 35 7 17 25 18 34 46 32 36 42 11 49 31 42 40 13 32 50 53 27 26 31 35 10 31 28 0 32 33 44 4 28 15 37 12 42 29 28 35 32
11 16 16 26 14 30 17 11 23 27 21 26 15 16 10 19 13 26 23 19 11 26 28 38 17 25 5 8 16 35 29 33 8 15 24 15 26 20 20 26 25 12 30 22 27 22 4 20 27 6 12 21 17 30 10 27 19 16 21 22 17 23 19 23 22 8 15 32 0 3 13 28 32 18 16 25 11 10 22 24 33
12 14 13 24 14 33 15 9 26 30 24 29 18 16 13 17 16 24 20 16 14 25 31 39 19 28 6 5 14 36 27 34 11 18 25 12 24 17 17 29 23 9 31 22 25 22 7 23 25 3 9 22 17 33 10 24 20 13 23 22 15 21 22 26 23 11 13 33 3 0 15 29 35 19 19 27 9 8 25 21 36
3 29 18 39 27 34 30 11 29 25 26 36 17 5 16 32 21 39 34 30 10 39 33 49 5 32 18 19 11 45 42 44 12 25 37 26 39 30 31 28 38 23 40 35 40 35 10 10 40 15 15 33 9 34 5 38 31 28 8 9 30 36 22 24 34 14 28 44 13 15 0 40 36 30 15 35 11 23 26 36 37
38 25 41 28 18 27 28 38 18 37 22 11 29 43 26 21 21 32 36 33 33 18 19 10 41 15 23 32 43 10 29 6 29 17 5 33 25 36 34 32 19 32 5 14 22 15 30 42 29 32 38 7 45 28 38 37 9 29 46 49 24 23 28 32 6 27 25 4 28 29 40 0 26 11 33 9 38 26 25 32 30
37 39 48 47 33 2 42 43 11 14 11 15 19 41 22 38 19 51 50 46 26 40 7 28 32 12 30 39 46 21 50 24 26 19 27 45 45 49 47 9 40 43 21 34 43 35 31 29 48 38 44 24 45 3 39 53 23 42 37 43 39 42 14 13 24 25 39 28 32 35 36 26 0 22 21 17 43 37 10 48 4
28 18 32 25 11 22 21 28 11 28 13 10 19 33 15 16 10 29 29 26 22 18 15 20 30 10 13 23 33 17 28 15 18 6 8 26 23 29 27 23 19 25 12 13 22 14 20 31 26 22 28 4 35 23 28 32 2 22 35 39 17 20 19 23 5 16 18 15 18 19 30 11 22 0 23 8 28 18 16 27 25
16 30 30 39 27 19 32 23 18 11 14 25 4 20 9 32 13 41 39 35 5 39 21 40 11 21 18 24 25 34 42 34 8 17 31 31 39 36 36 13 38 28 30 34 40 35 12 9 40 21 25 27 24 19 18 43 25 31 16 22 30 36 8 9 28 9 29 37 16 19 15 33 21 23 0 25 23 25 13 39 22
34 26 40 31 19 18 29 36 9 28 13 2 21 39 19 23 14 35 37 34 26 22 10 13 35 6 21 31 41 10 33 8 23 10 10 34 28 37 35 23 23 33 5 17 26 18 26 34 32 30 36 8 41 19 34 39 8 30 40 44 25 26 19 23 7 21 26 12 25 27 35 9 17 8 25 0 36 26 16 34 21
8 20 7 29 23 41 20 0 34 34 32 37 24 11 21 24 24 29 24 20 18 32 39 48 16 36 15 9 5 45 32 43 17 26 34 16 29 20 21 35 30 13 40 30 31 30 12 21 30 7 4 31 10 41 6 28 29 18 19 17 21 27 29 32 32 18 19 42 11 9 11 38 43 28 23 36 0 15 33 26 44
20 6 15 16 8 36 7 15 26 35 26 28 23 24 18 9 18 16 14 10 21 17 31 36 27 27 7 6 20 35 19 31 17 18 21 8 16 13 11 34 15 7 29 15 17 15 14 30 17 8 13 19 24 36 18 18 18 6 31 30 7 13 27 31 20 16 5 29 10 8 23 26 37 18 25 26 15 0 28 14 39
27 31 38 40 26 8 34 33 7 12 3 14 9 31 12 31 10 43 42 38 16 34 8 29 24 10 21 30 36 23 43 24 16 12 24 36 38 41 39 7 35 34 21 29 38 30 21 22 41 28 34 20 35 8 29 45 18 34 29 35 32 35 5 7 21 15 31 28 22 25 26 25 10 16 13 16 33 28 0 40 11
33 9 21 5 16 48 7 26 37 49 38 36 37 37 32 11 30 3 4 6 35 15 42 42 40 37 21 17 31 42 6 38 31 29 27 10 7 7 5 47 13 13 36 18 10 17 28 44 5 21 22 26 36 48 31 5 26 8 44 43 10 9 40 44 27 30 10 35 24 21 36 32 48 27 39 34 26 14 40 0 51
38 42 49 50 36 3 45 44 14 14 13 19 20 42 23 41 21 54 53 49 27 43 11 32 33 16 32 41 47 25 53 28 27 22 31 47 48 52 50 9 44 45 25 38 47 39 32 29 51 39 45 28 46 3 40 56 27 45 37 44 42 45 15 13 28 26 42 32 33 36 37 30 4 25 22 21 44 39 11 51 0
0         757      
272       388      
315       431      
189       309      
462       589      
49        176      
243       359      
310       434      
0         120      
30        140      
0         113      
113       230      
44        155      
583       698      
0         108      
182       296      
0         106      
214       332      
228       343      
238       343      
0         97       
153       285      
11        132      
102       207      
0         67       
78        194      
386       518      
286       415      
319       449      
86        201      
200       322      
100       236      
401       517      
611       733      
143       273      
240       369      
187       323      
221       349      
250       369      
17        143      
190       298      
261       389      
88        194      
165       287      
189       295      
167       293      
383       502      
0         82       
220       328      
299       414      
321       433      
134       249      
344       467      
17        140      
377       489      
475       595      
132       247      
233       361      
351       476      
348       471      
232       366      
170       303      
30        162      
49        166      
131       263      
0         97       
236       364      
98        219      
305       417      
289       405      
0         66       
446       557      
6         125      
139       264      
0         75       
76        194      
340       447      
274       381      
427       535      
212       337      
549       656      
