81
0 53 22 41 21 33 31 7 37 53 22 37 35 31 43 17 38 24 35 48 12 42 28 24 22 42 47 24 45 19 23 12 16 13 41 23 56 24 36 17 36 33 52 57 19 45 20 31 24 44 45 35 25 24 26 48 32 23 30 42 18 5 31 39 39 49 24 5 49 21 47 45 40 22 20 33 28 28 37 5 10
53 0 32 18 31 22 45 46 41 5 30 21 21 40 8 34 17 34 30 5 39 35 23 46 41 15 12 29 20 44 28 38 46 46 10 32 7 26 40 34 37 30 10 7 40 13 42 41 26 7 9 21 44 33 25 10 40 31 28 36 34 50 25 41 42 4 46 45 6 29 11 12 11 37 37 21 44 22 41 50 42
22 32 0 28 9 10 34 18 20 30 11 25 22 15 23 9 15 21 28 29 12 36 14 30 24 19 24 2 33 25 6 11 25 24 21 16 37 11 19 8 17 11 36 38 20 22 23 30 10 24 28 22 15 20 13 25 15 1 8 37 13 20 20 37 22 28 29 17 31 8 31 22 23 21 18 20 30 10 35 20 12
41 18 28 0 21 23 27 34 43 21 19 4 6 40 13 23 20 19 12 13 28 18 14 30 26 22 23 26 5 29 22 28 31 33 12 18 18 17 42 24 39 31 12 19 25 23 27 23 18 13 9 6 43 18 15 23 40 28 28 18 23 40 10 23 44 18 30 35 12 21 7 22 10 22 22 8 27 18 23 40 32
21 31 9 21 0 16 25 14 28 32 2 18 15 23 22 3 18 12 20 28 8 28 7 22 17 23 27 9 26 18 4 8 19 18 20 7 36 4 27 3 25 18 32 36 13 26 16 21 4 23 24 15 23 11 6 29 24 9 15 28 6 20 13 28 30 29 22 15 28 2 26 25 20 13 11 13 22 9 26 20 11
33 22 10 23 16 0 39 28 20 20 17 22 19 18 15 19 5 26 29 21 22 37 14 37 32 9 13 8 28 34 12 21 35 34 14 21 29 14 19 18 16 8 29 29 29 12 32 35 13 16 21 19 21 25 15 15 18 10 6 38 22 30 21 40 21 18 37 27 24 14 25 12 16 28 26 17 36 8 39 30 22
31 45 34 27 25 39 0 25 53 48 22 24 24 48 38 23 39 13 15 40 25 14 25 7 9 44 47 33 26 12 27 26 15 18 36 17 45 24 51 24 49 42 39 46 13 46 11 4 25 39 36 24 45 13 23 48 48 33 38 13 19 34 20 8 54 45 7 28 39 25 34 45 35 12 14 25 3 30 7 34 29
7 46 18 34 14 28 25 0 34 46 15 30 28 28 36 11 31 18 29 42 6 36 21 19 16 36 40 20 38 14 17 7 12 9 34 16 50 18 33 11 32 29 46 50 13 39 14 25 18 37 38 28 24 18 20 42 29 19 26 36 11 9 24 33 36 43 19 3 42 16 40 39 34 16 14 27 22 23 31 9 6
37 41 20 43 28 20 53 34 0 37 30 41 39 6 35 29 25 40 47 41 30 55 32 50 44 26 29 20 48 45 25 29 44 42 34 35 48 30 1 28 4 12 49 48 40 28 43 49 29 36 41 39 12 39 32 31 5 19 15 56 33 32 39 56 2 37 49 32 44 27 45 29 36 41 38 36 50 26 54 32 28
53 5 30 21 32 20 48 46 37 0 31 24 24 36 10 35 15 37 33 8 40 38 25 49 44 11 8 28 24 47 29 39 48 48 12 34 11 28 36 35 33 26 15 11 42 9 44 44 28 9 12 24 41 36 27 6 36 30 26 39 36 50 28 44 38 3 49 46 11 30 15 8 13 40 39 23 47 23 44 50 42
22 30 11 19 2 17 22 15 30 31 0 16 13 25 21 4 19 10 18 27 9 26 6 20 15 24 28 10 24 17 5 9 18 17 19 5 35 3 29 5 26 19 31 35 12 27 15 19 4 22 23 13 25 9 5 29 26 11 16 26 5 21 11 26 31 28 20 16 27 3 25 26 19 11 9 12 20 10 24 21 13
37 21 25 4 18 22 24 30 41 24 16 0 3 37 14 20 19 15 9 16 25 16 11 26 22 23 24 23 8 25 19 25 27 29 13 14 22 14 40 21 37 29 16 23 21 24 23 20 15 15 12 3 40 14 12 24 38 25 26 17 19 37 6 20 42 21 26 32 15 18 11 23 11 18 18 5 23 15 20 37 29
35 21 22 6 15 19 24 28 39 24 13 3 0 35 14 17 17 13 10 16 22 18 8 25 20 21 24 20 11 23 16 22 25 27 12 12 24 11 38 18 35 27 18 25 19 23 21 20 12 15 13 0 37 12 9 24 35 22 23 19 17 34 4 21 40 21 25 29 17 15 13 22 11 16 16 2 23 12 21 34 26
31 40 15 40 23 18 48 28 6 36 25 37 35 0 33 24 23 35 43 39 24 51 27 45 39 25 29 15 45 39 20 23 38 36 32 30 46 25 5 23 5 10 47 47 35 28 38 44 24 34 39 35 6 34 27 31 1 14 12 51 28 26 34 51 8 36 44 26 42 22 43 28 34 36 33 32 45 22 49 26 22
43 8 23 13 22 15 38 36 35 10 21 14 14 33 0 25 10 27 23 6 30 30 15 39 34 10 10 21 17 36 20 30 38 38 2 24 14 18 34 25 31 23 14 14 32 10 34 34 18 1 6 14 36 26 17 10 33 23 21 31 26 42 18 34 36 7 39 37 9 21 10 9 3 30 29 13 37 14 34 42 33
17 34 9 23 3 19 23 11 29 35 4 20 17 24 25 0 21 12 22 31 5 29 10 20 15 26 30 11 28 16 7 5 16 15 23 8 39 7 28 1 26 20 35 39 11 29 14 21 7 26 27 17 22 12 9 32 24 10 17 29 4 17 15 28 31 32 20 12 31 5 29 28 23 11 9 16 20 12 26 17 9
38 17 15 20 18 5 39 31 25 15 19 19 17 23 10 21 0 27 27 16 25 35 14 39 34 5 9 13 25 36 14 24 37 36 9 23 24 16 24 20 21 13 24 24 31 8 34 35 15 11 16 17 26 26 16 11 23 15 11 36 24 35 20 38 26 13 39 31 19 16 20 8 11 30 28 15 37 9 37 35 27
24 34 21 19 12 26 13 18 40 37 10 15 13 35 27 12 27 0 11 29 15 18 13 12 7 32 36 20 22 9 15 16 12 13 25 5 37 12 39 13 36 29 31 38 6 35 7 9 13 28 26 13 34 1 11 37 36 21 26 18 8 27 9 16 41 34 12 21 30 13 26 34 24 3 4 14 10 18 14 27 20
35 30 28 12 20 29 15 29 47 33 18 9 10 43 23 22 27 11 0 25 26 8 15 19 17 31 33 27 11 20 22 27 23 24 22 14 30 17 46 23 43 35 24 31 17 33 18 11 18 24 21 10 43 11 15 33 43 28 32 9 19 38 8 11 48 30 19 32 24 21 19 32 20 14 15 12 15 21 11 38 31
48 5 29 13 28 21 40 42 41 8 27 16 16 39 6 31 16 29 25 0 36 30 20 41 36 15 13 27 16 38 26 35 41 42 8 28 8 23 40 31 37 29 8 9 35 14 36 36 23 5 4 16 42 28 22 12 39 29 27 31 31 47 20 36 42 6 41 42 3 26 7 13 7 32 32 16 39 20 36 47 39
12 39 12 28 8 22 25 6 30 40 9 25 22 24 30 5 25 15 26 36 0 33 15 20 16 30 34 14 32 15 11 1 14 12 28 12 44 12 29 5 27 23 40 44 12 33 14 23 12 31 32 22 21 15 14 36 25 13 20 33 7 13 19 30 32 37 20 7 36 10 34 33 28 13 11 21 22 17 28 13 5
42 35 36 18 28 37 14 36 55 38 26 16 18 51 30 29 35 18 8 30 33 0 23 20 20 39 40 35 15 23 30 34 26 29 29 21 35 25 54 30 51 43 28 36 23 40 22 12 26 31 26 18 51 18 23 40 51 36 40 1 26 45 16 6 56 35 20 39 29 29 24 39 27 20 22 20 16 29 7 45 38
28 23 14 14 7 14 25 21 32 25 6 11 8 27 15 10 14 13 15 20 15 23 0 25 20 19 23 12 19 22 8 15 23 23 13 9 28 3 31 10 28 20 24 29 17 22 20 21 4 16 17 8 29 12 2 24 28 14 17 24 11 27 7 26 33 22 25 22 21 7 19 21 13 16 14 6 23 6 25 27 18
24 46 30 30 22 37 7 19 50 49 20 26 25 45 39 20 39 12 19 41 20 20 25 0 5 44 48 30 30 5 25 21 8 11 37 16 48 23 48 21 46 39 42 49 9 47 6 8 24 40 38 25 41 13 23 49 44 30 36 20 16 28 21 15 51 46 0 22 41 23 37 46 36 9 11 26 4 30 13 28 24
22 41 24 26 17 32 9 16 44 44 15 22 20 39 34 15 34 7 17 36 16 20 20 5 0 39 43 25 28 3 20 17 6 9 32 11 44 18 43 16 41 34 38 45 4 42 2 9 19 35 33 20 37 8 18 44 39 25 31 20 11 25 16 17 46 41 5 19 37 18 33 41 31 4 6 21 6 25 15 25 20
42 15 19 22 23 9 44 36 26 11 24 23 21 25 10 26 5 32 31 15 30 39 19 44 39 0 4 17 26 41 19 29 42 41 10 28 22 21 25 25 22 15 23 22 36 3 39 40 20 10 15 21 30 31 21 6 25 19 15 40 29 39 24 42 27 11 44 36 18 21 19 3 12 35 33 19 42 14 41 39 31
47 12 24 23 27 13 47 40 29 8 28 24 24 29 10 30 9 36 33 13 34 40 23 48 43 4 0 21 27 45 23 33 46 45 12 32 19 25 28 29 25 19 21 19 40 1 43 43 24 10 15 24 34 35 25 2 28 23 19 41 33 43 27 44 30 8 48 40 16 25 19 2 13 39 37 22 46 18 44 43 35
24 29 2 26 9 8 33 20 20 28 10 23 20 15 21 11 13 20 27 27 14 35 12 30 25 17 21 0 31 27 5 13 27 26 19 15 35 10 19 10 16 9 34 35 22 20 25 29 9 22 26 20 17 19 12 23 16 2 6 36 15 22 19 36 21 26 30 19 29 7 29 20 21 21 19 18 30 8 34 22 14
45 20 33 5 26 28 26 38 48 24 24 8 11 45 17 28 25 22 11 16 32 15 19 30 28 26 27 31 0 31 27 33 34 35 16 21 20 22 47 29 44 36 13 21 28 27 29 22 23 17 12 11 48 21 20 27 45 33 33 16 26 45 13 21 49 21 30 39 14 26 9 26 14 25 25 13 26 23 21 45 37
19 44 25 29 18 34 12 14 45 47 17 25 23 39 36 16 36 9 20 38 15 23 22 5 3 41 45 27 31 0 22 16 3 6 34 13 46 20 44 17 42 36 40 47 5 44 2 12 21 37 35 22 36 10 20 46 40 26 33 23 12 23 18 20 47 43 5 17 39 20 35 43 33 6 8 23 9 27 18 23 19
23 28 6 22 4 12 27 17 25 29 5 19 16 20 20 7 14 15 22 26 11 30 8 25 20 19 23 5 27 22 0 10 23 22 18 10 34 5 24 6 21 14 31 34 17 22 20 24 4 21 24 16 21 14 7 25 21 6 11 31 10 22 14 31 26 26 25 17 27 2 26 22 19 16 14 14 25 6 29 22 14
12 38 11 28 8 21 26 7 29 39 9 25 22 23 30 5 24 16 27 35 1 34 15 21 17 29 33 13 33 16 10 0 15 13 28 13 43 12 28 5 26 22 39 44 13 32 15 24 12 31 32 22 20 16 14 35 24 12 19 34 8 12 20 31 31 36 21 7 36 9 34 32 28 14 12 21 23 16 29 12 4
16 46 25 31 19 35 15 12 44 48 18 27 25 38 38 16 37 12 23 41 14 26 23 8 6 42 46 27 34 3 23 15 0 3 36 14 49 21 43 17 41 36 43 50 6 45 5 15 22 39 38 25 35 13 21 47 39 26 33 26 13 20 21 23 46 45 8 15 42 21 38 44 35 9 9 26 12 28 21 20 17
13 46 24 33 18 34 18 9 42 48 17 29 27 36 38 15 36 13 24 42 12 29 23 11 9 41 45 26 35 6 22 13 3 0 36 15 50 20 41 16 39 35 44 51 7 44 7 18 21 39 39 26 33 14 21 46 37 25 32 29 12 17 22 26 44 45 11 12 43 20 39 43 36 10 10 27 15 27 24 17 15
41 10 21 12 20 14 36 34 34 12 19 13 12 32 2 23 9 25 22 8 28 29 13 37 32 10 12 19 16 34 18 28 36 36 0 22 16 16 33 23 30 22 15 16 30 11 32 32 16 3 7 12 35 24 15 12 32 21 20 30 24 40 16 33 35 9 37 35 10 19 11 10 2 28 27 11 35 12 33 40 31
23 32 16 18 7 21 17 16 35 34 5 14 12 30 24 8 23 5 14 28 12 21 9 16 11 28 32 15 21 13 10 13 14 15 22 0 36 7 34 9 31 24 30 37 8 31 11 14 8 25 25 12 30 4 7 33 31 16 21 21 5 24 8 21 36 31 16 18 29 8 25 30 21 7 5 12 15 14 19 24 17
56 7 37 18 36 29 45 50 48 11 35 22 24 46 14 39 24 37 30 8 44 35 28 48 44 22 19 35 20 46 34 43 49 50 16 36 0 31 47 38 44 36 7 1 43 20 44 41 31 13 11 24 50 36 30 17 46 37 35 36 39 55 28 41 49 11 48 50 7 34 11 19 15 40 40 24 45 28 41 55 46
24 26 11 17 4 14 24 18 30 28 3 14 11 25 18 7 16 12 17 23 12 25 3 23 18 21 25 10 22 20 5 12 21 20 16 7 31 0 29 7 26 19 27 32 15 24 18 21 1 19 20 11 26 11 2 26 26 11 15 26 8 24 9 26 31 25 23 19 24 4 22 23 16 14 12 9 22 7 25 24 15
36 40 19 42 27 19 51 33 1 36 29 40 38 5 34 28 24 39 46 40 29 54 31 48 43 25 28 19 47 44 24 28 43 41 33 34 47 29 0 27 3 11 48 47 39 27 42 48 28 35 40 38 11 38 31 30 4 18 14 55 32 31 38 55 3 36 48 31 43 26 44 28 35 39 37 35 48 25 53 31 27
17 34 8 24 3 18 24 11 28 35 5 21 18 23 25 1 20 13 23 31 5 30 10 21 16 25 29 10 29 17 6 5 17 16 23 9 38 7 27 0 25 19 34 39 12 28 15 22 7 26 27 18 21 13 9 31 23 9 16 30 5 16 16 29 30 32 21 12 31 5 29 28 23 12 10 16 21 12 27 16 8
36 37 17 39 25 16 49 32 4 33 26 37 35 5 31 26 21 36 43 37 27 51 28 46 41 22 25 16 44 42 21 26 41 39 30 31 44 26 3 25 0 8 45 44 37 24 40 45 25 32 37 35 11 35 28 27 4 16 11 52 30 31 35 52 5 33 46 31 40 23 41 25 32 37 35 32 46 22 50 31 26
33 30 11 31 18 8 42 29 12 26 19 29 27 10 23 20 13 29 35 29 23 43 20 39 34 15 19 9 36 36 14 22 36 35 22 24 36 19 11 19 8 0 37 37 31 18 34 38 17 24 29 27 15 28 20 21 10 10 3 44 24 29 27 45 13 26 39 28 32 16 33 18 24 30 28 24 39 14 43 29 23
52 10 36 12 32 29 39 46 49 15 31 16 18 47 14 35 24 31 24 8 40 28 24 42 38 23 21 34 13 40 31 39 43 44 15 30 7 27 48 34 45 37 0 8 37 22 38 35 28 13 8 18 50 30 26 19 47 36 35 29 35 50 22 34 50 13 42 46 5 31 5 21 13 34 34 19 39 26 34 50 42
57 7 38 19 36 29 46 50 48 11 35 23 25 47 14 39 24 38 31 9 44 36 29 49 45 22 19 35 21 47 34 44 50 51 16 37 1 32 47 39 44 37 8 0 44 20 45 42 32 13 12 25 50 37 31 17 47 37 35 37 40 55 29 42 49 11 49 51 8 35 12 19 16 41 41 25 46 28 42 55 47
19 40 20 25 13 29 13 13 40 42 12 21 19 35 32 11 31 6 17 35 12 23 17 9 4 36 40 22 28 5 17 13 6 7 30 8 43 15 39 12 37 31 37 44 0 39 3 12 16 33 32 19 33 7 15 41 35 21 28 23 7 22 15 20 42 39 9 16 36 15 32 38 29 3 3 20 10 22 18 22 16
45 13 22 23 26 12 46 39 28 9 27 24 23 28 10 29 8 35 33 14 33 40 22 47 42 3 1 20 27 44 22 32 45 44 11 31 20 24 27 28 24 18 22 20 39 0 42 42 23 10 15 23 33 34 24 3 27 22 18 41 32 42 26 44 29 9 47 39 17 24 19 1 13 38 36 21 45 17 43 42 34
20 42 23 27 16 32 11 14 43 44 15 23 21 38 34 14 34 7 18 36 14 22 20 6 2 39 43 25 29 2 20 15 5 7 32 11 44 18 42 15 40 34 38 45 3 42 0 11 19 35 33 20 35 8 18 44 38 24 31 22 10 23 16 19 45 41 6 17 37 18 33 41 31 4 6 21 8 25 17 23 18
31 41 30 23 21 35 4 25 49 44 19 20 20 44 34 21 35 9 11 36 23 12 21 8 9 40 43 29 22 12 24 24 15 18 32 14 41 21 48 22 45 38 35 42 12 42 11 0 22 35 32 20 43 10 20 44 45 30 35 12 17 34 16 8 50 41 8 28 35 22 30 41 31 9 11 21 4 27 6 34 27
24 26 10 18 4 13 25 18 29 28 4 15 12 24 18 7 15 13 18 23 12 26 4 24 19 20 24 9 23 21 4 12 22 21 16 8 31 1 28 7 25 17 28 32 16 23 19 22 0 19 21 12 25 12 3 25 25 10 14 27 9 23 10 27 30 25 24 19 24 3 23 22 16 15 13 10 23 6 26 23 15
44 7 24 13 23 16 39 37 36 9 22 15 15 34 1 26 11 28 24 5 31 31 16 40 35 10 10 22 17 37 21 31 39 39 3 25 13 19 35 26 32 24 13 13 33 10 35 35 19 0 5 15 37 27 18 10 34 24 22 31 27 42 19 35 37 6 40 38 8 22 9 9 4 31 30 14 38 15 35 42 34
45 9 28 9 24 21 36 38 41 12 23 12 13 39 6 27 16 26 21 4 32 26 17 38 33 15 15 26 12 35 24 32 38 39 7 25 11 20 40 27 37 29 8 12 32 15 33 32 21 5 0 13 42 25 19 15 39 28 27 27 28 43 17 32 42 9 38 39 4 24 4 14 5 29 29 13 35 18 32 43 35
35 21 22 6 15 19 24 28 39 24 13 3 0 35 14 17 17 13 10 16 22 18 8 25 20 21 24 20 11 22 16 22 25 26 12 12 24 11 38 18 35 27 18 25 19 23 20 20 12 15 13 0 37 12 9 24 35 22 23 19 17 34 4 21 40 21 25 29 17 15 13 22 11 16 16 2 23 12 21 34 26
25 44 15 43 23 21 45 24 12 41 25 40 37 6 36 22 26 34 43 42 21 51 29 41 37 30 34 17 48 36 21 20 35 33 35 30 50 26 11 21 11 15 50 50 33 33 35 43 25 37 42 37 0 34 28 36 7 15 15 51 26 20 35 50 14 39 41 22 45 23 46 33 37 33 31 35 42 25 48 20 18
24 33 20 18 11 25 13 18 39 36 9 14 12 34 26 12 26 1 11 28 15 18 12 13 8 31 35 19 21 10 14 16 13 14 24 4 36 11 38 13 35 28 30 37 7 34 8 10 12 27 25 12 34 0 10 36 35 20 25 18 8 27 8 17 40 33 13 21 29 12 25 33 23 4 4 13 11 17 15 27 20
26 25 13 15 6 15 23 20 32 27 5 12 9 27 17 9 16 11 15 22 14 23 2 23 18 21 25 12 20 20 7 14 21 21 15 7 30 2 31 9 28 20 26 31 15 24 18 20 3 18 19 9 28 10 0 26 28 13 17 24 9 25 7 25 33 24 23 21 23 6 21 23 15 14 12 7 21 7 24 25 17
48 10 25 23 29 15 48 42 31 6 29 24 24 31 10 32 11 37 33 12 36 40 24 49 44 6 2 23 27 46 25 35 47 46 12 33 17 26 30 31 27 21 19 17 41 3 44 44 25 10 15 24 36 36 26 0 30 25 21 41 34 45 28 44 32 6 49 42 15 27 19 3 13 40 38 23 47 19 44 45 37
32 40 15 40 24 18 48 29 5 36 26 38 35 1 33 24 23 36 43 39 25 51 28 44 39 25 28 16 45 40 21 24 39 37 32 31 46 26 4 23 4 10 47 47 35 27 38 45 25 34 39 35 7 35 28 30 0 15 12 52 28 27 35 52 7 36 44 27 42 23 43 28 34 35 33 33 44 23 50 27 23
23 31 1 28 9 10 33 19 19 30 11 25 22 14 23 10 15 21 28 29 13 36 14 30 25 19 23 2 33 26 6 12 26 25 21 16 37 11 18 9 16 10 36 37 21 22 24 30 10 24 28 22 15 20 13 25 15 0 7 37 14 21 20 37 21 28 30 18 31 8 31 22 23 21 19 20 30 10 35 21 13
30 28 8 28 15 6 38 26 15 26 16 26 23 12 21 17 11 26 32 27 20 40 17 36 31 15 19 6 33 33 11 19 33 32 20 21 35 15 14 16 11 3 35 35 28 18 31 35 14 22 27 23 15 25 17 21 12 7 0 41 21 27 24 41 16 24 36 25 30 13 31 18 22 27 25 21 36 11 40 27 20
42 36 37 18 28 38 13 36 56 39 26 17 19 51 31 29 36 18 9 31 33 1 24 20 20 40 41 36 16 23 31 34 26 29 30 21 36 26 55 30 52 44 29 37 23 41 22 12 27 31 27 19 51 18 24 41 52 37 41 0 26 45 17 5 57 36 20 39 30 29 25 40 28 20 22 21 16 30 7 45 38
18 34 13 23 6 22 19 11 33 36 5 19 17 28 26 4 24 8 19 31 7 26 11 16 11 29 33 15 26 12 10 8 13 12 24 5 39 8 32 5 30 24 35 40 7 32 10 17 9 27 28 17 26 8 9 34 28 14 21 26 0 19 13 24 35 33 16 13 32 8 30 31 24 7 5 16 16 15 22 19 12
5 50 20 40 20 30 34 9 32 50 21 37 34 26 42 17 35 27 38 47 13 45 27 28 25 39 43 22 45 23 22 12 20 17 40 24 55 24 31 16 31 29 50 55 22 42 23 34 23 42 43 34 20 27 25 45 27 21 27 45 19 0 32 42 34 48 28 6 47 21 45 42 39 25 23 32 31 28 40 0 8
31 25 20 10 13 21 20 24 39 28 11 6 4 34 18 15 20 9 8 20 19 16 7 21 16 24 27 19 13 18 14 20 21 22 16 8 28 9 38 16 35 27 22 29 15 26 16 16 10 19 17 4 35 8 7 28 35 20 24 17 13 32 0 19 40 25 21 26 21 13 17 25 15 12 12 5 19 13 18 32 24
39 41 37 23 28 40 8 33 56 44 26 20 21 51 34 28 38 16 11 36 30 6 26 15 17 42 44 36 21 20 31 31 23 26 33 21 41 26 55 29 52 45 34 42 20 44 19 8 27 35 32 21 50 17 25 44 52 37 41 5 24 42 19 0 57 41 15 36 35 29 30 43 31 17 19 23 11 32 2 42 35
39 42 22 44 30 21 54 36 2 38 31 42 40 8 36 31 26 41 48 42 32 56 33 51 46 27 30 21 49 47 26 31 46 44 35 36 49 31 3 30 5 13 50 49 42 29 45 50 30 37 42 40 14 40 33 32 7 21 16 57 35 34 40 57 0 38 51 34 45 28 46 30 37 42 40 37 51 27 55 34 30
49 4 28 18 29 18 45 43 37 3 28 21 21 36 7 32 13 34 30 6 37 35 22 46 41 11 8 26 21 43 26 36 45 45 9 31 11 25 36 32 33 26 13 11 39 9 41 41 25 6 9 21 39 33 24 6 36 28 24 36 33 48 25 41 38 0 46 43 9 27 13 8 10 37 36 20 44 20 41 48 40
24 46 29 30 22 37 7 19 49 49 20 26 25 44 39 20 39 12 19 41 20 20 25 0 5 44 48 30 30 5 25 21 8 11 37 16 48 23 48 21 46 39 42 49 9 47 6 8 24 40 38 25 41 13 23 49 44 30 36 20 16 28 21 15 51 46 0 22 41 23 37 46 36 9 11 26 4 30 13 28 24
5 45 17 35 15 27 28 3 32 46 16 32 29 26 37 12 31 21 32 42 7 39 22 22 19 36 40 19 39 17 17 7 15 12 35 18 50 19 31 12 31 28 46 51 16 39 17 28 19 38 39 29 22 21 21 42 27 18 25 39 13 6 26 36 34 43 22 0 43 16 41 39 35 19 17 28 25 23 34 6 5
49 6 31 12 28 24 39 42 44 11 27 15 17 42 9 31 19 30 24 3 36 29 21 41 37 18 16 29 14 39 27 36 42 43 10 29 7 24 43 31 40 32 5 8 36 17 37 35 24 8 4 17 45 29 23 15 42 31 30 30 32 47 21 35 45 9 41 43 0 27 5 16 8 33 33 17 38 21 35 47 39
21 29 8 21 2 14 25 16 27 30 3 18 15 22 21 5 16 13 21 26 10 29 7 23 18 21 25 7 26 20 2 9 21 20 19 8 34 4 26 5 23 16 31 35 15 24 18 22 3 22 24 15 23 12 6 27 23 8 13 29 8 21 13 29 28 27 23 16 27 0 26 23 19 14 12 13 23 7 27 21 13
47 11 31 7 26 25 34 40 45 15 25 11 13 43 10 29 20 26 19 7 34 24 19 37 33 19 19 29 9 35 26 34 38 39 11 25 11 22 44 29 41 33 5 12 32 19 33 30 23 9 4 13 46 25 21 19 43 31 31 25 30 45 17 30 46 13 37 41 5 26 0 18 9 29 29 14 34 21 30 45 37
45 12 22 22 25 12 45 39 29 8 26 23 22 28 9 28 8 34 32 13 33 39 21 46 41 3 2 20 26 43 22 32 44 43 10 30 19 23 28 28 25 18 21 19 38 1 41 41 22 9 14 22 33 33 23 3 28 22 18 40 31 42 25 43 30 8 46 39 16 23 18 0 12 37 35 20 44 16 42 42 34
40 11 23 10 20 16 35 34 36 13 19 11 11 34 3 23 11 24 20 7 28 27 13 36 31 12 13 21 14 33 19 28 35 36 2 21 15 16 35 23 32 24 13 16 29 13 31 31 16 4 5 11 37 23 15 13 34 23 22 28 24 39 15 31 37 10 36 35 8 19 9 12 0 27 26 10 34 13 31 39 31
22 37 21 22 13 28 12 16 41 40 11 18 16 36 30 11 30 3 14 32 13 20 16 9 4 35 39 21 25 6 16 14 9 10 28 7 40 14 39 12 37 30 34 41 3 38 4 9 15 31 29 16 33 4 14 40 35 21 27 20 7 25 12 17 42 37 9 19 33 14 29 37 27 0 2 17 9 21 15 25 18
20 37 18 22 11 26 14 14 38 39 9 18 16 33 29 9 28 4 15 32 11 22 14 11 6 33 37 19 25 8 14 12 9 10 27 5 40 12 37 10 35 28 34 41 3 36 6 11 13 30 29 16 31 4 12 38 33 19 25 22 5 23 12 19 40 36 11 17 33 12 29 35 26 2 0 17 11 19 17 23 16
33 21 20 8 13 17 25 27 36 23 12 5 2 32 13 16 15 14 12 16 21 20 6 26 21 19 22 18 13 23 14 21 26 27 11 12 24 9 35 16 32 24 19 25 20 21 21 21 10 14 13 2 35 13 7 23 33 20 21 21 16 32 5 23 37 20 26 28 17 13 14 20 10 17 17 0 24 10 22 32 24
28 44 30 27 22 36 3 22 50 47 20 23 23 45 37 20 37 10 15 39 22 16 23 4 6 42 46 30 26 9 25 23 12 15 35 15 45 22 48 21 46 39 39 46 10 45 8 4 23 38 35 23 42 11 21 47 44 30 36 16 16 31 19 11 51 44 4 25 38 23 34 44 34 9 11 24 0 28 9 31 26
28 22 10 18 9 8 30 23 26 23 10 15 12 22 14 12 9 18 21 20 17 29 6 30 25 14 18 8 23 27 6 16 28 27 12 14 28 7 25 12 22 14 26 28 22 17 25 27 6 15 18 12 25 17 7 19 23 10 11 30 15 28 13 32 27 20 30 23 21 7 21 16 13 21 19 10 28 0 31 28 20
37 41 35 23 26 39 7 31 54 44 24 20 21 49 34 26 37 14 11 36 28 7 25 13 15 41 44 34 21 18 29 29 21 24 33 19 41 25 53 27 50 43 34 42 18 43 17 6 26 35 32 21 48 15 24 44 50 35 40 7 22 40 18 2 55 41 13 34 35 27 30 42 31 15 17 22 9 31 0 40 33
5 50 20 40 20 30 34 9 32 50 21 37 34 26 42 17 35 27 38 47 13 45 27 28 25 39 43 22 45 23 22 12 20 17 40 24 55 24 31 16 31 29 50 55 22 42 23 34 23 42 43 34 20 27 25 45 27 21 27 45 19 0 32 42 34 48 28 6 47 21 45 42 39 25 23 32 31 28 40 0 8
10 42 12 32 11 22 29 6 28 42 13 29 26 22 33 9 27 20 31 39 5 38 18 24 20 31 35 14 37 19 14 4 17 15 31 17 46 15 27 8 26 23 42 47 16 34 18 27 15 34 35 26 18 20 17 37 23 13 20 38 12 8 24 35 30 40 24 5 39 13 37 34 31 18 16 24 26 20 33 8 0
0         823      
117       326      
0         200      
62        335      
15        236      
0         192      
55        231      
0         130      
313       536      
153       372      
0         92       
93        304      
68        333      
300       582      
130       309      
0         140      
132       346      
379       618      
66        238      
578       774      
280       496      
108       313      
0         117      
1         180      
0         235      
178       385      
135       370      
4         147      
215       472      
0         259      
1         222      
0         163      
41        254      
303       490      
89        296      
259       512      
133       304      
0         188      
426       643      
12        178      
342       586      
309       507      
133       290      
254       392      
338       505      
209       402      
5         206      
1         232      
0         194      
164       400      
159       355      
57        299      
415       621      
325       459      
0         190      
171       332      
368       544      
352       555      
0         209      
269       439      
10        231      
0         112      
46        244      
63        211      
319       522      
232       358      
465       734      
0         135      
110       358      
481       601      
225       443      
191       375      
165       356      
0         185      
0         240      
105       275      
76        222      
1         137      
83        279      
387       570      
518       716      
