81
0 31 13 18 10 15 26 23 26 19 10 31 36 24 25 26 5 17 35 20 21 17 32 33 14 24 17 6 30 35 34 24 13 9 31 32 31 32 25 23 14 27 25 19 18 14 21 8 25 31 16 28 5 14 17 22 13 15 27 34 17 14 17 18 28 6 13 34 10 25 25 18 9 8 18 33 11 10 26 16 25
31 0 27 48 21 24 11 20 36 15 20 31 41 55 20 12 33 14 6 10 12 32 10 4 36 28 39 27 41 6 7 16 43 28 11 4 20 11 16 8 36 26 19 33 14 21 41 33 15 10 20 31 34 40 47 16 39 35 32 8 48 28 43 22 13 36 17 5 40 25 31 15 22 33 48 9 28 23 6 29 18
13 27 0 22 10 22 27 28 37 11 12 18 24 32 30 28 18 18 27 18 22 6 33 28 10 11 11 16 42 30 32 13 26 20 33 29 18 33 14 22 27 14 30 30 14 20 34 9 14 32 6 36 18 14 29 12 26 8 36 33 26 2 16 6 30 17 15 29 21 31 12 11 13 21 28 33 3 6 25 26 30
18 48 22 0 27 33 44 41 43 33 28 37 37 11 43 44 21 35 49 37 39 19 50 50 13 30 13 24 44 52 52 35 16 27 49 49 40 50 36 41 28 33 43 36 34 32 35 14 36 49 28 46 19 8 15 34 24 15 45 52 9 21 7 28 46 13 31 51 11 43 30 33 27 24 11 51 20 24 44 34 43
10 21 10 27 0 12 17 18 27 10 2 26 33 34 20 18 14 8 25 11 12 16 24 24 18 19 21 8 32 26 25 15 22 11 23 23 22 23 16 14 20 20 20 20 8 10 26 13 16 22 8 26 14 20 26 13 22 18 26 25 27 12 23 10 20 16 5 25 20 21 21 9 3 16 28 25 10 4 17 16 20
15 24 22 33 12 0 14 8 15 19 10 38 45 36 10 14 12 11 30 16 12 27 20 28 28 31 31 9 20 30 24 24 22 6 19 23 32 20 25 16 13 32 10 9 16 3 17 22 25 19 20 14 14 29 26 22 16 29 14 23 29 24 32 22 15 20 10 29 22 10 33 18 9 11 29 22 21 16 18 5 10
26 11 27 44 17 14 0 9 25 16 15 36 45 50 9 1 26 9 17 9 5 33 6 15 35 30 38 20 30 17 10 19 36 19 6 9 27 6 20 5 27 29 8 22 13 12 30 29 19 5 21 20 27 36 39 18 30 35 21 9 42 29 39 23 3 31 12 16 35 14 33 16 17 24 42 8 27 21 5 18 7
23 20 28 41 18 8 9 0 16 21 16 41 50 44 2 8 20 12 26 15 10 34 13 24 36 35 39 17 21 26 18 26 30 14 11 18 33 12 27 13 20 35 2 13 17 9 21 30 26 12 23 11 22 37 34 24 24 36 12 16 37 30 40 25 8 28 13 25 30 5 36 20 16 19 37 15 28 22 14 11 2
26 36 37 43 27 15 25 16 0 34 25 53 60 43 16 24 22 25 42 30 25 42 29 40 40 46 43 22 5 42 34 39 28 17 27 34 47 28 40 29 15 47 17 7 30 18 10 34 39 28 35 5 24 40 31 37 19 41 4 32 37 38 42 37 24 30 25 41 32 11 48 33 24 19 36 31 35 31 30 11 18
19 15 11 33 10 19 16 21 34 0 11 20 28 42 22 17 24 9 16 7 12 17 22 17 21 14 22 18 39 19 21 5 32 21 22 18 12 22 6 11 30 14 22 28 4 16 35 19 6 21 5 32 24 25 36 3 32 19 32 22 36 13 27 7 19 25 9 18 29 25 17 1 13 26 37 22 13 10 14 24 22
10 20 12 28 2 10 15 16 25 11 0 28 35 34 18 16 13 6 24 10 10 18 21 23 20 21 23 7 30 25 23 16 22 10 21 21 23 21 17 12 19 22 18 19 8 8 25 14 17 20 10 24 14 21 26 14 21 20 24 23 27 14 24 12 18 16 3 24 20 19 23 10 2 15 28 23 12 6 15 15 18
31 31 18 37 26 38 36 41 53 20 28 0 10 48 42 37 36 29 28 27 32 18 40 31 24 7 24 33 58 32 38 16 44 37 41 35 11 41 16 30 45 6 42 46 24 36 52 27 17 40 18 52 36 29 47 17 44 22 52 39 44 18 30 16 38 35 28 32 39 45 7 21 29 39 46 40 21 23 32 42 42
36 41 24 37 33 45 45 50 60 28 35 10 0 48 50 45 41 37 38 35 40 20 49 41 25 14 24 39 65 42 48 25 47 43 50 45 21 50 25 39 50 15 50 53 32 43 57 29 26 49 25 59 41 29 48 26 49 23 59 49 44 22 30 23 47 37 35 42 41 53 12 29 36 44 46 49 25 30 41 49 50
24 55 32 11 34 36 50 44 43 42 34 48 48 0 46 50 24 40 58 44 44 30 55 57 24 41 24 29 44 59 57 45 15 30 55 55 50 55 46 46 28 44 46 36 42 37 34 23 46 54 37 46 22 19 12 43 24 26 45 57 7 31 18 37 51 18 37 58 14 45 41 42 33 25 7 57 29 33 49 35 46
25 20 30 43 20 10 9 2 16 22 18 42 50 46 0 8 22 13 26 16 11 36 13 24 38 36 41 19 21 26 18 27 32 16 11 18 34 12 28 14 21 36 1 14 18 11 22 32 27 12 25 11 24 39 36 25 25 38 12 16 39 32 42 27 8 30 15 25 32 5 38 21 18 21 39 15 30 24 14 12 2
26 12 28 44 18 14 1 8 24 17 16 37 45 50 8 0 26 10 18 10 6 34 6 16 36 31 39 20 29 18 10 20 36 19 5 10 28 6 21 6 27 30 7 21 14 12 29 30 20 5 22 19 27 37 39 19 30 36 20 9 42 30 40 24 2 32 13 17 35 13 34 17 17 24 42 8 28 22 6 18 6
5 33 18 21 14 12 26 20 22 24 13 36 41 24 22 26 0 19 37 23 22 22 32 36 19 29 22 6 24 38 36 29 10 6 31 34 36 32 30 25 8 32 22 15 21 13 15 13 30 31 21 25 2 18 14 27 8 20 24 35 17 19 20 23 27 8 15 37 10 22 30 23 11 3 17 34 16 15 28 13 22
17 14 18 35 8 11 9 12 25 9 6 29 37 40 13 10 19 0 19 5 4 24 15 18 26 23 29 12 30 20 17 14 28 14 15 14 21 15 15 6 23 23 13 20 5 8 28 20 14 14 12 22 19 27 32 12 25 26 23 17 33 20 30 14 12 22 3 19 26 16 25 8 8 19 34 17 18 12 9 16 13
35 6 27 49 25 30 17 26 42 16 24 28 38 58 26 18 37 19 0 14 18 32 16 3 37 25 38 31 47 4 12 14 46 33 17 10 17 17 14 14 42 23 25 39 17 27 47 35 13 16 21 37 38 41 50 15 44 35 38 14 51 29 43 21 19 40 21 4 44 31 28 17 26 38 52 15 29 26 12 35 24
20 10 18 37 11 16 9 15 30 7 10 27 35 44 16 10 23 5 14 0 5 24 15 13 27 21 29 16 35 15 15 11 32 19 15 12 18 15 12 4 28 21 15 25 4 13 33 23 11 14 12 26 23 30 36 10 30 26 27 15 37 20 33 14 12 26 7 14 30 20 24 7 12 24 38 15 19 13 7 21 15
21 12 22 39 12 12 5 10 25 12 10 32 40 44 11 6 22 4 18 5 0 28 11 16 30 26 33 16 30 18 14 16 32 16 11 11 23 11 17 4 24 26 10 21 8 9 29 24 16 10 16 21 23 31 36 15 27 30 22 13 37 24 34 18 8 26 7 17 30 15 29 11 12 21 38 13 22 16 6 17 10
17 32 6 19 16 27 33 34 42 17 18 18 20 30 36 34 22 24 32 24 28 0 39 34 6 11 7 20 46 36 38 18 26 24 39 35 21 39 19 28 30 14 36 34 20 25 37 9 19 38 12 41 21 11 29 17 30 4 41 39 26 4 12 11 36 17 21 35 21 36 11 17 18 25 28 39 6 12 31 31 36
32 10 33 50 24 20 6 13 29 22 21 40 49 55 13 6 32 15 16 15 11 39 0 13 41 36 44 26 34 14 5 24 42 25 2 6 30 1 25 11 33 34 12 26 19 18 34 35 24 1 27 24 33 42 45 24 36 41 25 3 48 35 45 29 5 37 18 13 41 18 39 22 23 30 48 2 33 27 8 24 11
33 4 28 50 24 28 15 24 40 17 23 31 41 57 24 16 36 18 3 13 16 34 13 0 38 28 39 29 45 2 9 16 45 32 14 7 20 14 16 12 40 26 23 37 17 25 45 36 15 13 22 35 36 42 49 17 43 36 36 11 50 30 44 23 16 39 20 1 43 29 31 17 25 37 51 12 30 26 10 33 22
14 36 10 13 18 28 35 36 40 21 20 24 25 24 38 36 19 26 37 27 30 6 41 38 0 17 3 19 43 40 42 23 22 23 41 39 27 41 24 31 27 20 38 33 23 27 34 6 24 40 16 42 18 5 24 22 27 2 41 42 20 8 7 15 38 13 23 39 16 38 17 21 20 22 22 42 8 14 34 30 38
24 28 11 30 19 31 30 35 46 14 21 7 14 41 36 31 29 23 25 21 26 11 36 28 17 0 18 26 51 29 35 12 37 30 36 32 10 36 12 25 37 3 36 39 18 29 44 20 13 35 11 45 29 22 40 12 37 15 45 36 37 11 23 9 33 28 21 29 32 39 3 15 22 32 39 36 14 16 28 35 36
17 39 11 13 21 31 38 39 43 22 23 24 24 24 41 39 22 29 38 29 33 7 44 39 3 18 0 22 46 41 43 24 23 26 44 40 28 44 25 33 30 21 41 36 25 30 37 9 25 43 17 45 20 5 24 23 29 3 44 44 20 10 6 17 41 15 26 40 17 41 17 22 23 25 22 44 11 17 36 33 41
6 27 16 24 8 9 20 17 22 18 7 33 39 29 19 20 6 12 31 16 16 20 26 29 19 26 22 0 26 31 29 23 15 4 25 26 30 26 24 18 12 28 19 14 15 8 19 13 24 25 15 23 7 20 19 21 14 20 22 29 22 17 23 17 22 12 9 30 15 19 28 17 5 8 22 28 14 10 21 11 19
30 41 42 44 32 20 30 21 5 39 30 58 65 44 21 29 24 30 47 35 30 46 34 45 43 51 46 26 0 47 39 44 29 21 32 39 51 33 45 34 16 52 22 11 35 23 10 37 44 33 40 10 26 42 32 42 20 44 9 37 38 42 44 42 29 32 30 46 33 16 53 38 28 21 37 36 39 35 35 15 23
35 6 30 52 26 30 17 26 42 19 25 32 42 59 26 18 38 20 4 15 18 36 14 2 40 29 41 31 47 0 10 18 46 34 16 8 21 15 18 14 42 27 25 39 19 27 47 38 17 14 24 37 38 44 50 19 45 38 38 12 52 32 46 25 18 41 22 1 45 31 32 19 27 39 53 13 32 28 12 35 24
34 7 32 52 25 24 10 18 34 21 23 38 48 57 18 10 36 17 12 15 14 38 5 9 42 35 43 29 39 10 0 23 44 29 7 3 27 6 23 11 37 33 17 31 19 22 39 37 22 6 26 29 36 44 48 23 40 40 30 2 50 34 47 28 10 39 20 9 43 23 38 21 25 34 51 3 34 28 8 28 16
24 16 13 35 15 24 19 26 39 5 16 16 25 45 27 20 29 14 14 11 16 18 24 16 23 12 24 23 44 18 23 0 37 26 24 20 8 24 1 14 35 10 26 33 9 21 40 22 1 23 8 36 29 27 40 2 37 21 37 24 39 14 29 7 22 28 14 17 32 30 15 6 18 31 40 24 15 14 16 29 26
13 43 26 16 22 22 36 30 28 32 22 44 47 15 32 36 10 28 46 32 32 26 42 45 22 37 23 15 29 46 44 37 0 15 40 41 44 41 38 33 13 40 32 21 30 22 19 17 38 40 29 31 8 18 4 35 9 24 30 44 9 26 19 31 36 9 24 45 6 30 37 31 20 10 8 43 23 23 36 20 32
9 28 20 27 11 6 19 14 17 21 10 37 43 30 16 19 6 14 33 19 16 24 25 32 23 30 26 4 21 34 29 26 15 0 24 27 33 25 27 20 9 31 16 10 18 7 15 17 27 24 19 19 8 23 19 24 11 24 18 28 23 21 26 21 21 14 12 33 16 16 32 20 8 5 23 27 18 14 22 7 16
31 11 33 49 23 19 6 11 27 22 21 41 50 55 11 5 31 15 17 15 11 39 2 14 41 36 44 25 32 16 7 24 40 24 0 7 31 1 25 11 31 34 10 24 19 17 32 35 24 1 27 22 32 42 43 24 35 41 23 5 47 35 45 29 4 37 18 14 40 16 39 22 22 29 47 4 33 27 8 22 9
32 4 29 49 23 23 9 18 34 18 21 35 45 55 18 10 34 14 10 12 11 35 6 7 39 32 40 26 39 8 3 20 41 27 7 0 24 7 20 8 35 30 17 31 16 20 39 34 19 6 23 29 33 41 45 20 38 37 30 4 47 31 44 25 10 36 17 7 40 23 35 18 22 32 48 5 31 25 5 27 16
31 20 18 40 22 32 27 33 47 12 23 11 21 50 34 28 36 21 17 18 23 21 30 20 27 10 28 30 51 21 27 8 44 33 31 24 0 31 7 21 42 7 33 40 16 28 47 27 7 30 15 43 36 32 47 9 44 25 44 28 44 19 33 13 29 35 21 21 39 37 12 13 25 38 46 29 21 21 23 36 33
32 11 33 50 23 20 6 12 28 22 21 41 50 55 12 6 32 15 17 15 11 39 1 14 41 36 44 26 33 15 6 24 41 25 1 7 31 0 25 11 32 34 11 25 19 18 33 35 24 1 27 23 33 42 44 24 36 41 24 4 48 35 45 29 5 37 18 14 41 17 39 22 23 30 48 3 33 27 8 23 10
25 16 14 36 16 25 20 27 40 6 17 16 25 46 28 21 30 15 14 12 17 19 25 16 24 12 25 24 45 18 23 1 38 27 25 20 7 25 0 15 36 10 27 34 10 22 41 23 1 24 9 37 30 28 41 3 38 22 38 24 40 15 30 8 23 29 15 17 33 31 15 7 19 32 41 24 16 15 17 30 27
23 8 22 41 14 16 5 13 29 11 12 30 39 46 14 6 25 6 14 4 4 28 11 12 31 25 33 18 34 14 11 14 33 20 11 8 21 11 15 0 28 24 13 25 8 13 33 26 14 10 16 24 25 33 37 13 31 30 25 11 39 24 36 18 8 28 9 13 32 18 28 11 14 25 40 11 23 17 3 21 12
14 36 27 28 20 13 27 20 15 30 19 45 50 28 21 27 8 23 42 28 24 30 33 40 27 37 30 12 16 42 37 35 13 9 31 35 42 32 36 28 0 40 22 8 27 15 7 21 36 32 27 18 10 26 16 33 4 28 17 36 22 27 28 29 28 16 21 41 17 18 38 29 17 5 21 35 24 22 30 9 22
27 26 14 33 20 32 29 35 47 14 22 6 15 44 36 30 32 23 23 21 26 14 34 26 20 3 21 28 52 27 33 10 40 31 34 30 7 34 10 24 40 0 36 40 18 30 46 23 11 33 12 45 32 25 43 11 40 18 46 34 40 14 26 10 32 31 22 27 35 39 5 15 23 35 42 34 17 18 26 36 36
25 19 30 43 20 10 8 2 17 22 18 42 50 46 1 7 22 13 25 15 10 36 12 23 38 36 41 19 22 25 17 26 32 16 10 17 33 11 27 13 22 36 0 15 18 11 23 32 26 11 25 12 24 39 35 25 26 38 13 15 39 32 42 27 7 30 15 24 32 6 38 21 18 21 39 14 30 24 13 13 1
19 33 30 36 20 9 22 13 7 28 19 46 53 36 14 21 15 20 39 25 21 34 26 37 33 39 36 14 11 39 31 33 21 10 24 31 40 25 34 25 8 40 15 0 25 12 8 27 34 25 28 10 17 33 24 31 12 34 9 29 30 31 35 30 21 23 19 38 25 10 41 27 17 12 29 28 28 24 27 4 15
18 14 14 34 8 16 13 17 30 4 8 24 32 42 18 14 21 5 17 4 8 20 19 17 23 18 25 15 35 19 19 9 30 18 19 16 16 19 10 8 27 18 18 25 0 13 32 20 9 18 8 27 22 26 34 7 29 22 28 19 35 16 29 10 16 24 6 18 28 21 21 3 10 23 36 19 15 10 11 21 18
14 21 20 32 10 3 12 9 18 16 8 36 43 37 11 12 13 8 27 13 9 25 18 25 27 29 30 8 23 27 22 21 22 7 17 20 28 18 22 13 15 30 11 12 13 0 20 21 22 17 17 17 15 28 26 19 18 27 17 21 30 22 31 19 14 20 7 26 23 11 30 15 7 12 30 20 19 14 15 8 11
21 41 34 35 26 17 30 21 10 35 25 52 57 34 22 29 15 28 47 33 29 37 34 45 34 44 37 19 10 47 39 40 19 15 32 39 47 33 41 33 7 46 23 8 32 20 0 28 41 33 34 15 17 33 22 38 10 35 14 37 28 34 35 36 29 23 26 46 23 18 45 34 23 12 27 36 31 29 35 12 23
8 33 9 14 13 22 29 30 34 19 14 27 29 23 32 30 13 20 35 23 24 9 35 36 6 20 9 13 37 38 37 22 17 17 35 34 27 35 23 26 21 23 32 27 20 21 28 0 23 34 14 36 12 7 20 20 21 7 35 37 17 9 10 14 32 8 17 37 12 32 20 19 14 16 19 37 6 10 29 24 32
25 15 14 36 16 25 19 26 39 6 17 17 26 46 27 20 30 14 13 11 16 19 24 15 24 13 25 24 44 17 22 1 38 27 24 19 7 24 1 14 36 11 26 34 9 22 41 23 0 23 9 36 30 28 41 3 38 22 37 23 40 15 30 8 22 29 15 16 33 30 16 7 19 32 41 23 16 15 16 30 26
31 10 32 49 22 19 5 12 28 21 20 40 49 54 12 5 31 14 16 14 10 38 1 13 40 35 43 25 33 14 6 23 40 24 1 6 30 1 24 10 32 33 11 25 18 17 33 34 23 0 26 23 32 41 43 23 35 40 24 4 47 34 44 28 4 36 17 13 40 17 38 21 22 29 47 3 32 26 7 23 10
16 20 6 28 8 20 21 23 35 5 10 18 25 37 25 22 21 12 21 12 16 12 27 22 16 11 17 15 40 24 26 8 29 19 27 23 15 27 9 16 27 12 25 28 8 17 34 14 9 26 0 34 21 20 32 6 29 14 34 27 31 8 22 2 24 20 10 23 24 28 13 5 11 23 32 27 8 6 19 24 25
28 31 36 46 26 14 20 11 5 32 24 52 59 46 11 19 25 22 37 26 21 41 24 35 42 45 45 23 10 37 29 36 31 19 22 29 43 23 37 24 18 45 12 10 27 17 15 36 36 23 34 0 27 42 34 34 22 43 1 27 40 38 45 36 19 33 24 36 35 6 47 30 23 22 39 26 35 30 25 12 13
5 34 18 19 14 14 27 22 24 24 14 36 41 22 24 27 2 19 38 23 23 21 33 36 18 29 20 7 26 38 36 29 8 8 32 33 36 33 30 25 10 32 24 17 22 15 17 12 30 32 21 27 0 16 12 27 9 19 26 36 15 19 18 23 29 6 16 37 8 24 30 23 12 5 15 35 16 15 28 15 24
14 40 14 8 20 29 36 37 40 25 21 29 29 19 39 37 18 27 41 30 31 11 42 42 5 22 5 20 42 44 44 27 18 23 42 41 32 42 28 33 26 25 39 33 26 28 33 7 28 41 20 42 16 0 19 26 24 7 41 44 15 13 3 20 39 10 24 43 12 39 22 25 21 21 17 44 12 17 36 30 39
17 47 29 15 26 26 39 34 31 36 26 47 48 12 36 39 14 32 50 36 36 29 45 49 24 40 24 19 32 50 48 40 4 19 43 45 47 44 41 37 16 43 35 24 34 26 22 20 41 43 32 34 12 19 0 38 12 25 33 47 6 29 20 34 40 12 28 49 8 34 40 35 24 14 5 46 26 26 40 24 35
22 16 12 34 13 22 18 24 37 3 14 17 26 43 25 19 27 12 15 10 15 17 24 17 22 12 23 21 42 19 23 2 35 24 24 20 9 24 3 13 33 11 25 31 7 19 38 20 3 23 6 34 27 26 38 0 35 20 35 24 37 13 28 6 21 26 12 18 30 28 15 4 16 29 38 24 14 12 16 27 25
13 39 26 24 22 16 30 24 19 32 21 44 49 24 25 30 8 25 44 30 27 30 36 43 27 37 29 14 20 45 40 37 9 11 35 38 44 36 38 31 4 40 26 12 29 18 10 21 38 35 29 22 9 24 12 35 0 28 21 39 18 27 26 31 31 14 23 44 13 22 38 31 19 6 17 38 24 23 33 13 26
15 35 8 15 18 29 35 36 41 19 20 22 23 26 38 36 20 26 35 26 30 4 41 36 2 15 3 20 44 38 40 21 24 24 41 37 25 41 22 30 28 18 38 34 22 27 35 7 22 40 14 43 19 7 25 20 28 0 42 41 22 7 8 14 38 15 23 37 18 38 15 19 20 23 24 41 8 14 33 31 38
27 32 36 45 26 14 21 12 4 32 24 52 59 45 12 20 24 23 38 27 22 41 25 36 41 45 44 22 9 38 30 37 30 18 23 30 44 24 38 25 17 46 13 9 28 17 14 35 37 24 34 1 26 41 33 35 21 42 0 28 39 38 44 36 20 32 24 37 34 7 47 31 23 21 38 27 35 30 26 11 14
34 8 33 52 25 23 9 16 32 22 23 39 49 57 16 9 35 17 14 15 13 39 3 11 42 36 44 29 37 12 2 24 44 28 5 4 28 4 24 11 36 34 15 29 19 21 37 37 23 4 27 27 36 44 47 24 39 41 28 0 50 35 47 29 8 39 20 11 43 21 39 22 25 33 51 1 34 28 8 27 14
17 48 26 9 27 29 42 37 37 36 27 44 44 7 39 42 17 33 51 37 37 26 48 50 20 37 20 22 38 52 50 39 9 23 47 47 44 48 40 39 22 40 39 30 35 30 28 17 40 47 31 40 15 15 6 37 18 22 39 50 0 26 14 31 44 11 30 51 7 38 37 35 26 18 2 50 23 26 42 28 39
14 28 2 21 12 24 29 30 38 13 14 18 22 31 32 30 19 20 29 20 24 4 35 30 8 11 10 17 42 32 34 14 26 21 35 31 19 35 15 24 27 14 32 31 16 22 34 9 15 34 8 38 19 13 29 13 27 7 38 35 26 0 15 7 32 17 17 31 21 33 11 13 15 22 28 35 3 8 27 28 32
17 43 16 7 23 32 39 40 42 27 24 30 30 18 42 40 20 30 43 33 34 12 45 44 7 23 6 23 44 46 47 29 19 26 45 44 33 45 30 36 28 26 42 35 29 31 35 10 30 44 22 45 18 3 20 28 26 8 44 47 14 15 0 22 42 13 27 45 13 42 23 27 24 23 16 47 15 20 39 33 42
18 22 6 28 10 22 23 25 37 7 12 16 23 37 27 24 23 14 21 14 18 11 29 23 15 9 17 17 42 25 28 7 31 21 29 25 13 29 8 18 29 10 27 30 10 19 36 14 8 28 2 36 23 20 34 6 31 14 36 29 31 7 22 0 26 22 12 24 26 30 11 7 13 25 33 29 8 8 21 26 27
28 13 30 46 20 15 3 8 24 19 18 38 47 51 8 2 27 12 19 12 8 36 5 16 38 33 41 22 29 18 10 22 36 21 4 10 29 5 23 8 28 32 7 21 16 14 29 32 22 4 24 19 29 39 40 21 31 38 20 8 44 32 42 26 0 34 15 17 37 13 36 19 19 26 44 7 30 24 7 19 6
6 36 17 13 16 20 31 28 30 25 16 35 37 18 30 32 8 22 40 26 26 17 37 39 13 28 15 12 32 41 39 28 9 14 37 36 35 37 29 28 16 31 30 23 24 20 23 8 29 36 20 33 6 10 12 26 14 15 32 39 11 17 13 22 34 0 19 40 4 30 28 24 15 11 12 39 14 15 31 21 30
13 17 15 31 5 10 12 13 25 9 3 28 35 37 15 13 15 3 21 7 7 21 18 20 23 21 26 9 30 22 20 14 24 12 18 17 21 18 15 9 21 22 15 19 6 7 26 17 15 17 10 24 16 24 28 12 23 23 24 20 30 17 27 12 15 19 0 21 23 18 23 8 5 17 31 20 15 9 12 15 15
34 5 29 51 25 29 16 25 41 18 24 32 42 58 25 17 37 19 4 14 17 35 13 1 39 29 40 30 46 1 9 17 45 33 14 7 21 14 17 13 41 27 24 38 18 26 46 37 16 13 23 36 37 43 49 18 44 37 37 11 51 31 45 24 17 40 21 0 44 30 32 18 26 38 52 12 31 27 11 34 23
10 40 21 11 20 22 35 30 32 29 20 39 41 14 32 35 10 26 44 30 30 21 41 43 16 32 17 15 33 45 43 32 6 16 40 40 39 41 33 32 17 35 32 25 28 23 23 12 33 40 24 35 8 12 8 30 13 18 34 43 7 21 13 26 37 4 23 44 0 32 32 28 19 13 8 43 18 19 35 23 32
25 25 31 43 21 10 14 5 11 25 19 45 53 45 5 13 22 16 31 20 15 36 18 29 38 39 41 19 16 31 23 30 30 16 16 23 37 17 31 18 18 39 6 10 21 11 18 32 30 17 28 6 24 39 34 28 22 38 7 21 38 33 42 30 13 30 18 30 32 0 41 24 18 19 37 20 30 25 19 9 7
25 31 12 30 21 33 33 36 48 17 23 7 12 41 38 34 30 25 28 24 29 11 39 31 17 3 17 28 53 32 38 15 37 32 39 35 12 39 15 28 38 5 38 41 21 30 45 20 16 38 13 47 30 22 40 15 38 15 47 39 37 11 23 11 36 28 23 32 32 41 0 18 24 33 39 39 14 18 31 37 38
18 15 11 33 9 18 16 20 33 1 10 21 29 42 21 17 23 8 17 7 11 17 22 17 21 15 22 17 38 19 21 6 31 20 22 18 13 22 7 11 29 15 21 27 3 15 34 19 7 21 5 30 23 25 35 4 31 19 31 22 35 13 27 7 19 24 8 18 28 24 18 0 12 25 36 22 13 9 14 23 21
9 22 13 27 3 9 17 16 24 13 2 29 36 33 18 17 11 8 26 12 12 18 23 25 20 22 23 5 28 27 25 18 20 8 22 22 25 23 19 14 17 23 18 17 10 7 23 14 19 22 11 23 12 21 24 16 19 20 23 25 26 15 24 13 19 15 5 26 19 18 24 12 0 13 27 25 12 7 17 13 18
8 33 21 24 16 11 24 19 19 26 15 39 44 25 21 24 3 19 38 24 21 25 30 37 22 32 25 8 21 39 34 31 10 5 29 32 38 30 32 25 5 35 21 12 23 12 12 16 32 29 23 22 5 21 14 29 6 23 21 33 18 22 23 25 26 11 17 38 13 19 33 25 13 0 18 32 19 17 27 10 21
18 48 28 11 28 29 42 37 36 37 28 46 46 7 39 42 17 34 52 38 38 28 48 51 22 39 22 22 37 53 51 40 8 23 47 48 46 48 41 40 21 42 39 29 36 30 27 19 41 47 32 39 15 17 5 38 17 24 38 51 2 28 16 33 44 12 31 52 8 37 39 36 27 18 0 50 25 27 43 28 39
33 9 33 51 25 22 8 15 31 22 23 40 49 57 15 8 34 17 15 15 13 39 2 12 42 36 44 28 36 13 3 24 43 27 4 5 29 3 24 11 35 34 14 28 19 20 36 37 23 3 27 26 35 44 46 24 38 41 27 1 50 35 47 29 7 39 20 12 43 20 39 22 25 32 50 0 34 28 8 26 13
11 28 3 20 10 21 27 28 35 13 12 21 25 29 30 28 16 18 29 19 22 6 33 30 8 14 11 14 39 32 34 15 23 18 33 31 21 33 16 23 24 17 30 28 15 19 31 6 16 32 8 35 16 12 26 14 24 8 35 34 23 3 15 8 30 14 15 31 18 30 14 13 12 19 25 34 0 6 26 25 30
10 23 6 24 4 16 21 22 31 10 6 23 30 33 24 22 15 12 26 13 16 12 27 26 14 16 17 10 35 28 28 14 23 14 27 25 21 27 15 17 22 18 24 24 10 14 29 10 15 26 6 30 15 17 26 12 23 14 30 28 26 8 20 8 24 15 9 27 19 25 18 9 7 17 27 28 6 0 20 20 24
26 6 25 44 17 18 5 14 30 14 15 32 41 49 14 6 28 9 12 7 6 31 8 10 34 28 36 21 35 12 8 16 36 22 8 5 23 8 17 3 30 26 13 27 11 15 35 29 16 7 19 25 28 36 40 16 33 33 26 8 42 27 39 21 7 31 12 11 35 19 31 14 17 27 43 8 26 20 0 23 12
16 29 26 34 16 5 18 11 11 24 15 42 49 35 12 18 13 16 35 21 17 31 24 33 30 35 33 11 15 35 28 29 20 7 22 27 36 23 30 21 9 36 13 4 21 8 12 24 30 23 24 12 15 30 24 27 13 31 11 27 28 28 33 26 19 21 15 34 23 9 37 23 13 10 28 26 25 20 23 0 13
25 18 30 43 20 10 7 2 18 22 18 42 50 46 2 6 22 13 24 15 10 36 11 22 38 36 41 19 23 24 16 26 32 16 9 16 33 10 27 12 22 36 1 15 18 11 23 32 26 10 25 13 24 39 35 25 26 38 14 14 39 32 42 27 6 30 15 23 32 7 38 21 18 21 39 13 30 24 12 13 0
0         785      
306       482      
334       545      
139       275      
0         143      
0         78       
370       506      
301       428      
216       425      
0         141      
142       361      
412       550      
432       579      
119       252      
253       456      
252       428      
0         121      
463       639      
288       457      
360       562      
347       509      
9         210      
292       478      
569       721      
0         194      
426       642      
0         191      
176       320      
263       398      
342       460      
294       512      
21        165      
51        284      
0         94       
276       485      
300       512      
391       604      
255       483      
484       668      
352       558      
202       373      
361       596      
554       708      
220       449      
0         136      
0         90       
211       351      
39        177      
0         141      
315       428      
0         141      
579       757      
50        208      
48        227      
92        270      
27        172      
176       326      
32        191      
210       401      
519       652      
113       268      
40        173      
19        222      
0         210      
266       440      
25        221      
371       548      
290       495      
89        243      
253       483      
404       593      
0         135      
0         146      
0         104      
228       395      
284       442      
125       303      
0         129      
318       525      
0         103      
580       756      
