81
0 34 34 11 23 16 33 4 33 27 13 22 36 35 26 35 14 36 46 13 33 26 19 17 38 8 33 16 37 26 15 2 8 27 30 15 27 25 11 28 22 27 8 27 38 31 10 29 20 38 36 32 37 25 31 25 33 23 9 18 11 31 33 27 32 36 16 35 40 5 36 35 35 20 13 36 11 15 12 27 16
34 0 31 43 11 19 17 35 33 21 22 33 14 8 8 28 22 32 11 45 16 16 22 28 12 27 30 19 20 22 20 35 34 25 28 19 34 21 26 30 36 18 33 28 36 28 43 31 38 6 36 10 19 26 3 32 22 37 40 16 43 35 12 13 34 2 36 24 10 34 6 20 24 14 45 2 42 25 38 22 38
34 31 0 45 29 22 14 31 3 10 22 12 18 38 25 52 34 56 37 47 15 15 16 17 41 26 52 32 13 42 31 33 27 8 49 21 8 41 23 6 14 13 27 7 58 49 38 50 17 28 5 37 14 9 28 9 46 13 34 31 45 54 39 35 4 31 46 7 27 38 26 46 48 28 46 31 45 37 45 42 47
11 43 45 0 31 26 44 14 44 38 24 33 46 42 34 36 20 37 54 2 43 36 30 28 44 19 34 23 48 29 22 12 18 38 31 26 38 28 22 39 32 38 18 38 37 32 11 29 30 47 47 39 48 36 39 36 36 33 13 25 2 30 38 33 43 44 13 46 50 8 46 38 37 28 4 44 1 18 6 30 11
23 11 29 31 0 11 20 25 31 19 14 27 20 12 5 23 10 26 22 33 19 14 16 21 16 18 23 7 25 13 8 24 25 22 19 12 29 12 19 27 29 16 25 24 29 20 33 22 31 16 34 11 24 22 8 27 17 30 31 5 31 26 12 6 31 13 25 25 20 22 16 17 19 4 33 13 30 14 26 13 26
16 19 22 26 11 0 18 15 23 13 3 17 20 23 10 31 12 34 30 28 17 10 6 10 27 8 31 10 23 21 9 16 15 14 28 1 19 20 8 18 18 12 15 15 37 28 24 28 20 22 25 22 22 13 15 17 27 19 21 10 27 32 23 17 22 20 26 21 24 18 21 28 29 7 29 20 26 16 25 22 27
33 17 14 44 20 18 0 31 17 7 20 20 4 25 15 43 29 46 23 46 1 8 14 19 29 25 43 26 5 33 26 33 29 11 39 18 19 32 22 15 23 6 29 13 49 40 40 42 26 14 19 26 4 12 15 17 36 22 36 24 44 46 27 25 18 17 44 7 13 36 12 35 38 20 45 17 44 33 43 33 45
4 35 31 14 25 15 31 0 30 24 12 19 34 37 25 38 17 40 45 16 31 24 16 14 40 7 36 18 34 29 17 2 4 24 33 14 24 28 8 25 18 24 4 24 41 34 9 32 16 37 33 34 34 22 30 22 36 19 6 20 14 35 35 29 29 35 20 32 39 9 35 38 38 21 15 35 14 18 15 30 20
33 33 3 44 31 23 17 30 0 12 23 11 21 40 27 54 35 57 40 46 18 17 17 16 43 25 54 33 16 43 32 32 26 9 50 22 6 42 22 5 12 15 26 7 60 50 37 51 15 31 3 39 17 9 30 8 48 11 33 32 44 55 41 37 1 33 47 10 30 37 29 48 50 28 45 33 44 38 44 43 47
27 21 10 38 19 13 7 24 12 0 15 12 11 27 15 42 25 45 29 40 8 5 8 12 31 19 42 22 11 32 22 26 22 4 38 13 13 31 16 9 15 3 22 7 48 39 33 40 18 20 15 27 10 5 18 11 36 16 30 21 38 44 29 25 13 22 39 8 19 31 18 36 38 18 39 22 38 29 38 32 40
13 22 22 24 14 3 20 12 23 15 0 15 22 26 13 32 12 35 33 26 19 12 7 8 30 5 32 10 25 22 10 13 12 15 28 2 19 20 5 18 16 14 12 15 38 29 21 29 18 25 25 25 24 13 18 16 28 17 18 11 24 32 26 20 22 23 24 23 27 16 23 29 30 10 26 23 24 15 23 22 25
22 33 12 33 27 17 20 19 11 12 15 0 23 38 25 47 27 50 41 35 20 17 11 7 42 16 47 25 22 37 25 21 15 9 43 16 5 35 13 6 3 15 15 7 53 44 26 44 6 32 14 37 22 7 30 3 43 4 22 26 33 47 39 33 10 34 38 16 31 27 30 44 45 24 34 34 33 30 34 37 38
36 14 18 46 20 20 4 34 21 11 22 23 0 22 15 42 30 46 19 48 3 10 17 22 26 27 42 27 6 33 27 35 32 14 39 20 23 32 25 19 26 9 32 17 48 40 43 42 29 10 23 24 5 16 14 21 35 26 39 25 46 46 26 25 22 13 45 11 9 38 8 34 37 21 48 13 46 34 45 33 46
35 8 38 42 12 23 25 37 40 27 26 38 22 0 13 21 21 25 16 44 23 22 27 33 4 30 23 19 28 16 20 36 37 31 21 24 40 15 31 36 41 24 37 34 29 21 45 24 43 13 42 3 27 32 9 38 15 42 43 17 43 28 5 8 40 9 34 31 17 34 14 13 17 16 45 9 42 23 37 15 36
26 8 25 34 5 10 15 25 27 15 13 25 15 13 0 27 15 31 19 36 14 10 14 20 17 18 27 12 20 18 12 26 25 19 24 11 27 17 18 23 28 12 25 21 33 25 34 27 30 13 30 13 19 19 5 25 21 29 31 10 35 31 14 10 28 10 30 21 16 26 12 21 23 6 37 10 34 19 31 18 31
35 28 52 36 23 31 43 38 54 42 32 47 42 21 27 0 22 4 37 38 41 37 37 40 20 35 2 22 47 10 23 37 41 45 5 32 50 11 36 49 48 39 41 46 8 4 45 7 49 34 56 18 46 44 27 48 6 49 44 21 38 8 16 17 53 30 23 48 38 32 34 8 4 24 40 30 37 20 30 10 25
14 22 34 20 10 12 29 17 35 25 12 27 30 21 15 22 0 24 32 22 28 21 17 20 24 13 20 3 34 12 3 16 19 25 17 12 31 11 15 29 28 23 19 27 26 18 24 17 28 26 37 18 33 24 18 28 19 29 23 5 22 21 19 13 33 23 15 32 30 13 26 21 21 9 24 23 21 4 16 13 16
36 32 56 37 26 34 46 40 57 45 35 50 46 25 31 4 24 0 41 39 45 40 40 43 24 37 3 25 51 13 26 38 43 48 6 35 53 14 39 52 51 42 43 49 4 5 46 8 52 38 59 22 50 47 31 51 10 52 45 24 39 7 20 20 56 34 24 51 42 33 38 12 8 27 41 34 38 21 31 12 26
46 11 37 54 22 30 23 45 40 29 33 41 19 16 19 37 32 41 0 54 22 24 31 37 17 37 39 29 24 32 30 45 44 33 37 30 42 31 37 38 44 26 44 36 45 37 53 40 46 9 42 19 23 34 14 40 31 45 50 27 53 44 21 23 41 9 47 30 10 44 11 29 33 25 55 9 52 36 48 31 48
13 45 47 2 33 28 46 16 46 40 26 35 48 44 36 38 22 39 54 0 45 38 32 30 46 21 36 25 50 31 24 14 20 40 33 28 40 30 24 41 34 40 20 40 39 34 11 31 32 48 49 40 50 38 40 38 38 35 14 27 2 32 40 35 45 45 15 48 52 10 48 40 39 30 2 45 2 20 8 32 13
33 16 15 43 19 17 1 31 18 8 19 20 3 23 14 41 28 45 22 45 0 7 14 19 27 24 41 25 6 32 25 32 29 11 38 17 20 31 22 16 23 6 29 14 47 39 40 41 26 13 20 24 5 13 14 18 35 23 36 23 43 45 26 24 19 16 43 8 12 35 11 34 37 19 45 16 43 32 42 32 44
26 16 15 36 14 10 8 24 17 5 12 17 10 22 10 37 21 40 24 38 7 0 7 13 26 17 37 18 13 27 18 25 22 9 33 10 18 26 15 14 20 2 22 12 43 34 33 36 22 15 20 22 12 10 13 16 31 21 29 17 36 40 24 20 18 17 36 11 16 28 13 31 33 13 38 17 36 25 35 27 37
19 22 16 30 16 6 14 16 17 8 7 11 17 27 14 37 17 40 31 32 14 7 0 6 31 11 37 15 18 27 15 18 15 8 33 5 13 25 8 12 14 8 15 9 43 34 25 34 16 22 19 26 18 7 19 11 33 15 22 15 30 37 28 22 16 23 31 16 23 23 20 33 35 13 31 23 30 21 30 27 32
17 28 17 28 21 10 19 14 16 12 8 7 22 33 20 40 20 43 37 30 19 13 6 0 37 9 40 18 23 30 18 16 10 10 36 9 10 28 6 11 8 13 10 10 46 37 22 37 10 28 19 32 22 8 25 8 36 9 18 19 28 40 33 27 15 29 31 18 29 21 26 37 38 17 29 29 28 23 28 30 31
38 12 41 44 16 27 29 40 43 31 30 42 26 4 17 20 24 24 17 46 27 26 31 37 0 34 22 22 32 16 23 39 41 35 20 28 44 16 35 40 45 28 41 38 28 20 48 23 47 16 46 5 31 36 13 42 14 46 46 19 46 27 5 10 44 12 35 35 20 36 17 12 16 20 47 12 44 25 39 16 37
8 27 26 19 18 8 25 7 25 19 5 16 27 30 18 35 13 37 37 21 24 17 11 9 34 0 33 13 29 24 12 8 7 19 30 7 19 23 3 20 17 19 7 19 39 31 16 29 16 30 28 29 29 17 23 17 31 18 13 15 19 32 30 24 24 28 22 27 32 12 28 33 33 14 21 28 19 15 19 25 22
33 30 52 34 23 31 43 36 54 42 32 47 42 23 27 2 20 3 39 36 41 37 37 40 22 33 0 21 47 9 22 35 39 44 3 31 50 10 35 48 48 38 39 46 6 2 43 5 48 36 56 20 46 43 28 47 8 49 42 20 36 6 18 17 52 32 21 47 40 30 36 10 6 23 38 32 35 18 28 9 23
16 19 32 23 7 10 26 18 33 22 10 25 27 19 12 22 3 25 29 25 25 18 15 18 22 13 21 0 31 11 1 17 20 23 18 10 28 10 14 27 26 20 20 24 27 18 26 19 27 23 34 16 30 22 15 26 18 27 24 2 24 22 17 11 31 20 18 29 27 15 23 20 20 6 26 20 23 7 19 12 19
37 20 13 48 25 23 5 34 16 11 25 22 6 28 20 47 34 51 24 50 6 13 18 23 32 29 47 31 0 38 31 36 33 13 44 23 20 37 26 16 25 11 33 15 53 45 43 47 28 16 18 30 1 15 20 19 41 24 40 29 48 51 32 30 17 19 49 6 14 41 14 40 43 25 49 19 48 38 48 38 50
26 22 42 29 13 21 33 29 43 32 22 37 33 16 18 10 12 13 32 31 32 27 27 30 16 24 9 11 38 0 12 28 31 34 7 21 39 1 25 38 37 29 31 35 15 7 36 9 38 28 45 13 37 33 20 37 7 38 35 11 31 13 11 9 42 24 19 38 32 23 28 9 9 14 33 24 30 11 24 1 21
15 20 31 22 8 9 26 17 32 22 10 25 27 20 12 23 3 26 30 24 25 18 15 18 23 12 22 1 31 12 0 16 19 23 19 10 28 11 13 27 26 20 19 24 27 19 25 19 26 24 34 17 30 22 16 26 19 27 23 3 23 23 18 12 31 21 18 29 28 14 24 21 21 6 25 21 22 7 19 13 19
2 35 33 12 24 16 33 2 32 26 13 21 35 36 26 37 16 38 45 14 32 25 18 16 39 8 35 17 36 28 16 0 6 26 32 15 26 27 10 27 20 26 6 26 40 33 9 31 18 38 35 33 36 24 31 24 35 21 7 19 12 33 34 28 31 36 18 34 40 7 36 37 37 21 13 36 12 17 13 29 18
8 34 27 18 25 15 29 4 26 22 12 15 32 37 25 41 19 43 44 20 29 22 15 10 41 7 39 20 33 31 19 6 0 20 36 14 20 30 7 21 14 23 0 20 45 37 12 35 12 37 29 36 32 18 30 18 38 15 8 22 18 38 37 31 25 35 24 28 38 13 35 40 40 21 19 35 18 21 19 32 24
27 25 8 38 22 14 11 24 9 4 15 9 14 31 19 45 25 48 33 40 11 9 8 10 35 19 44 23 13 34 23 26 20 0 41 13 9 33 16 5 12 7 20 3 49 41 32 42 15 24 12 31 13 2 22 7 39 12 28 23 38 45 33 28 9 26 39 8 23 31 22 39 41 20 39 26 38 29 38 35 40
30 28 49 31 19 28 39 33 50 38 28 43 39 21 24 5 17 6 37 33 38 33 33 36 20 30 3 18 44 7 19 32 36 41 0 28 46 8 32 45 44 35 36 42 9 1 40 3 45 34 52 18 43 40 26 44 6 45 39 18 33 7 16 15 49 30 19 44 38 27 34 8 6 21 35 30 32 15 25 6 21
15 19 21 26 12 1 18 14 22 13 2 16 20 24 11 32 12 35 30 28 17 10 5 9 28 7 31 10 23 21 10 15 14 13 28 0 18 20 7 17 17 12 14 14 36 28 23 29 19 23 24 23 22 12 16 16 27 18 20 10 26 32 24 18 21 21 26 21 25 18 21 28 29 8 28 21 26 16 25 22 27
27 34 8 38 29 19 19 24 6 13 19 5 23 40 27 50 31 53 42 40 20 18 13 10 44 19 50 28 20 39 28 26 20 9 46 18 0 38 16 4 6 16 20 6 54 46 31 47 9 33 9 39 21 8 31 2 45 5 27 28 38 50 41 35 5 35 41 14 32 31 31 46 47 26 39 35 38 33 38 40 41
25 21 41 28 12 20 32 28 42 31 20 35 32 15 17 11 11 14 31 30 31 26 25 28 16 23 10 10 37 1 11 27 30 33 8 20 38 0 24 37 36 28 30 34 16 8 35 10 37 27 44 12 36 32 19 36 8 37 34 10 30 14 11 8 41 23 19 37 31 22 27 10 10 13 32 23 29 10 23 2 21
11 26 23 22 19 8 22 8 22 16 5 13 25 31 18 36 15 39 37 24 22 15 8 6 35 3 35 14 26 25 13 10 7 16 32 7 16 24 0 17 14 16 7 16 40 32 17 32 13 30 25 30 26 14 23 14 32 15 14 16 22 35 31 25 21 28 25 24 31 15 28 34 34 15 23 28 22 18 22 26 25
28 30 6 39 27 18 15 25 5 9 18 6 19 36 23 49 29 52 38 41 16 14 12 11 40 20 48 27 16 38 27 27 21 5 45 17 4 37 17 0 8 12 21 2 53 45 32 46 11 29 8 36 17 4 27 3 44 8 28 27 39 49 37 33 5 31 42 10 28 32 27 44 46 23 40 31 39 33 39 38 42
22 36 14 32 29 18 23 18 12 15 16 3 26 41 28 48 28 51 44 34 23 20 14 8 45 17 48 26 25 37 26 20 14 12 44 17 6 36 14 8 0 18 14 9 52 44 25 45 3 35 15 40 24 10 33 5 44 1 21 27 32 48 41 35 11 37 38 18 34 27 33 45 46 25 33 37 32 31 33 38 38
27 18 13 38 16 12 6 24 15 3 14 15 9 24 12 39 23 42 26 40 6 2 8 13 28 19 38 20 11 29 20 26 23 7 35 12 16 28 16 12 18 0 23 10 44 36 33 38 21 17 18 24 10 8 15 14 33 19 30 19 38 42 26 22 16 19 38 9 17 30 15 33 35 15 39 19 38 27 37 29 39
8 33 27 18 25 15 29 4 26 22 12 15 32 37 25 41 19 43 44 20 29 22 15 10 41 7 39 20 33 31 19 6 0 20 36 14 20 30 7 21 14 23 0 20 45 37 12 35 12 37 29 36 32 18 30 18 38 15 8 22 18 38 37 31 25 35 24 28 38 13 35 40 40 21 19 35 18 21 19 32 24
27 28 7 38 24 15 13 24 7 7 15 7 17 34 21 46 27 49 36 40 14 12 9 10 38 19 46 24 15 35 24 26 20 3 42 14 6 34 16 2 9 10 20 0 50 42 32 43 12 27 10 34 15 2 25 4 41 9 28 24 38 46 35 30 7 29 39 10 26 31 25 41 43 21 39 29 38 30 38 36 40
38 36 58 37 29 37 49 41 60 48 38 53 48 29 33 8 26 4 45 39 47 43 43 46 28 39 6 27 53 15 27 40 45 49 9 36 54 16 40 53 52 44 45 50 0 8 46 9 53 42 60 26 52 48 34 52 14 53 46 26 39 7 24 23 57 38 24 53 46 34 42 16 12 29 41 38 38 23 31 15 26
31 28 49 32 20 28 40 34 50 39 29 44 40 21 25 4 18 5 37 34 39 34 34 37 20 31 2 18 45 7 19 33 37 41 1 28 46 8 32 45 44 36 37 42 8 0 41 4 45 34 52 18 44 40 26 44 6 45 40 18 34 7 16 15 49 30 20 45 38 28 34 8 5 21 36 30 33 16 26 7 22
10 43 38 11 33 24 40 9 37 33 21 26 43 45 34 45 24 46 53 11 40 33 25 22 48 16 43 26 43 36 25 9 12 32 40 23 31 35 17 32 25 33 12 32 46 41 0 38 22 46 40 42 43 30 39 29 43 26 4 28 9 39 43 37 36 44 23 40 48 13 44 45 45 30 9 44 10 25 16 37 21
29 31 50 29 22 28 42 32 51 40 29 44 42 24 27 7 17 8 40 31 41 36 34 37 23 29 5 19 47 9 19 31 35 42 3 29 47 10 32 46 45 38 35 43 9 4 38 0 45 37 53 21 46 41 29 45 9 46 37 19 31 4 19 18 50 33 16 47 41 25 37 11 9 23 33 33 30 14 23 9 18
20 38 17 30 31 20 26 16 15 18 18 6 29 43 30 49 28 52 46 32 26 22 16 10 47 16 48 27 28 38 26 18 12 15 45 19 9 37 13 11 3 21 12 12 53 45 22 45 0 37 18 42 27 13 35 8 45 4 18 29 30 48 43 37 14 39 36 21 37 25 35 47 47 27 30 39 30 31 31 39 36
38 6 28 47 16 22 14 37 31 20 25 32 10 13 13 34 26 38 9 48 13 15 22 28 16 30 36 23 16 28 24 38 37 24 34 23 33 27 30 29 35 17 37 27 42 34 46 37 37 0 33 16 15 25 8 31 28 36 43 21 47 41 18 19 32 4 41 21 4 38 2 26 30 19 49 4 46 30 42 28 42
36 36 5 47 34 25 19 33 3 15 25 14 23 42 30 56 37 59 42 49 20 20 19 19 46 28 56 34 18 45 34 35 29 12 52 24 9 44 25 8 15 18 29 10 60 52 40 53 18 33 0 42 19 12 33 11 51 14 36 34 47 56 44 40 4 36 49 12 32 40 31 51 53 31 48 36 47 40 47 46 50
32 10 37 39 11 22 26 34 39 27 25 37 24 3 13 18 18 22 19 40 24 22 26 32 5 29 20 16 30 13 17 33 36 31 18 23 39 12 30 36 40 24 36 34 26 18 42 21 42 16 42 0 29 32 10 37 12 41 40 14 40 25 2 5 40 12 31 32 20 31 16 10 14 15 42 12 39 20 34 12 33
37 19 14 48 24 22 4 34 17 10 24 22 5 27 19 46 33 50 23 50 5 12 18 22 31 29 46 30 1 37 30 36 32 13 43 22 21 36 26 17 24 10 32 15 52 44 43 46 27 15 19 29 0 15 19 19 40 24 40 28 48 50 31 29 18 18 48 7 13 40 13 39 42 24 49 18 48 37 47 37 49
25 26 9 36 22 13 12 22 9 5 13 7 16 32 19 44 24 47 34 38 13 10 7 8 36 17 43 22 15 33 22 24 18 2 40 12 8 32 14 4 10 8 18 2 48 40 30 41 13 25 12 32 15 0 23 6 39 11 26 22 36 44 33 28 9 27 37 10 24 29 23 39 41 19 37 27 36 28 36 34 38
31 3 28 39 8 15 15 30 30 18 18 30 14 9 5 27 18 31 14 40 14 13 19 25 13 23 28 15 20 20 16 31 30 22 26 16 31 19 23 27 33 15 30 25 34 26 39 29 35 8 33 10 19 23 0 29 21 34 36 13 39 33 12 11 31 5 33 22 12 30 8 20 23 11 41 5 38 22 34 20 34
25 32 9 36 27 17 17 22 8 11 16 3 21 38 25 48 28 51 40 38 18 16 11 8 42 17 47 26 19 37 26 24 18 7 44 16 2 36 14 3 5 14 18 4 52 44 29 45 8 31 11 37 19 6 29 0 43 5 25 26 36 48 39 33 7 33 39 13 30 29 29 44 45 24 37 33 36 31 36 38 39
33 22 46 36 17 27 36 36 48 36 28 43 35 15 21 6 19 10 31 38 35 31 33 36 14 31 8 18 41 7 19 35 38 39 6 27 45 8 32 44 44 33 38 41 14 6 43 9 45 28 51 12 40 39 21 43 0 45 42 17 37 13 10 11 48 24 24 42 32 30 28 2 2 20 39 24 37 18 30 6 26
23 37 13 33 30 19 22 19 11 16 17 4 26 42 29 49 29 52 45 35 23 21 15 9 46 18 49 27 24 38 27 21 15 12 45 18 5 37 15 8 1 19 15 9 53 45 26 46 4 36 14 41 24 11 34 5 45 0 22 28 33 49 42 36 10 38 39 18 35 28 34 46 47 26 34 38 33 32 34 39 39
9 40 34 13 31 21 36 6 33 30 18 22 39 43 31 44 23 45 50 14 36 29 22 18 46 13 42 24 40 35 23 7 8 28 39 20 27 34 14 28 21 30 8 28 46 40 4 37 18 43 36 40 40 26 36 25 42 22 0 26 12 39 41 35 32 41 24 36 45 12 41 44 44 27 12 41 13 24 17 36 22
18 16 31 25 5 10 24 20 32 21 11 26 25 17 10 21 5 24 27 27 23 17 15 19 19 15 20 2 29 11 3 19 22 23 18 10 28 10 16 27 27 19 22 24 26 18 28 19 29 21 34 14 28 22 13 26 17 28 26 0 26 23 15 9 31 18 20 28 25 17 21 18 19 4 28 18 25 9 21 12 21
11 43 45 2 31 27 44 14 44 38 24 33 46 43 35 38 22 39 53 2 43 36 30 28 46 19 36 24 48 31 23 12 18 38 33 26 38 30 22 39 32 38 18 38 39 34 9 31 30 47 47 40 48 36 39 36 37 33 12 26 0 32 40 35 43 44 15 46 51 9 47 39 39 29 2 44 1 20 8 32 13
31 35 54 30 26 32 46 35 55 44 32 47 46 28 31 8 21 7 44 32 45 40 37 40 27 32 6 22 51 13 23 33 38 45 7 32 50 14 35 49 48 42 38 46 7 7 39 4 48 41 56 25 50 44 33 48 13 49 39 23 32 0 23 22 53 37 17 51 45 27 41 15 12 27 34 37 31 17 24 13 19
33 12 39 38 12 23 27 35 41 29 26 39 26 5 14 16 19 20 21 40 26 24 28 33 5 30 18 17 32 11 18 34 37 33 16 24 41 11 31 37 41 26 37 35 24 16 43 19 43 18 44 2 31 33 12 39 10 42 41 15 40 23 0 6 42 14 30 34 22 32 18 8 12 16 42 14 39 20 34 11 32
27 13 35 33 6 17 25 29 37 25 20 33 25 8 10 17 13 20 23 35 24 20 22 27 10 24 17 11 30 9 12 28 31 28 15 18 35 8 25 33 35 22 31 30 23 15 37 18 37 19 40 5 29 28 11 33 11 36 35 9 35 22 6 0 37 15 26 31 23 26 19 11 13 10 37 15 34 15 29 9 28
32 34 4 43 31 22 18 29 1 13 22 10 22 40 28 53 33 56 41 45 19 18 16 15 44 24 52 31 17 42 31 31 25 9 49 21 5 41 21 5 11 16 25 7 57 49 36 50 14 32 4 40 18 9 31 7 48 10 32 31 43 53 42 37 0 34 46 11 31 36 30 48 50 28 44 34 43 37 43 43 46
36 2 31 44 13 20 17 35 33 22 23 34 13 9 10 30 23 34 9 45 16 17 23 29 12 28 32 20 19 24 21 36 35 26 30 21 35 23 28 31 37 19 35 29 38 30 44 33 39 4 36 12 18 27 5 33 24 38 41 18 44 37 14 15 34 0 38 24 8 35 5 22 26 16 46 0 43 27 39 24 39
16 36 46 13 25 26 44 20 47 39 24 38 45 34 30 23 15 24 47 15 43 36 31 31 35 22 21 18 49 19 18 18 24 39 19 26 41 19 25 42 38 38 24 39 24 20 23 16 36 41 49 31 48 37 33 39 24 39 24 20 15 17 30 26 46 38 0 47 45 12 41 26 25 24 17 38 14 11 7 19 2
35 24 7 46 25 21 7 32 10 8 23 16 11 31 21 48 32 51 30 48 8 11 16 18 35 27 47 29 6 38 29 34 28 8 44 21 14 37 24 10 18 9 28 10 53 45 40 47 21 21 12 32 7 10 22 13 42 18 36 28 46 51 34 31 11 24 47 0 20 39 19 42 44 24 47 24 46 36 46 38 48
40 10 27 50 20 24 13 39 30 19 27 31 9 17 16 38 30 42 10 52 12 16 23 29 20 32 40 27 14 32 28 40 38 23 38 25 32 31 31 28 34 17 38 26 46 38 48 41 37 4 32 20 13 24 12 30 32 35 45 25 51 45 22 23 31 8 45 20 0 42 4 30 34 22 53 8 50 34 46 32 46
5 34 38 8 22 18 36 9 37 31 16 27 38 34 26 32 13 33 44 10 35 28 23 21 36 12 30 15 41 23 14 7 13 31 27 18 31 22 15 32 27 30 13 31 34 28 13 25 25 38 40 31 40 29 30 29 30 28 12 17 9 27 32 26 36 35 12 39 42 0 38 32 32 20 11 35 8 12 7 24 11
36 6 26 46 16 21 12 35 29 18 23 30 8 14 12 34 26 38 11 48 11 13 20 26 17 28 36 23 14 28 24 36 35 22 34 21 31 27 28 27 33 15 35 25 42 34 44 37 35 2 31 16 13 23 8 29 28 34 41 21 47 41 18 19 30 5 41 19 4 38 0 26 30 18 49 5 46 30 42 28 42
35 20 46 38 17 28 35 38 48 36 29 44 34 13 21 8 21 12 29 40 34 31 33 37 12 33 10 20 40 9 21 37 40 39 8 28 46 10 34 44 45 33 40 41 16 8 45 11 47 26 51 10 39 39 20 44 2 46 44 18 39 15 8 11 48 22 26 42 30 32 26 0 4 21 41 22 39 20 32 8 28
35 24 48 37 19 29 38 38 50 38 30 45 37 17 23 4 21 8 33 39 37 33 35 38 16 33 6 20 43 9 21 37 40 41 6 29 47 10 34 46 46 35 40 43 12 5 45 9 47 30 53 14 42 41 23 45 2 47 44 19 39 12 12 13 50 26 25 44 34 32 30 4 0 22 41 26 38 20 31 8 27
20 14 28 28 4 7 20 21 28 18 10 24 21 16 6 24 9 27 25 30 19 13 13 17 20 14 23 6 25 14 6 21 21 20 21 8 26 13 15 23 25 15 21 21 29 21 30 23 27 19 31 15 24 19 11 24 20 26 27 4 29 27 16 10 28 16 24 24 22 20 18 21 22 0 31 16 28 13 25 15 25
13 45 46 4 33 29 45 15 45 39 26 34 48 45 37 40 24 41 55 2 45 38 31 29 47 21 38 26 49 33 25 13 19 39 35 28 39 32 23 40 33 39 19 39 41 36 9 33 30 49 48 42 49 37 41 37 39 34 12 28 2 34 42 37 44 46 17 47 53 11 49 41 41 31 0 46 3 22 10 34 15
36 2 31 44 13 20 17 35 33 22 23 34 13 9 10 30 23 34 9 45 16 17 23 29 12 28 32 20 19 24 21 36 35 26 30 21 35 23 28 31 37 19 35 29 38 30 44 33 39 4 36 12 18 27 5 33 24 38 41 18 44 37 14 15 34 0 38 24 8 35 5 22 26 16 46 0 43 27 39 24 39
11 42 45 1 30 26 44 14 44 38 24 33 46 42 34 37 21 38 52 2 43 36 30 28 44 19 35 23 48 30 22 12 18 38 32 26 38 29 22 39 32 38 18 38 38 33 10 30 30 46 47 39 48 36 38 36 37 33 13 25 1 31 39 34 43 43 14 46 50 8 46 39 38 28 3 43 0 19 7 31 12
15 25 37 18 14 16 33 18 38 29 15 30 34 23 19 20 4 21 36 20 32 25 21 23 25 15 18 7 38 11 7 17 21 29 15 16 33 10 18 33 31 27 21 30 23 16 25 14 31 30 40 20 37 28 22 31 18 32 24 9 20 17 20 15 37 27 11 36 34 12 30 20 20 13 22 27 19 0 14 12 13
12 38 45 6 26 25 43 15 44 38 23 34 45 37 31 30 16 31 48 8 42 35 30 28 39 19 28 19 48 24 19 13 19 38 25 25 38 23 22 39 33 37 19 38 31 26 16 23 31 42 47 34 47 36 34 36 30 34 17 21 8 24 34 29 43 39 7 46 46 7 42 32 31 25 10 39 7 14 0 25 5
27 22 42 30 13 22 33 30 43 32 22 37 33 15 18 10 13 12 31 32 32 27 27 30 16 25 9 12 38 1 13 29 32 35 6 22 40 2 26 38 38 29 32 36 15 7 37 9 39 28 46 12 37 34 20 38 6 39 36 12 32 13 11 9 43 24 19 38 32 24 28 8 8 15 34 24 31 12 25 0 21
16 38 47 11 26 27 45 20 47 40 25 38 46 36 31 25 16 26 48 13 44 37 32 31 37 22 23 19 50 21 19 18 24 40 21 27 41 21 25 42 38 39 24 40 26 22 21 18 36 42 50 33 49 38 34 39 26 39 22 21 13 19 32 28 46 39 2 48 46 11 42 28 27 25 15 39 12 13 5 21 0
0         812      
71        218      
388       549      
136       325      
90        309      
0         127      
295       460      
0         100      
425       555      
345       467      
0         123      
350       488      
291       488      
52        244      
255       459      
20        192      
0         186      
34        214      
559       765      
160       326      
311       469      
311       452      
0         103      
504       654      
58        218      
157       284      
51        188      
146       298      
399       598      
63        211      
0         135      
0         69       
0         67       
336       485      
23        193      
0         131      
385       544      
35        153      
0         93       
362       532      
409       548      
272       434      
0         105      
312       466      
203       375      
7         161      
486       703      
269       418      
341       540      
89        228      
356       536      
478       606      
331       475      
349       491      
94        261      
333       525      
0         153      
332       507      
0         125      
1         125      
133       316      
229       362      
36        243      
81        199      
353       512      
111       252      
207       378      
591       777      
453       593      
145       320      
99        235      
220       408      
0         195      
0         123      
156       354      
85        259      
172       333      
0         178      
190       345      
9         158      
555       717      
