81
0 17 39 15 20 31 33 8 18 24 40 5 22 10 39 10 15 30 27 17 26 17 22 25 35 5 7 17 8 16 22 29 17 37 27 35 14 43 18 33 38 5 12 4 12 19 18 44 26 21 21 30 35 28 43 23 22 11 9 19 27 38 14 24 23 44 20 36 14 14 17 26 10 30 29 22 16 23 31 38 30
17 0 24 29 29 34 20 16 3 14 24 13 17 17 23 20 21 23 12 2 22 20 16 35 36 16 24 31 25 12 8 32 3 38 15 26 2 41 16 16 26 11 27 12 21 4 34 28 20 6 37 13 28 17 27 16 10 11 26 5 17 27 2 8 7 42 7 26 23 20 11 36 26 29 16 6 6 34 28 36 18
39 24 0 46 40 37 8 34 26 18 5 34 24 33 5 36 45 22 23 23 24 44 23 45 37 40 46 48 46 36 17 37 22 39 32 20 26 37 27 16 11 34 44 35 36 25 51 8 23 25 57 16 25 16 4 22 31 35 48 20 17 16 26 19 17 39 19 20 36 44 24 45 46 32 11 22 30 45 29 36 15
15 29 46 0 12 24 39 13 31 28 49 17 23 13 48 10 30 29 40 28 25 32 23 13 29 20 11 2 8 31 30 22 27 30 42 34 28 38 19 45 40 20 3 19 10 32 6 53 26 34 12 42 33 30 50 24 37 26 11 28 28 38 28 37 33 38 28 35 11 29 22 14 6 26 35 35 31 10 28 33 31
20 29 40 12 0 12 31 13 32 22 43 18 16 12 42 10 35 20 41 27 16 37 17 6 17 25 21 13 18 32 26 10 26 18 43 25 28 26 13 43 32 21 13 21 8 33 18 47 16 35 24 40 22 23 43 17 38 27 22 26 22 29 28 36 31 26 24 26 6 34 18 7 16 14 29 35 32 6 16 21 24
31 34 37 24 12 0 30 23 37 23 42 28 17 21 42 21 46 15 44 31 14 47 18 13 5 36 33 25 30 42 29 2 30 6 49 18 34 14 17 46 27 31 25 31 18 37 30 45 15 39 36 43 14 22 41 18 44 37 34 29 21 23 34 39 34 14 27 18 16 44 22 12 28 5 29 38 39 16 8 9 23
33 20 8 39 31 30 0 27 22 10 12 28 15 26 12 29 41 15 22 18 16 40 15 36 30 35 40 40 39 32 12 29 17 32 30 13 22 30 19 18 7 29 37 30 28 21 44 16 15 21 50 17 18 8 12 14 27 31 42 15 9 10 22 17 13 32 13 13 27 40 17 37 39 25 4 19 26 37 22 29 7
8 16 34 13 13 23 27 0 19 17 36 5 14 2 35 4 23 22 28 15 18 24 14 19 27 13 13 15 12 19 17 21 14 29 30 27 15 35 10 32 30 8 11 8 5 20 18 40 18 22 24 29 27 20 38 15 25 14 15 15 19 30 15 24 20 35 15 28 7 21 10 20 12 22 23 22 19 18 23 30 22
18 3 26 31 32 37 22 19 0 17 24 14 20 20 23 23 19 26 9 5 25 18 19 38 39 17 25 33 26 10 11 35 6 41 12 29 4 44 19 15 28 13 28 14 24 1 35 28 23 3 39 13 31 20 29 19 7 10 27 8 20 30 4 7 9 45 10 29 26 18 14 39 27 32 18 4 4 37 31 39 21
24 14 18 28 22 23 10 17 17 0 21 19 6 16 20 19 34 9 22 11 9 33 5 27 23 27 30 30 29 25 7 22 10 25 29 11 15 27 9 23 14 21 27 22 18 17 34 25 8 19 40 20 14 4 22 5 24 24 32 8 3 14 15 17 12 28 6 12 18 33 7 28 29 18 7 17 20 28 16 23 6
40 24 5 49 43 42 12 36 24 21 0 35 27 36 1 39 43 27 20 23 28 42 26 48 42 40 47 51 47 34 19 41 23 44 29 25 26 42 30 12 16 35 47 36 39 23 54 5 27 23 60 13 30 20 5 26 29 34 49 21 21 21 26 17 17 44 21 25 39 42 27 49 48 37 14 20 28 49 34 41 19
5 13 34 17 18 28 28 5 14 19 35 0 17 7 34 9 17 25 23 12 21 18 17 24 32 8 12 19 12 14 17 26 12 34 25 30 11 40 13 29 33 3 14 3 10 15 21 39 21 17 25 26 30 23 38 18 20 9 14 14 22 33 11 21 18 40 15 31 12 16 12 25 13 27 24 18 14 23 27 35 25
22 17 24 23 16 17 15 14 20 6 27 17 0 12 26 14 34 8 27 14 5 34 1 21 18 25 27 25 25 28 12 16 13 20 32 13 18 24 4 29 17 20 22 20 13 20 29 31 4 22 35 26 13 7 27 1 27 24 29 12 6 16 18 22 17 25 10 14 12 33 6 22 24 13 13 21 23 22 12 20 9
10 17 33 13 12 21 26 2 20 16 36 7 12 0 35 3 24 20 29 15 16 25 12 18 25 15 15 15 13 21 17 19 14 27 31 25 16 33 8 32 29 10 11 10 4 21 18 40 16 23 24 29 25 19 37 13 26 16 17 15 17 28 16 24 20 33 15 26 6 23 9 19 13 20 22 23 20 17 21 28 20
39 23 5 48 42 42 12 35 23 20 1 34 26 35 0 38 42 27 19 22 28 41 25 47 42 39 46 50 46 33 18 41 22 44 28 25 25 42 29 11 16 34 46 35 38 22 53 5 27 22 59 12 30 20 6 25 28 33 48 20 21 21 25 16 16 44 20 25 38 41 26 48 47 37 13 19 27 48 34 41 19
10 20 36 10 10 21 29 4 23 19 39 9 14 3 38 0 25 22 32 18 18 27 14 15 25 15 13 12 11 23 20 19 17 27 34 27 19 33 10 35 31 12 8 12 2 24 15 43 18 26 21 32 27 21 40 15 29 18 15 18 19 30 19 27 23 34 18 28 4 24 12 16 10 20 25 26 23 14 22 28 22
15 21 45 30 35 46 41 23 19 34 43 17 34 24 42 25 0 42 25 23 38 2 33 40 49 10 19 31 22 9 29 43 24 51 19 45 19 57 30 33 47 14 27 14 27 20 32 47 38 20 33 31 47 38 48 34 16 10 21 26 37 47 19 26 28 57 28 46 29 1 28 41 24 44 37 23 15 38 44 52 39
30 23 22 29 20 15 15 22 26 9 27 25 8 20 27 22 42 0 31 20 4 42 8 24 15 33 35 31 33 34 16 15 19 17 38 5 24 18 12 31 13 27 29 28 20 26 35 30 4 28 41 28 5 7 26 7 33 32 37 17 6 10 24 26 21 19 15 6 18 40 13 24 32 10 14 26 29 26 7 14 8
27 12 23 40 41 44 22 28 9 22 20 23 27 29 19 32 25 31 0 14 31 23 26 47 45 25 34 42 35 16 15 43 15 47 9 33 13 49 28 8 29 22 37 23 33 8 44 24 30 6 48 7 36 25 25 26 9 18 36 15 25 32 13 5 10 50 17 34 35 24 23 48 36 39 19 6 11 46 38 45 25
17 2 23 28 27 31 18 15 5 11 23 12 14 15 22 18 23 20 14 0 19 22 14 33 32 18 24 30 24 14 6 30 1 34 17 22 4 38 14 17 24 12 26 13 19 6 33 27 18 8 37 14 25 15 26 14 12 13 26 3 14 24 4 9 6 39 5 23 21 22 9 34 25 27 14 8 8 32 26 34 16
26 22 24 25 16 14 16 18 25 9 28 21 5 16 28 18 38 4 31 19 0 39 5 21 14 29 31 27 29 32 16 13 18 16 36 9 22 19 8 32 16 24 25 24 16 25 31 32 1 27 37 29 9 8 28 5 31 29 33 16 7 13 22 26 21 20 14 10 14 37 10 21 28 9 15 25 27 22 7 15 9
17 20 44 32 37 47 40 24 18 33 42 18 34 25 41 27 2 42 23 22 39 0 33 42 50 12 21 33 24 8 28 44 23 52 17 44 18 58 31 31 46 15 29 15 28 19 34 46 38 19 35 30 47 37 47 34 14 10 23 25 36 46 18 25 27 58 27 45 30 3 28 43 26 45 36 22 14 40 45 53 38
22 16 23 23 17 18 15 14 19 5 26 17 1 12 25 14 33 8 26 14 5 33 0 22 19 25 27 25 25 27 11 17 13 21 31 13 17 24 4 28 17 19 22 20 13 20 29 30 5 22 35 25 13 6 27 1 26 23 29 11 5 16 17 21 16 25 9 14 13 32 5 23 24 14 12 20 22 23 12 20 8
25 35 45 13 6 13 36 19 38 27 48 24 21 18 47 15 40 24 47 33 21 42 22 0 18 30 24 12 20 38 32 11 32 19 49 29 34 27 19 49 37 27 15 27 14 39 17 52 22 41 23 46 26 28 48 22 44 33 24 32 27 34 34 42 37 27 30 30 12 39 24 1 18 16 34 41 38 3 19 22 30
35 36 37 29 17 5 30 27 39 23 42 32 18 25 42 25 49 15 45 32 14 50 19 18 0 40 38 30 35 46 30 7 31 2 49 17 36 9 19 46 26 35 30 35 23 38 35 45 15 40 41 43 12 22 40 18 44 41 39 30 21 21 36 39 34 9 27 17 21 48 24 17 33 5 29 39 40 21 8 4 23
5 16 40 20 25 36 35 13 17 27 40 8 25 15 39 15 10 33 25 18 29 12 25 30 40 0 10 22 13 11 23 34 18 42 23 38 14 48 21 32 41 6 17 5 17 18 23 44 29 19 24 29 38 31 43 26 18 7 12 20 30 41 14 24 23 48 22 39 19 9 20 31 15 35 31 21 14 28 35 43 33
7 24 46 11 21 33 40 13 25 30 47 12 27 15 46 13 19 35 34 24 31 21 27 24 38 10 0 12 3 21 29 31 24 39 33 40 21 46 23 40 43 12 8 11 15 26 13 51 31 28 14 37 40 33 50 28 28 17 2 26 32 43 21 31 30 47 27 41 17 18 23 25 5 33 36 29 23 20 35 41 35
17 31 48 2 13 25 40 15 33 30 51 19 25 15 50 12 31 31 42 30 27 33 25 12 30 22 12 0 9 33 32 23 29 31 44 36 30 39 21 47 42 22 5 21 12 34 5 55 28 36 11 44 35 31 52 26 39 28 12 30 30 40 30 39 35 39 30 37 13 30 24 13 7 27 37 37 33 9 29 34 33
8 25 46 8 18 30 39 12 26 29 47 12 25 13 46 11 22 33 35 24 29 24 25 20 35 13 3 9 0 24 29 28 24 36 35 38 22 44 21 41 42 13 5 12 13 27 10 51 29 29 13 38 38 31 50 26 30 19 4 26 30 41 22 32 30 44 27 39 15 21 22 21 2 31 35 30 24 17 33 39 33
16 12 36 31 32 42 32 19 10 25 34 14 28 21 33 23 9 34 16 14 32 8 27 38 46 11 21 33 24 0 20 40 15 48 12 36 10 51 26 24 38 11 28 12 24 11 34 38 32 11 35 22 39 29 39 28 7 5 23 17 28 38 10 17 19 52 19 37 26 8 22 39 26 40 28 14 6 37 39 47 30
22 8 17 30 26 29 12 17 11 7 19 17 12 17 18 20 29 16 15 6 16 28 11 32 30 23 29 32 29 20 0 28 5 32 22 18 10 34 13 17 18 17 28 18 20 11 35 23 15 12 41 14 21 10 21 11 18 19 31 3 10 19 10 10 5 35 2 19 21 28 8 33 29 24 8 10 14 32 23 30 11
29 32 37 22 10 2 29 21 35 22 41 26 16 19 41 19 43 15 43 30 13 44 17 11 7 34 31 23 28 40 28 0 29 8 47 18 33 16 16 45 27 29 23 29 16 36 28 45 14 38 34 42 14 21 41 17 42 35 32 28 20 23 33 38 33 16 26 19 14 42 21 11 26 5 28 37 38 14 8 11 22
17 3 22 27 26 30 17 14 6 10 23 12 13 14 22 17 24 19 15 1 18 23 13 32 31 18 24 29 24 15 5 29 0 33 18 21 5 37 13 18 23 13 25 14 18 7 32 27 17 9 37 15 24 14 26 13 13 14 26 2 13 23 5 10 6 38 4 22 20 23 8 33 25 26 13 9 9 31 25 33 15
37 38 39 30 18 6 32 29 41 25 44 34 20 27 44 27 51 17 47 34 16 52 21 19 2 42 39 31 36 48 32 8 33 0 51 19 38 8 21 48 28 37 31 37 24 40 36 47 17 42 42 45 14 24 42 20 46 43 40 32 23 23 38 41 36 8 29 19 22 50 26 18 34 7 31 41 42 22 10 4 25
27 15 32 42 43 49 30 30 12 29 29 25 32 31 28 34 19 38 9 17 36 17 31 49 49 23 33 44 35 12 22 47 18 51 0 39 15 55 31 17 37 22 39 23 35 11 45 33 35 10 47 16 42 32 34 31 5 16 35 20 31 40 15 13 18 56 22 40 37 19 26 50 37 44 27 12 11 48 43 51 33
35 26 20 34 25 18 13 27 29 11 25 30 13 25 25 27 45 5 33 22 9 44 13 29 17 38 40 36 38 36 18 18 21 19 39 0 26 17 17 31 9 32 34 33 25 28 40 28 9 30 46 28 5 8 23 12 34 35 42 19 8 5 26 27 22 19 17 1 23 44 18 29 37 13 13 28 30 31 10 16 7
14 2 26 28 28 34 22 15 4 15 26 11 18 16 25 19 19 24 13 4 22 18 17 34 36 14 21 30 22 10 10 33 5 38 15 26 0 41 17 18 28 9 25 10 20 5 32 30 22 7 35 15 29 19 29 18 11 9 23 7 18 28 0 10 9 42 9 27 22 18 12 35 24 31 18 8 5 33 29 37 20
43 41 37 38 26 14 30 35 44 27 42 40 24 33 42 33 57 18 49 38 19 58 24 27 9 48 46 39 44 51 34 16 37 8 55 17 41 0 26 48 26 43 39 43 31 44 44 45 20 46 50 45 13 25 40 24 50 47 47 35 24 21 41 44 39 2 33 17 29 56 29 26 42 13 30 44 46 30 12 5 24
18 16 27 19 13 17 19 10 19 9 30 13 4 8 29 10 30 12 28 14 8 31 4 19 19 21 23 21 21 26 13 16 13 21 31 17 17 26 0 30 21 16 18 16 9 20 25 34 8 22 31 27 17 10 31 5 26 22 25 13 9 20 17 23 18 27 11 18 9 29 5 20 20 14 16 22 22 19 14 22 12
33 16 16 45 43 46 18 32 15 23 12 29 29 32 11 35 33 31 8 17 32 31 28 49 46 32 40 47 41 24 17 45 18 48 17 31 18 48 30 0 25 27 43 28 36 14 50 16 31 13 53 3 36 24 17 28 17 25 41 17 25 28 18 8 12 50 19 31 37 32 25 50 42 41 18 11 18 48 38 45 24
38 26 11 40 32 27 7 30 28 14 16 33 17 29 16 31 47 13 29 24 16 46 17 37 26 41 43 42 42 38 18 27 23 28 37 9 28 26 21 25 0 35 39 36 30 28 46 19 16 28 52 24 14 10 14 16 34 37 45 21 11 5 28 24 20 28 19 9 29 46 21 37 41 22 10 26 32 38 19 25 8
5 11 34 20 21 31 29 8 13 21 35 3 20 10 34 12 14 27 22 12 24 15 19 27 35 6 12 22 13 11 17 29 13 37 22 32 9 43 16 27 35 0 17 1 13 14 23 39 24 16 26 24 32 25 38 20 17 6 14 14 24 35 9 19 18 43 16 33 15 13 14 28 15 30 25 17 11 26 30 38 27
12 27 44 3 13 25 37 11 28 27 47 14 22 11 46 8 27 29 37 26 25 29 22 15 30 17 8 5 5 28 28 23 25 31 39 34 25 39 18 43 39 17 0 16 9 29 7 51 25 31 13 40 34 28 48 23 34 23 8 26 27 38 25 35 31 39 26 35 11 26 20 16 3 27 33 32 28 12 29 34 30
4 12 35 19 21 31 30 8 14 22 36 3 20 10 35 12 14 28 23 13 24 15 20 27 35 5 11 21 12 12 18 29 14 37 23 33 10 43 16 28 36 1 16 0 13 15 22 40 24 17 25 25 33 26 39 21 18 7 13 15 25 36 10 20 19 43 17 34 15 13 15 28 14 30 26 18 12 26 30 38 28
12 21 36 10 8 18 28 5 24 18 39 10 13 4 38 2 27 20 33 19 16 28 13 14 23 17 15 12 13 24 20 16 18 24 35 25 20 31 9 36 30 13 9 13 0 25 16 43 16 27 22 33 25 19 40 14 30 19 17 19 18 29 20 28 24 31 18 26 2 26 12 15 12 18 25 27 24 13 20 26 21
19 4 25 32 33 37 21 20 1 17 23 15 20 21 22 24 20 26 8 6 25 19 20 39 38 18 26 34 27 11 11 36 7 40 11 28 5 44 20 14 28 14 29 15 25 0 36 27 24 2 40 11 31 21 28 20 7 11 28 9 20 30 5 6 8 45 11 29 27 19 15 40 28 33 18 3 5 38 32 40 22
18 34 51 6 18 30 44 18 35 34 54 21 29 18 53 15 32 35 44 33 31 34 29 17 35 23 13 5 10 34 35 28 32 36 45 40 32 44 25 50 46 23 7 22 16 36 0 58 32 38 6 47 39 35 55 30 40 29 11 33 34 44 32 42 38 44 33 41 17 31 27 18 8 32 40 39 34 14 34 39 37
44 28 8 53 47 45 16 40 28 25 5 39 31 40 5 43 47 30 24 27 32 46 30 52 45 44 51 55 51 38 23 45 27 47 33 28 30 45 34 16 19 39 51 40 43 27 58 0 31 27 64 17 33 24 5 30 33 38 53 25 25 24 30 21 21 47 25 28 43 46 31 53 52 40 18 24 32 53 37 44 23
26 20 23 26 16 15 15 18 23 8 27 21 4 16 27 18 38 4 30 18 1 38 5 22 15 29 31 28 29 32 15 14 17 17 35 9 22 20 8 31 16 24 25 24 16 24 32 31 0 26 38 28 9 7 27 4 30 28 33 15 6 13 22 25 20 21 13 10 15 37 10 22 28 10 14 24 26 22 8 16 8
21 6 25 34 35 39 21 22 3 19 23 17 22 23 22 26 20 28 6 8 27 19 22 41 40 19 28 36 29 11 12 38 9 42 10 30 7 46 22 13 28 16 31 17 27 2 38 27 26 0 42 11 33 22 28 22 6 12 30 10 22 31 7 6 8 47 12 31 29 19 17 42 30 35 18 3 5 40 33 41 23
21 37 57 12 24 36 50 24 39 40 60 25 35 24 59 21 33 41 48 37 37 35 35 23 41 24 14 11 13 35 41 34 37 42 47 46 35 50 31 53 52 26 13 25 22 40 6 64 38 42 0 50 45 41 61 36 42 31 12 39 40 50 35 45 43 50 39 47 23 32 33 24 12 38 46 43 37 20 40 45 43
30 13 16 42 40 43 17 29 13 20 13 26 26 29 12 32 31 28 7 14 29 30 25 46 43 29 37 44 38 22 14 42 15 45 16 28 15 45 27 3 24 24 40 25 33 11 47 17 28 11 50 0 33 22 18 25 16 22 38 14 22 27 15 5 9 47 16 29 34 30 22 47 39 38 15 8 16 45 35 42 21
35 28 25 33 22 14 18 27 31 14 30 30 13 25 30 27 47 5 36 25 9 47 13 26 12 38 40 35 38 39 21 14 24 14 42 5 29 13 17 36 14 32 34 33 25 31 39 33 9 33 45 33 0 12 28 12 37 36 42 22 11 9 29 31 26 14 20 5 23 45 18 25 37 9 18 31 33 28 6 11 12
28 17 16 30 23 22 8 20 20 4 20 23 7 19 20 21 38 7 25 15 8 37 6 28 22 31 33 31 31 29 10 21 14 24 32 8 19 25 10 24 10 25 28 26 19 21 35 24 7 22 41 22 12 0 20 6 27 28 35 12 1 10 19 20 15 26 10 9 19 37 11 29 30 17 7 20 23 29 14 21 2
43 27 4 50 43 41 12 38 29 22 5 38 27 37 6 40 48 26 25 26 28 47 27 48 40 43 50 52 50 39 21 41 26 42 34 23 29 40 31 17 14 38 48 39 40 28 55 5 27 28 61 18 28 20 0 26 34 38 52 24 21 19 29 22 20 42 23 23 39 47 28 49 50 36 15 25 33 49 33 39 19
23 16 22 24 17 18 14 15 19 5 26 18 1 13 25 15 34 7 26 14 5 34 1 22 18 26 28 26 26 28 11 17 13 20 31 12 18 24 5 28 16 20 23 21 14 20 30 30 4 22 36 25 12 6 26 0 26 24 30 11 5 15 18 21 16 25 9 13 13 33 6 23 25 13 12 20 22 23 12 20 8
22 10 31 37 38 44 27 25 7 24 29 20 27 26 28 29 16 33 9 12 31 14 26 44 44 18 28 39 30 7 18 42 13 46 5 34 11 50 26 17 34 17 34 18 30 7 40 33 30 6 42 16 37 27 34 26 0 11 30 15 26 36 11 12 14 51 17 35 32 15 21 45 32 39 24 9 6 43 38 46 28
11 11 35 26 27 37 31 14 10 24 34 9 24 16 33 18 10 32 18 13 29 10 23 33 41 7 17 28 19 5 19 35 14 43 16 35 9 47 22 25 37 6 23 7 19 11 29 38 28 12 31 22 36 28 38 24 11 0 19 16 27 37 9 17 18 48 18 36 21 9 18 34 21 36 27 14 7 32 35 43 29
9 26 48 11 22 34 42 15 27 32 49 14 29 17 48 15 21 37 36 26 33 23 29 24 39 12 2 12 4 23 31 32 26 40 35 42 23 47 25 41 45 14 8 13 17 28 11 53 33 30 12 38 42 35 52 30 30 19 0 28 34 45 23 33 32 47 29 43 19 20 25 24 5 35 38 31 25 20 37 42 37
19 5 20 28 26 29 15 15 8 8 21 14 12 15 20 18 26 17 15 3 16 25 11 32 30 20 26 30 26 17 3 28 2 32 20 19 7 35 13 17 21 14 26 15 19 9 33 25 15 10 39 14 22 12 24 11 15 16 28 0 11 21 7 10 5 36 2 20 20 25 8 33 27 24 11 9 11 31 23 31 13
27 17 17 28 22 21 9 19 20 3 21 22 6 17 21 19 37 6 25 14 7 36 5 27 21 30 32 30 30 28 10 20 13 23 31 8 18 24 9 25 11 24 27 25 18 20 34 25 6 22 40 22 11 1 21 5 26 27 34 11 0 11 18 20 15 25 9 9 18 36 10 28 29 16 8 20 22 28 13 20 3
38 27 16 38 29 23 10 30 30 14 21 33 16 28 21 30 47 10 32 24 13 46 16 34 21 41 43 40 41 38 19 23 23 23 40 5 28 21 20 28 5 35 38 36 29 30 44 24 13 31 50 27 9 10 19 15 36 37 45 21 11 0 28 26 22 23 19 4 27 46 21 34 40 18 12 28 32 35 14 20 8
14 2 26 28 28 34 22 15 4 15 26 11 18 16 25 19 19 24 13 4 22 18 17 34 36 14 21 30 22 10 10 33 5 38 15 26 0 41 17 18 28 9 25 10 20 5 32 30 22 7 35 15 29 19 29 18 11 9 23 7 18 28 0 10 9 42 9 27 22 18 12 35 24 31 18 8 5 33 29 37 20
24 8 19 37 36 39 17 24 7 17 17 21 22 24 16 27 26 26 5 9 26 25 21 42 39 24 31 39 32 17 10 38 10 41 13 27 10 44 23 8 24 19 35 20 28 6 42 21 25 6 45 5 31 20 22 21 12 17 33 10 20 26 10 0 5 45 12 28 30 25 18 43 34 34 14 3 11 41 33 40 20
23 7 17 33 31 34 13 20 9 12 17 18 17 20 16 23 28 21 10 6 21 27 16 37 34 23 30 35 30 19 5 33 6 36 18 22 9 39 18 12 20 18 31 19 24 8 38 21 20 8 43 9 26 15 20 16 14 18 32 5 15 22 9 5 0 40 7 23 25 27 13 38 31 29 10 6 13 36 28 35 15
44 42 39 38 26 14 32 35 45 28 44 40 25 33 44 34 57 19 50 39 20 58 25 27 9 48 47 39 44 52 35 16 38 8 56 19 42 2 27 50 28 43 39 43 31 45 44 47 21 47 50 47 14 26 42 25 51 48 47 36 25 23 42 45 40 0 34 19 29 56 30 26 42 13 32 45 47 30 13 5 26
20 7 19 28 24 27 13 15 10 6 21 15 10 15 20 18 28 15 17 5 14 27 9 30 27 22 27 30 27 19 2 26 4 29 22 17 9 33 11 19 19 16 26 17 18 11 33 25 13 12 39 16 20 10 23 9 17 18 29 2 9 19 9 12 7 34 0 18 19 27 6 31 27 22 9 11 13 30 21 29 11
36 26 20 35 26 18 13 28 29 12 25 31 14 26 25 28 46 6 34 23 10 45 14 30 17 39 41 37 39 37 19 19 22 19 40 1 27 17 18 31 9 33 35 34 26 29 41 28 10 31 47 29 5 9 23 13 35 36 43 20 9 4 27 28 23 19 18 0 24 45 19 30 38 13 14 29 31 32 10 16 8
14 23 36 11 6 16 27 7 26 18 39 12 12 6 38 4 29 18 35 21 14 30 13 12 21 19 17 13 15 26 21 14 20 22 37 23 22 29 9 37 29 15 11 15 2 27 17 43 15 29 23 34 23 19 39 13 32 21 19 20 18 27 22 30 25 29 19 24 0 28 13 13 14 16 25 29 26 11 18 24 21
14 20 44 29 34 44 40 21 18 33 42 16 33 23 41 24 1 40 24 22 37 3 32 39 48 9 18 30 21 8 28 42 23 50 19 44 18 56 29 32 46 13 26 13 26 19 31 46 37 19 32 30 45 37 47 33 15 9 20 25 36 46 18 25 27 56 27 45 28 0 27 40 23 43 36 22 14 37 43 51 38
17 11 24 22 18 22 17 10 14 7 27 12 6 9 26 12 28 13 23 9 10 28 5 24 24 20 23 24 22 22 8 21 8 26 26 18 12 29 5 25 21 14 20 15 12 15 27 31 10 17 33 22 18 11 28 6 21 18 25 8 10 21 12 18 13 30 6 19 13 27 0 25 22 19 13 17 17 24 17 25 13
26 36 45 14 7 12 37 20 39 28 49 25 22 19 48 16 41 24 48 34 21 43 23 1 17 31 25 13 21 39 33 11 33 18 50 29 35 26 20 50 37 28 16 28 15 40 18 53 22 42 24 47 25 29 49 23 45 34 24 33 28 34 35 43 38 26 31 30 13 40 25 0 19 16 35 42 39 4 19 21 30
10 26 46 6 16 28 39 12 27 29 48 13 24 13 47 10 24 32 36 25 28 26 24 18 33 15 5 7 2 26 29 26 25 34 37 37 24 42 20 42 41 15 3 14 12 28 8 52 28 30 12 39 37 30 50 25 32 21 5 27 29 40 24 34 31 42 27 38 14 23 22 19 0 30 35 31 26 15 32 37 32
30 29 32 26 14 5 25 22 32 18 37 27 13 20 37 20 44 10 39 27 9 45 14 16 5 35 33 27 31 40 24 5 26 7 44 13 31 13 14 41 22 30 27 30 18 33 32 40 10 35 38 38 9 17 36 13 39 36 35 24 16 18 31 34 29 13 22 13 16 43 19 16 30 0 24 33 35 19 3 8 18
29 16 11 35 29 29 4 23 18 7 14 24 13 22 13 25 37 14 19 14 15 36 12 34 29 31 36 37 35 28 8 28 13 31 27 13 18 30 16 18 10 25 33 26 25 18 40 18 14 18 46 15 18 7 15 12 24 27 38 11 8 12 18 14 10 32 9 14 25 36 13 35 35 24 0 16 22 35 21 28 6
22 6 22 35 35 38 19 22 4 17 20 18 21 23 19 26 23 26 6 8 25 22 20 41 39 21 29 37 30 14 10 37 9 41 12 28 8 44 22 11 26 17 32 18 27 3 39 24 24 3 43 8 31 20 25 20 9 14 31 9 20 28 8 3 6 45 11 29 29 22 17 42 31 33 16 0 8 40 32 40 21
16 6 30 31 32 39 26 19 4 20 28 14 23 20 27 23 15 29 11 8 27 14 22 38 40 14 23 33 24 6 14 38 9 42 11 30 5 46 22 18 32 11 28 12 24 5 34 32 26 5 37 16 33 23 33 22 6 7 25 11 22 32 5 11 13 47 13 31 26 14 17 39 26 35 22 8 0 37 34 42 24
23 34 45 10 6 16 37 18 37 28 49 23 22 17 48 14 38 26 46 32 22 40 23 3 21 28 20 9 17 37 32 14 31 22 48 31 33 30 19 48 38 26 12 26 13 38 14 53 22 40 20 45 28 29 49 23 43 32 20 31 28 35 33 41 36 30 30 32 11 37 24 4 15 19 35 40 37 0 22 25 30
31 28 29 28 16 8 22 23 31 16 34 27 12 21 34 22 44 7 38 26 7 45 12 19 8 35 35 29 33 39 23 8 25 10 43 10 29 12 14 38 19 30 29 30 20 32 34 37 8 33 40 35 6 14 33 12 38 35 37 23 13 14 29 33 28 13 21 10 18 43 17 19 32 3 21 32 34 22 0 8 15
38 36 36 33 21 9 29 30 39 23 41 35 20 28 41 28 52 14 45 34 15 53 20 22 4 43 41 34 39 47 30 11 33 4 51 16 37 5 22 45 25 38 34 38 26 40 39 44 16 41 45 42 11 21 39 20 46 43 42 31 20 20 37 40 35 5 29 16 24 51 25 21 37 8 28 40 42 25 8 0 22
30 18 15 31 24 23 7 22 21 6 19 25 9 20 19 22 39 8 25 16 9 38 8 30 23 33 35 33 33 30 11 22 15 25 33 7 20 24 12 24 8 27 30 28 21 22 37 23 8 23 43 21 12 2 19 8 28 29 37 13 3 8 20 20 15 26 11 8 21 38 13 30 32 18 6 21 24 30 15 22 0
0         827      
0         142      
413       593      
98        253      
264       433      
454       625      
170       360      
142       261      
4         179      
165       340      
401       592      
0         90       
157       283      
126       329      
398       521      
122       297      
3         246      
152       288      
330       569      
0         154      
191       369      
67        184      
221       366      
578       751      
217       448      
0         118      
76        265      
505       707      
91        272      
0         240      
0         104      
313       435      
0         142      
257       425      
0         166      
162       313      
0         107      
231       419      
128       275      
382       519      
201       396      
0         119      
38        241      
0         97       
117       301      
0         131      
47        250      
360       583      
164       331      
0         163      
84        287      
434       585      
178       304      
165       342      
374       595      
149       280      
6         176      
0         148      
77        256      
0         162      
164       343      
465       618      
0         157      
349       532      
347       518      
265       403      
329       492      
207       417      
287       516      
506       665      
332       491      
327       491      
50        231      
250       427      
568       798      
0         178      
0         203      
268       438      
171       369      
212       444      
560       746      
