81
0 22 27 10 11 26 22 26 31 21 21 20 20 21 19 21 11 23 17 6 26 27 27 19 20 20 28 12 27 30 9 20 22 32 21 19 24 15 7 20 22 7 22 21 27 25 23 21 30 22 22 15 25 12 26 26 20 18 9 18 22 9 7 20 18 21 23 24 2 23 15 21 16 7 20 32 24 13 19 12 15
22 0 5 19 32 22 44 13 9 41 27 42 28 43 40 20 15 44 29 16 14 8 5 6 4 42 50 31 8 52 15 1 15 11 43 37 7 13 29 10 13 14 44 43 8 28 43 39 40 18 41 31 15 20 27 48 13 23 12 30 21 24 26 37 32 14 2 45 21 40 29 31 26 14 18 12 14 21 40 19 8
27 5 0 23 37 23 49 15 4 45 29 47 30 48 45 25 20 49 34 21 16 5 1 11 7 47 55 36 5 57 20 6 19 9 48 42 9 16 34 12 17 19 49 48 5 30 48 43 45 23 46 36 18 23 29 53 18 25 17 35 23 28 31 42 37 19 5 50 26 45 32 33 29 19 20 9 17 24 45 22 12
10 19 23 0 16 16 32 29 26 22 11 25 11 31 29 27 16 33 27 7 30 21 24 21 16 30 34 22 21 36 5 18 26 30 28 29 26 7 17 12 26 10 32 27 20 15 25 20 40 27 23 25 29 2 16 31 24 8 9 28 12 5 17 30 28 25 21 28 8 33 10 13 8 7 10 31 28 3 28 2 12
11 32 37 16 0 31 17 37 41 11 24 10 22 16 14 31 22 18 23 15 37 36 36 30 30 15 18 14 36 20 17 30 32 43 12 18 35 23 7 28 33 18 17 11 36 28 12 11 35 32 12 18 35 17 30 16 31 23 19 24 27 12 13 23 22 32 33 13 10 25 15 22 19 16 25 43 35 18 13 18 24
26 22 23 16 31 0 48 35 24 33 9 40 11 47 45 39 28 49 41 20 36 19 24 27 18 46 49 38 18 51 17 21 36 32 43 45 29 13 33 12 34 23 48 41 18 7 36 30 54 38 34 40 36 14 6 44 33 8 19 41 4 19 33 46 42 34 24 40 24 49 17 13 13 19 6 32 35 13 44 14 17
22 44 49 32 17 48 0 43 53 21 41 12 39 1 4 34 30 1 23 28 43 49 49 40 42 2 11 14 49 13 31 42 38 53 7 10 45 37 15 42 39 29 1 10 49 45 19 24 29 35 21 17 41 34 47 13 37 40 31 22 44 29 18 16 19 37 45 16 24 16 32 39 36 29 42 53 41 35 4 34 37
26 13 15 29 37 35 43 0 18 47 38 45 38 43 39 11 15 43 22 23 1 20 14 8 16 41 52 29 20 54 24 13 5 13 44 34 6 23 31 22 4 19 43 46 20 40 49 46 31 9 48 27 3 30 39 51 6 33 20 23 33 33 26 31 25 6 11 50 27 33 39 41 36 22 29 14 2 31 41 29 18
31 9 4 26 41 24 53 18 0 48 30 51 31 52 49 29 24 53 38 25 19 5 5 15 10 51 59 40 6 61 23 10 23 9 52 46 12 19 38 14 21 23 53 52 6 31 51 46 49 27 49 40 21 26 30 57 22 26 20 39 24 31 35 46 41 23 9 54 29 49 35 34 31 22 21 8 20 27 49 25 15
21 41 45 22 11 33 21 47 48 0 25 9 23 20 21 42 32 22 34 25 47 43 46 40 38 20 17 25 43 19 26 40 43 52 14 26 45 29 18 34 43 28 20 11 42 28 3 4 45 43 1 29 46 22 30 12 41 26 28 34 30 17 24 32 33 42 42 7 20 33 16 22 21 26 30 52 45 23 18 23 34
21 27 29 11 24 9 41 38 30 25 0 32 2 40 38 38 27 42 38 18 39 25 30 29 23 39 41 33 24 43 15 26 36 38 36 39 34 14 26 17 36 21 41 34 24 4 28 21 51 38 25 36 39 9 6 36 34 4 19 39 6 12 28 41 39 35 29 32 19 44 9 4 5 17 9 38 37 8 37 10 19
20 42 47 25 10 40 12 45 51 9 32 0 30 11 12 37 30 13 29 25 45 46 46 39 40 11 9 19 46 11 27 40 40 52 5 18 44 32 14 37 41 27 11 2 45 36 7 13 37 38 10 23 43 26 38 6 39 32 29 29 36 21 19 24 27 39 43 6 20 25 23 30 27 26 34 52 43 27 9 27 34
20 28 30 11 22 11 39 38 31 23 2 30 0 38 36 38 27 40 37 18 39 26 31 30 24 37 39 32 25 41 15 27 36 39 34 38 35 15 25 18 36 21 39 32 25 6 26 19 50 38 23 35 39 9 8 34 34 5 19 38 8 10 27 40 38 35 30 30 17 43 7 3 3 17 10 39 38 8 35 10 20
21 43 48 31 16 47 1 43 52 20 40 11 38 0 3 33 29 2 22 27 43 48 48 39 41 1 11 13 48 13 30 41 37 52 6 10 44 36 14 41 38 28 1 9 48 44 18 23 29 34 20 16 40 33 46 13 36 39 30 21 43 28 17 16 19 36 44 15 23 16 31 38 35 28 41 52 40 34 3 33 36
19 40 45 29 14 45 4 39 49 21 38 12 36 3 0 30 26 4 19 25 39 46 45 36 39 2 14 10 46 16 28 39 34 49 8 7 41 34 12 39 35 26 4 11 46 42 19 24 26 31 22 13 37 31 44 16 33 37 28 18 41 26 14 13 16 33 41 17 21 13 29 36 33 26 39 49 37 32 3 31 34
21 20 25 27 31 39 34 11 29 42 38 37 38 33 30 0 11 33 12 20 10 28 24 14 23 32 43 20 28 45 22 19 6 24 36 24 17 26 24 27 8 16 34 38 28 41 43 42 20 2 43 17 8 28 42 43 7 34 20 12 36 30 18 20 14 6 20 43 23 22 36 40 34 19 33 25 9 29 32 27 22
11 15 20 16 22 28 30 15 24 32 27 30 27 29 26 11 0 30 14 9 15 23 20 10 16 28 37 16 23 39 11 14 11 23 30 22 15 15 16 18 11 5 30 31 23 30 34 32 26 11 33 16 14 17 31 36 9 23 9 15 25 19 12 22 17 10 16 35 13 25 25 29 23 8 22 23 13 18 27 16 13
23 44 49 33 18 49 1 43 53 22 42 13 40 2 4 33 30 0 22 29 43 50 49 40 43 3 12 14 50 14 32 43 38 53 8 9 45 38 16 43 39 30 2 11 50 46 20 25 28 35 22 16 41 35 48 14 37 41 32 21 45 30 18 15 18 37 45 17 25 15 33 40 37 30 43 53 41 36 5 35 38
17 29 34 27 23 41 23 22 38 34 38 29 37 22 19 12 14 22 0 21 22 37 33 23 30 21 32 10 37 34 23 28 17 35 26 12 27 28 16 32 19 18 23 29 37 42 35 34 13 14 35 6 20 29 43 34 17 35 22 1 37 26 11 8 3 17 29 35 19 11 32 38 33 21 34 35 20 30 21 28 27
6 16 21 7 15 20 28 23 25 25 18 25 18 27 25 20 9 29 21 0 24 21 21 15 14 26 33 18 21 35 3 15 20 27 26 25 20 9 13 14 20 4 28 26 21 22 27 24 33 20 26 20 23 9 23 31 18 15 3 21 17 10 13 26 22 19 17 28 5 29 16 20 15 1 14 27 22 10 25 8 9
26 14 16 30 37 36 43 1 19 47 39 45 39 43 39 10 15 43 22 24 0 21 15 9 17 41 52 29 21 54 25 14 5 14 44 34 7 24 31 23 4 20 43 46 21 41 49 47 30 8 48 27 2 31 40 51 6 34 21 22 34 34 26 30 24 6 12 50 28 32 40 42 37 23 30 15 2 32 41 30 19
27 8 5 21 36 19 49 20 5 43 25 46 26 48 46 28 23 50 37 21 21 0 6 14 7 47 54 38 1 56 19 9 22 13 47 45 13 14 34 9 21 20 49 47 1 26 46 41 48 26 44 39 22 21 25 52 21 21 17 38 19 26 32 45 40 22 8 49 26 48 30 29 26 19 16 13 21 22 46 20 11
27 5 1 24 36 24 49 14 5 46 30 46 31 48 45 24 20 49 33 21 15 6 0 10 7 47 54 36 6 56 20 6 18 8 47 42 8 16 34 13 16 19 49 47 6 31 48 44 44 22 46 36 17 23 30 52 17 26 17 34 24 28 31 41 36 18 4 49 26 44 32 34 29 19 21 8 16 24 45 22 12
19 6 11 21 30 27 40 8 15 40 29 39 30 39 36 14 10 40 23 15 9 14 10 0 8 38 47 26 14 49 16 5 9 13 40 32 5 15 26 14 7 12 40 40 14 31 42 39 34 12 41 26 9 22 31 45 7 25 12 24 24 25 22 31 26 8 6 43 20 34 31 33 28 14 21 13 8 23 37 21 10
20 4 7 16 30 18 42 16 10 38 23 40 24 41 39 23 16 43 30 14 17 7 7 8 0 40 47 30 7 49 13 3 17 15 40 37 11 9 27 6 15 13 42 40 7 24 41 36 42 20 39 32 17 16 23 45 15 19 10 31 17 21 25 38 33 16 6 42 19 41 25 27 22 12 14 15 16 17 39 15 5
20 42 47 30 15 46 2 41 51 20 39 11 37 1 2 32 28 3 21 26 41 47 47 38 40 0 12 12 47 14 29 40 36 51 6 9 43 35 13 40 37 27 2 9 47 43 18 23 28 33 20 15 39 32 45 14 35 38 29 20 42 27 16 15 18 35 43 15 22 15 30 37 34 27 40 51 39 33 2 32 35
28 50 55 34 18 49 11 52 59 17 41 9 39 11 14 43 37 12 32 33 52 54 54 47 47 12 0 23 54 2 35 48 47 60 7 21 52 41 21 46 48 35 10 7 54 45 14 21 40 44 17 26 50 35 47 5 46 40 36 32 44 30 25 27 30 45 50 10 28 27 32 39 36 34 43 60 49 36 11 36 42
12 31 36 22 14 38 14 29 40 25 33 19 32 13 10 20 16 14 10 18 29 38 36 26 30 12 23 0 37 25 21 30 24 39 16 7 31 27 7 32 25 17 14 19 37 37 25 25 20 21 25 4 27 24 38 24 23 30 21 10 34 21 5 9 8 23 32 25 14 12 27 33 28 19 32 39 27 25 12 24 27
27 8 5 21 36 18 49 20 6 43 24 46 25 48 46 28 23 50 37 21 21 1 6 14 7 47 54 37 0 56 19 9 23 14 47 44 14 13 34 8 21 20 49 47 0 25 46 41 48 26 44 39 23 20 24 52 21 20 17 38 18 25 32 45 40 22 9 48 26 48 29 28 25 19 15 14 22 21 46 19 11
30 52 57 36 20 51 13 54 61 19 43 11 41 13 16 45 39 14 34 35 54 56 56 49 49 14 2 25 56 0 37 50 49 62 9 23 54 43 23 48 50 37 12 9 56 47 16 23 42 46 19 28 52 37 49 7 48 42 38 34 46 32 27 29 32 47 52 12 30 29 34 41 38 36 45 62 51 38 13 38 44
9 15 20 5 17 17 31 24 23 26 15 27 15 30 28 22 11 32 23 3 25 19 20 16 13 29 35 21 19 37 0 14 21 26 28 28 21 6 16 11 21 5 31 28 19 19 28 24 36 22 26 23 24 6 20 33 19 12 4 24 14 9 16 29 25 20 17 30 7 32 15 18 12 2 11 27 23 7 27 5 8
20 1 6 18 30 21 42 13 10 40 26 40 27 41 39 19 14 43 28 15 14 9 6 5 3 40 48 30 9 50 14 0 14 12 41 36 8 12 27 9 12 13 42 41 9 27 42 38 39 17 40 30 14 19 26 46 12 22 11 29 20 23 25 36 31 13 3 43 20 39 28 30 25 13 17 13 13 20 39 18 7
22 15 19 26 32 36 38 5 23 43 36 40 36 37 34 6 11 38 17 20 5 22 18 9 17 36 47 24 23 49 21 14 0 18 39 29 11 23 26 23 2 16 38 41 23 40 44 43 26 4 44 22 3 27 39 46 2 33 17 18 33 30 21 25 20 1 14 45 24 28 36 39 33 19 30 19 3 28 36 26 19
32 11 9 30 43 32 53 13 9 52 38 52 39 52 49 24 23 53 35 27 14 13 8 13 15 51 60 39 14 62 26 12 18 0 53 45 8 24 39 21 16 25 53 53 14 39 54 50 44 22 52 39 16 31 38 58 18 34 23 35 32 35 35 43 37 18 9 55 32 45 40 42 37 25 29 1 15 32 50 30 19
21 43 48 28 12 43 7 44 52 14 36 5 34 6 8 36 30 8 26 26 44 47 47 40 40 6 7 16 47 9 28 41 39 53 0 15 45 34 14 39 40 28 6 3 47 40 12 17 34 37 14 20 42 29 42 8 38 35 29 26 39 24 18 21 24 38 43 9 21 21 27 34 31 27 37 53 42 30 5 30 35
19 37 42 29 18 45 10 34 46 26 39 18 38 10 7 24 22 9 12 25 34 45 42 32 37 9 21 7 44 23 28 36 29 45 15 0 37 34 13 39 31 24 11 18 44 43 25 29 19 26 27 7 32 31 45 23 29 37 28 11 41 27 12 6 9 28 38 24 21 7 33 39 34 26 39 45 32 32 10 31 34
24 7 9 26 35 29 45 6 12 45 34 44 35 44 41 17 15 45 27 20 7 13 8 5 11 43 52 31 14 54 21 8 11 8 45 37 0 20 31 17 9 17 45 45 14 35 47 44 37 15 46 31 9 27 34 50 10 30 17 28 28 30 27 35 30 11 5 48 25 38 36 38 33 19 25 8 8 28 42 26 15
15 13 16 7 23 13 37 23 19 29 14 32 15 36 34 26 15 38 28 9 24 14 16 15 9 35 41 27 13 43 6 12 23 24 34 34 20 0 22 5 22 10 37 34 13 17 32 27 41 25 30 29 24 7 16 38 21 10 6 29 10 12 22 35 30 22 15 35 13 38 16 18 13 8 7 24 23 8 33 6 5
7 29 34 17 7 33 15 31 38 18 26 14 25 14 12 24 16 16 16 13 31 34 34 26 27 13 21 7 34 23 16 27 26 39 14 13 31 22 0 27 27 14 15 15 34 30 19 18 27 25 19 11 29 19 32 20 25 25 16 17 29 14 6 16 15 26 30 19 9 19 20 26 21 14 27 39 29 20 12 19 22
20 10 12 12 28 12 42 22 14 34 17 37 18 41 39 27 18 43 32 14 23 9 13 14 6 40 46 32 8 48 11 9 23 21 39 39 17 5 27 0 21 15 42 39 8 18 37 32 44 26 35 34 23 12 17 43 21 13 11 33 11 17 27 40 35 22 12 40 18 43 21 21 17 13 8 21 22 13 38 11 5
22 13 17 26 33 34 39 4 21 43 36 41 36 38 35 8 11 39 19 20 4 21 16 7 15 37 48 25 21 50 21 12 2 16 40 31 9 22 27 21 0 16 39 42 21 38 45 43 28 6 44 24 3 27 38 47 2 32 17 19 31 30 22 27 21 2 13 46 24 29 36 39 33 19 28 17 2 28 37 26 17
7 14 19 10 18 23 29 19 23 28 21 27 21 28 26 16 5 30 18 4 20 20 19 12 13 27 35 17 20 37 5 13 16 25 28 24 17 10 14 15 16 0 29 28 20 24 30 27 31 16 29 19 19 11 25 33 14 17 4 19 19 14 12 25 20 15 16 31 8 28 20 23 17 3 16 25 18 12 26 10 10
22 44 49 32 17 48 1 43 53 20 41 11 39 1 4 34 30 2 23 28 43 49 49 40 42 2 10 14 49 12 31 42 38 53 6 11 45 37 15 42 39 29 0 9 49 45 18 23 30 35 20 17 41 34 47 13 37 40 31 22 44 29 18 17 20 37 45 15 24 17 32 39 36 29 42 53 41 35 4 34 37
21 43 48 27 11 41 10 46 52 11 34 2 32 9 11 38 31 11 29 26 46 47 47 40 40 9 7 19 47 9 28 41 41 53 3 18 45 34 15 39 42 28 9 0 47 38 9 14 37 39 11 23 44 28 40 5 40 33 29 29 37 23 20 24 27 40 43 6 21 24 25 32 29 27 36 53 44 29 8 29 35
27 8 5 20 36 18 49 20 6 42 24 45 25 48 46 28 23 50 37 21 21 1 6 14 7 47 54 37 0 56 19 9 23 14 47 44 14 13 34 8 21 20 49 47 0 25 45 40 48 26 43 39 23 20 24 51 21 20 17 38 18 25 32 45 40 22 9 48 26 48 29 28 25 19 15 14 22 21 46 19 11
25 28 30 15 28 7 45 40 31 28 4 36 6 44 42 41 30 46 42 22 41 26 31 31 24 43 45 37 25 47 19 27 40 39 40 43 35 17 30 18 38 24 45 38 25 0 31 24 55 40 28 40 40 13 2 40 37 7 22 43 7 16 32 45 43 38 30 35 23 48 13 6 9 21 10 39 39 12 41 14 21
23 43 48 25 12 36 19 49 51 3 28 7 26 18 19 43 34 20 35 27 49 46 48 42 41 18 14 25 46 16 28 42 44 54 12 25 47 32 19 37 45 30 18 9 45 31 0 7 44 44 3 29 47 25 33 9 43 29 30 35 33 20 25 31 33 44 44 4 22 32 19 25 24 28 33 54 47 26 16 26 36
21 39 43 20 11 30 24 46 46 4 21 13 19 23 24 42 32 25 34 24 47 41 44 39 36 23 21 25 41 23 24 38 43 50 17 29 44 27 18 32 43 27 23 14 40 24 7 0 45 43 4 29 46 20 26 16 41 23 27 35 27 15 24 34 33 42 41 11 19 36 13 18 18 25 27 51 45 20 21 21 32
30 40 45 40 35 54 29 31 49 45 51 37 50 29 26 20 26 28 13 33 30 48 44 34 42 28 40 20 48 42 36 39 26 44 34 19 37 41 27 44 28 31 30 37 48 55 44 45 0 22 45 16 28 42 56 42 27 48 35 12 50 39 23 13 12 26 40 43 32 13 45 51 46 34 47 45 29 43 29 41 39
22 18 23 27 32 38 35 9 27 43 38 38 38 34 31 2 11 35 14 20 8 26 22 12 20 33 44 21 26 46 22 17 4 22 37 26 15 25 25 26 6 16 35 39 26 40 44 43 22 0 44 19 6 27 41 44 5 33 19 14 35 30 19 22 16 4 18 44 24 24 36 39 33 19 32 23 7 28 33 26 21
22 41 46 23 12 34 21 48 49 1 25 10 23 20 22 43 33 22 35 26 48 44 46 41 39 20 17 25 44 19 26 40 44 52 14 27 46 30 19 35 44 29 20 11 43 28 3 4 45 44 0 29 47 23 30 12 42 26 29 35 30 18 25 33 33 43 43 7 21 34 17 22 21 27 31 53 46 24 19 24 34
15 31 36 25 18 40 17 27 40 29 36 23 35 16 13 17 16 16 6 20 27 39 36 26 32 15 26 4 39 28 23 30 22 39 20 7 31 29 11 34 24 19 17 23 39 40 29 29 16 19 29 0 25 27 41 28 22 33 23 6 37 24 8 6 4 22 32 29 17 9 30 36 31 21 34 39 25 28 15 27 29
25 15 18 29 35 36 41 3 21 46 39 43 39 40 37 8 14 41 20 23 2 22 17 9 17 39 50 27 23 52 24 14 3 16 42 32 9 24 29 23 3 19 41 44 23 40 47 46 28 6 47 25 0 30 40 49 5 34 20 20 33 33 24 28 22 4 14 48 27 30 39 42 36 22 30 17 1 31 39 29 19
12 20 23 2 17 14 34 30 26 22 9 26 9 33 31 28 17 35 29 9 31 21 23 22 16 32 35 24 20 37 6 19 27 31 29 31 27 7 19 12 27 11 34 28 20 13 25 20 42 27 23 27 30 0 14 32 25 6 10 30 10 5 19 32 30 26 22 28 10 35 9 11 6 8 8 31 29 1 30 1 12
26 27 29 16 30 6 47 39 30 30 6 38 8 46 44 42 31 48 43 23 40 25 30 31 23 45 47 38 24 49 20 26 39 38 42 45 34 16 32 17 38 25 47 40 24 2 33 26 56 41 30 41 40 14 0 42 37 8 22 44 6 18 33 46 44 38 29 37 24 49 15 8 11 22 9 38 39 13 43 15 20
26 48 53 31 16 44 13 51 57 12 36 6 34 13 16 43 36 14 34 31 51 52 52 45 45 14 5 24 52 7 33 46 46 58 8 23 50 38 20 43 47 33 13 5 51 40 9 16 42 44 12 28 49 32 42 0 45 37 34 34 41 27 25 29 32 45 48 5 26 29 27 34 32 32 40 58 49 33 13 33 40
20 13 18 24 31 33 37 6 22 41 34 39 34 36 33 7 9 37 17 18 6 21 17 7 15 35 46 23 21 48 19 12 2 18 38 29 10 21 25 21 2 14 37 40 21 37 43 41 27 5 42 22 5 25 37 45 0 30 15 18 31 28 20 25 20 1 13 44 22 28 34 36 31 17 28 18 4 26 35 24 17
18 23 25 8 23 8 40 33 26 26 4 32 5 39 37 34 23 41 35 15 34 21 26 25 19 38 40 30 20 42 12 22 33 34 35 37 30 10 25 13 32 17 40 33 20 7 29 23 48 33 26 33 34 6 8 37 30 0 15 36 4 11 25 38 36 31 25 33 16 41 10 8 5 14 5 34 33 5 36 7 15
9 12 17 9 19 19 31 20 20 28 19 29 19 30 28 20 9 32 22 3 21 17 17 12 10 29 36 21 17 38 4 11 17 23 29 28 17 6 16 11 17 4 31 29 17 22 30 27 35 19 29 23 20 10 22 34 15 15 0 23 16 13 16 29 24 16 14 31 8 32 19 21 16 2 13 24 19 11 28 9 6
18 30 35 28 24 41 22 23 39 34 39 29 38 21 18 12 15 21 1 21 22 38 34 24 31 20 32 10 38 34 24 29 18 35 26 11 28 29 17 33 19 19 22 29 38 43 35 35 12 14 35 6 20 30 44 34 18 36 23 0 38 27 11 7 2 17 30 35 20 10 33 39 34 22 35 36 21 31 21 29 28
22 21 23 12 27 4 44 33 24 30 6 36 8 43 41 36 25 45 37 17 34 19 24 24 17 42 44 34 18 46 14 20 33 32 39 41 28 10 29 11 31 19 44 37 18 7 33 27 50 35 30 37 33 10 6 41 31 4 16 38 0 15 29 42 39 32 23 37 20 45 14 10 9 16 3 32 32 9 40 10 14
9 24 28 5 12 19 29 33 31 17 12 21 10 28 26 30 19 30 26 10 34 26 28 25 21 27 30 21 25 32 9 23 30 35 24 27 30 12 14 17 30 14 29 23 25 16 20 15 39 30 18 24 33 5 18 27 28 11 13 27 15 0 16 29 27 29 26 23 7 32 6 12 7 11 13 36 32 6 25 6 17
7 26 31 17 13 33 18 26 35 24 28 19 27 17 14 18 12 18 11 13 26 32 31 22 25 16 25 5 32 27 16 25 21 35 18 12 27 22 6 27 22 12 18 20 32 32 25 24 23 19 25 8 24 19 33 25 20 25 16 11 29 16 0 13 11 20 27 25 9 16 22 28 23 14 27 35 24 20 15 19 22
20 37 42 30 23 46 16 31 46 32 41 24 40 16 13 20 22 15 8 26 30 45 41 31 38 15 27 9 45 29 29 36 25 43 21 6 35 35 16 40 27 25 17 24 45 45 31 34 13 22 33 6 28 32 46 29 25 38 29 7 42 29 13 0 5 24 37 30 22 3 35 41 36 27 40 43 28 33 16 32 35
18 32 37 28 22 42 19 25 41 33 39 27 38 19 16 14 17 18 3 22 24 40 36 26 33 18 30 8 40 32 25 31 20 37 24 9 30 30 15 35 21 20 20 27 40 43 33 33 12 16 33 4 22 30 44 32 20 36 24 2 39 27 11 5 0 19 32 33 20 8 33 39 34 23 36 38 23 31 19 30 30
21 14 19 25 32 34 37 6 23 42 35 39 35 36 33 6 10 37 17 19 6 22 18 8 16 35 45 23 22 47 20 13 1 18 38 28 11 22 26 22 2 15 37 40 22 38 44 42 26 4 43 22 4 26 38 45 1 31 16 17 32 29 20 24 19 0 14 45 23 27 35 37 32 18 29 19 4 27 35 25 18
23 2 5 21 33 24 45 11 9 42 29 43 30 44 41 20 16 45 29 17 12 8 4 6 6 43 50 32 9 52 17 3 14 9 43 38 5 15 30 12 13 16 45 43 9 30 44 41 40 18 43 32 14 22 29 48 13 25 14 30 23 26 27 37 32 14 0 45 22 40 31 33 28 16 20 10 13 23 42 21 10
24 45 50 28 13 40 16 50 54 7 32 6 30 15 17 43 35 17 35 28 50 49 49 43 42 15 10 25 48 12 30 43 45 55 9 24 48 35 19 40 46 31 15 6 48 35 4 11 43 44 7 29 48 28 37 5 44 33 31 35 37 23 25 30 33 45 45 0 23 30 23 29 28 29 36 55 48 29 14 29 37
2 21 26 8 10 24 24 27 29 20 19 20 17 23 21 23 13 25 19 5 28 26 26 20 19 22 28 14 26 30 7 20 24 32 21 21 25 13 9 18 24 8 24 21 26 23 22 19 32 24 21 17 27 10 24 26 22 16 8 20 20 7 9 22 20 23 22 23 0 25 13 19 14 6 18 32 26 11 20 10 14
23 40 45 33 25 49 16 33 49 33 44 25 43 16 13 22 25 15 11 29 32 48 44 34 41 15 27 12 48 29 32 39 28 45 21 7 38 38 19 43 29 28 17 24 48 48 32 36 13 24 34 9 30 35 49 29 28 41 32 10 45 32 16 3 8 27 40 30 25 0 38 44 39 30 43 46 31 36 16 35 38
15 29 32 10 15 17 32 39 35 16 9 23 7 31 29 36 25 33 32 16 40 30 32 31 25 30 32 27 29 34 15 28 36 40 27 33 36 16 20 21 36 20 32 25 29 13 19 13 45 36 17 30 39 9 15 27 34 10 19 33 14 6 22 35 33 35 31 23 13 38 0 7 5 17 14 40 38 8 28 10 21
21 31 33 13 22 13 39 41 34 22 4 30 3 38 36 40 29 40 38 20 42 29 34 33 27 37 39 33 28 41 18 30 39 42 34 39 38 18 26 21 39 23 39 32 28 6 25 18 51 39 22 36 42 11 8 34 36 8 21 39 10 12 28 41 39 37 33 29 19 44 7 0 5 19 13 42 40 10 35 12 23
16 26 29 8 19 13 36 36 31 21 5 27 3 35 33 34 23 37 33 15 37 26 29 28 22 34 36 28 25 38 12 25 33 37 31 34 33 13 21 17 33 17 36 29 25 9 24 18 46 33 21 31 36 6 11 32 31 5 16 34 9 7 23 36 34 32 28 28 14 39 5 5 0 14 10 37 35 5 32 7 18
7 14 19 7 16 19 29 22 22 26 17 26 17 28 26 19 8 30 21 1 23 19 19 14 12 27 34 19 19 36 2 13 19 25 27 26 19 8 14 13 19 3 29 27 19 21 28 25 34 19 27 21 22 8 22 32 17 14 2 22 16 11 14 27 23 18 16 29 6 30 17 19 14 0 13 26 21 9 26 7 8
20 18 20 10 25 6 42 29 21 30 9 34 10 41 39 33 22 43 34 14 30 16 21 21 14 40 43 32 15 45 11 17 30 29 37 39 25 7 27 8 28 16 42 36 15 10 33 27 47 32 31 34 30 8 9 40 28 5 13 35 3 13 27 40 36 29 20 36 18 43 14 13 10 13 0 29 29 7 38 8 11
32 12 9 31 43 32 53 14 8 52 38 52 39 52 49 25 23 53 35 27 15 13 8 13 15 51 60 39 14 62 27 13 19 1 53 45 8 24 39 21 17 25 53 53 14 39 54 51 45 23 53 39 17 31 38 58 18 34 24 36 32 36 35 43 38 19 10 55 32 46 40 42 37 26 29 0 16 32 50 30 20
24 14 17 28 35 35 41 2 20 45 37 43 38 40 37 9 13 41 20 22 2 21 16 8 16 39 49 27 22 51 23 13 3 15 42 32 8 23 29 22 2 18 41 44 22 39 47 45 29 7 46 25 1 29 39 49 4 33 19 21 32 32 24 28 23 4 13 48 26 31 38 40 35 21 29 16 0 30 39 28 18
13 21 24 3 18 13 35 31 27 23 8 27 8 34 32 29 18 36 30 10 32 22 24 23 17 33 36 25 21 38 7 20 28 32 30 32 28 8 20 13 28 12 35 29 21 12 26 20 43 28 24 28 31 1 13 33 26 5 11 31 9 6 20 33 31 27 23 29 11 36 8 10 5 9 7 32 30 0 31 2 13
19 40 45 28 13 44 4 41 49 18 37 9 35 3 3 32 27 5 21 25 41 46 45 37 39 2 11 12 46 13 27 39 36 50 5 10 42 33 12 38 37 26 4 8 46 41 16 21 29 33 19 15 39 30 43 13 35 36 28 21 40 25 15 16 19 35 42 14 20 16 28 35 32 26 38 50 39 31 0 30 34
12 19 22 2 18 14 34 29 25 23 10 27 10 33 31 27 16 35 28 8 30 20 22 21 15 32 36 24 19 38 5 18 26 30 30 31 26 6 19 11 26 10 34 29 19 14 26 21 41 26 24 27 29 1 15 33 24 7 9 29 10 6 19 32 30 25 21 29 10 35 10 12 7 7 8 30 28 2 30 0 11
15 8 12 12 24 17 37 18 15 34 19 34 20 36 34 22 13 38 27 9 19 11 12 10 5 35 42 27 11 44 8 7 19 19 35 34 15 5 22 5 17 10 37 35 11 21 36 32 39 21 34 29 19 12 20 40 17 15 6 28 14 17 22 35 30 18 10 37 14 38 21 23 18 8 11 20 18 13 34 11 0
0         846      
49        223      
91        231      
0         243      
397       537      
541       735      
337       489      
122       269      
21        213      
375       517      
0         129      
332       512      
0         202      
555       674      
299       508      
157       336      
0         129      
307       498      
211       361      
0         73       
156       276      
85        266      
53        288      
152       281      
67        289      
268       463      
347       488      
297       442      
12        229      
595       814      
0         119      
122       358      
112       261      
91        297      
330       465      
255       437      
114       279      
0         109      
306       463      
1         248      
70        298      
0         143      
334       494      
349       541      
79        240      
0         119      
329       562      
385       548      
245       438      
140       328      
352       585      
212       362      
163       322      
0         165      
417       615      
337       518      
115       294      
0         155      
0         77       
222       376      
0         184      
0         175      
296       412      
214       362      
219       414      
148       300      
48        238      
377       504      
404       559      
252       390      
0         137      
0         140      
0         164      
0         94       
0         163      
489       640      
118       252      
44        184      
275       464      
0         167      
598       769      
