81
0 30 24 35 39 43 29 38 36 22 25 21 45 37 42 45 33 1 37 14 26 30 21 49 21 24 39 46 33 5 17 8 28 25 7 23 59 2 22 3 48 34 20 51 31 60 35 21 32 41 19 50 39 6 34 35 29 45 5 46 22 34 20 26 9 44 31 41 45 8 44 16 43 31 32 37 24 10 49 16 27
30 0 6 7 44 19 1 14 6 8 6 26 33 46 16 19 25 31 43 16 35 43 16 31 18 30 47 39 21 27 14 38 35 7 37 25 40 28 8 27 29 34 40 30 24 42 33 31 3 16 11 41 40 24 9 19 23 24 30 26 29 41 29 38 21 45 12 18 24 38 45 14 29 15 7 7 20 20 30 15 3
24 6 0 12 42 23 5 18 12 2 2 23 35 43 21 24 26 25 41 10 32 40 14 34 16 28 45 41 23 21 9 32 33 4 31 23 44 22 2 21 32 33 35 34 24 45 33 29 8 21 5 43 39 18 12 21 23 27 24 29 27 39 27 36 15 44 14 21 27 32 44 8 31 17 10 13 18 14 33 9 5
35 7 12 0 43 13 7 8 7 14 13 27 27 45 9 12 23 36 42 22 36 44 19 25 21 33 47 36 19 32 19 43 38 14 42 28 34 33 14 33 23 33 43 24 22 36 31 34 4 10 16 35 38 30 4 15 22 18 35 20 32 43 32 41 27 43 9 12 18 43 43 20 23 12 4 7 20 25 24 20 8
39 44 42 43 0 38 42 37 48 41 44 20 25 5 41 42 20 40 2 40 13 11 27 34 25 15 7 18 25 35 34 37 11 45 40 18 39 39 40 39 34 10 21 38 21 38 12 18 43 39 37 22 5 41 38 29 21 35 34 34 17 6 19 14 40 5 33 37 35 40 5 42 27 30 39 49 24 39 35 35 40
43 19 23 13 38 0 18 5 20 25 24 28 16 41 4 4 18 44 37 31 36 43 22 12 23 33 43 25 14 38 26 48 37 26 49 28 21 41 25 40 10 28 45 11 18 23 26 36 16 3 25 24 33 39 10 10 20 5 40 7 33 39 34 42 36 38 12 2 5 49 38 31 12 12 12 20 21 34 11 27 17
29 1 5 7 42 18 0 13 7 7 6 24 32 44 16 19 24 30 41 15 34 42 15 30 17 29 46 38 20 26 13 37 34 8 36 24 39 27 7 26 28 33 39 29 22 41 32 30 3 16 10 40 39 23 8 18 21 23 29 25 28 40 28 37 20 44 11 17 23 37 44 13 28 14 6 8 18 19 29 14 2
38 14 18 8 37 5 13 0 15 19 19 25 19 41 5 7 17 39 37 26 33 41 18 17 20 30 43 28 12 33 21 44 35 21 44 25 26 36 19 35 15 27 42 16 16 28 25 33 11 3 20 27 32 34 5 8 18 10 36 12 30 38 31 39 31 37 7 4 10 44 37 26 15 9 7 15 18 29 16 22 12
36 6 12 7 48 20 7 15 0 14 11 31 34 51 16 19 29 37 48 22 41 49 22 32 24 36 53 42 24 33 20 44 41 12 43 31 41 34 14 33 30 39 46 31 27 43 37 37 5 17 17 42 44 30 10 21 27 25 36 27 35 47 35 44 27 49 15 19 25 44 49 20 30 18 9 1 25 26 31 21 9
22 8 2 14 41 25 7 19 14 0 3 21 35 41 23 26 26 23 39 8 31 38 13 35 15 27 43 41 23 19 7 30 32 5 29 22 45 20 0 19 33 32 33 35 24 46 32 27 10 22 3 43 38 16 14 21 22 29 22 30 26 38 25 34 13 43 14 23 29 30 43 7 31 17 12 15 18 12 34 7 7
25 6 2 13 44 24 6 19 11 3 0 24 37 44 22 25 28 26 42 11 34 41 16 36 18 30 46 43 25 22 10 33 35 2 32 25 45 23 3 22 34 35 36 35 26 47 35 30 9 22 6 45 41 19 14 23 25 29 25 31 29 41 28 37 16 46 16 23 29 33 46 9 33 19 12 12 20 15 35 10 7
21 26 23 27 20 28 24 25 31 21 24 0 24 20 30 32 12 22 18 20 9 17 8 29 6 6 22 25 14 17 14 24 11 26 26 2 39 21 21 20 29 13 17 33 10 39 14 8 25 28 18 29 19 22 23 18 8 27 17 27 5 17 6 14 21 24 18 26 27 26 24 22 22 16 23 31 7 20 29 15 21
45 33 35 27 25 16 32 19 34 35 37 24 0 30 20 19 12 46 26 38 28 33 25 9 24 26 32 9 12 40 31 48 28 39 50 23 15 44 35 43 9 17 39 13 13 15 14 30 30 19 33 8 20 43 24 14 15 12 40 11 27 29 29 33 41 24 21 16 12 49 23 39 4 18 26 34 20 39 10 32 30
37 46 43 45 5 41 44 41 51 41 44 20 30 0 44 45 23 38 4 40 11 7 28 39 26 14 2 23 28 33 34 34 9 46 38 19 44 37 41 37 39 13 18 43 24 43 16 16 45 42 38 27 10 39 41 32 23 39 32 39 16 3 17 11 38 9 35 40 39 37 10 42 32 32 41 51 26 38 40 35 41
42 16 21 9 41 4 16 5 16 23 22 30 20 44 0 3 21 43 41 30 38 45 23 16 25 35 46 29 16 38 25 49 39 23 49 30 25 40 23 39 14 31 47 15 20 27 29 38 13 2 24 28 36 38 9 12 22 9 41 11 35 42 36 44 35 41 12 4 9 49 41 29 16 14 11 16 23 33 15 26 16
45 19 24 12 42 4 19 7 19 26 25 32 19 45 3 0 22 46 41 33 40 47 25 13 27 37 47 28 18 40 28 51 41 26 51 32 22 43 26 42 12 32 49 12 22 24 30 40 16 4 27 27 37 41 12 14 24 7 43 9 37 43 38 46 38 42 14 6 7 51 41 32 15 16 14 19 25 36 12 29 19
33 25 26 23 20 18 24 17 29 26 28 12 12 23 21 22 0 34 19 28 18 25 14 18 12 15 25 15 5 28 21 36 19 30 38 11 27 32 26 31 17 10 28 21 2 27 8 19 23 19 24 17 15 31 19 9 4 17 29 17 16 21 17 24 29 20 13 17 17 38 20 30 11 10 19 29 9 28 18 22 22
1 31 25 36 40 44 30 39 37 23 26 22 46 38 43 46 34 0 38 15 27 31 22 50 22 25 40 47 34 6 18 8 29 26 6 24 60 3 23 4 49 35 21 52 32 61 36 22 33 42 20 51 40 7 35 36 30 46 6 47 23 35 21 27 10 45 32 42 46 7 45 17 44 32 33 38 25 11 50 17 28
37 43 41 42 2 37 41 37 48 39 42 18 26 4 41 41 19 38 0 38 11 9 26 35 24 13 6 19 24 33 32 35 9 44 38 17 40 37 39 37 35 9 19 39 20 39 12 16 42 38 36 23 6 39 38 28 20 35 32 35 15 4 17 12 38 7 32 36 35 38 7 40 28 29 38 48 23 37 36 33 39
14 16 10 22 40 31 15 26 22 8 11 20 38 40 30 33 28 15 38 0 28 35 14 40 16 26 42 43 26 11 7 22 30 11 21 22 50 12 8 11 38 33 29 42 26 51 34 24 18 29 6 45 39 8 21 25 24 35 14 36 24 36 22 31 5 44 20 30 35 22 44 2 35 21 19 23 19 4 39 6 14
26 35 32 36 13 36 34 33 41 31 34 9 28 11 38 40 18 27 11 28 0 8 17 35 15 3 13 25 22 22 23 24 2 35 28 8 43 26 30 26 35 11 11 39 18 43 14 5 34 36 27 29 14 28 32 26 16 35 21 35 5 8 6 6 27 18 26 34 35 27 18 30 28 24 32 40 15 27 36 24 30
30 43 40 44 11 43 42 41 49 38 41 17 33 7 45 47 25 31 9 35 8 0 25 42 23 11 9 28 29 27 31 27 6 43 31 16 48 30 38 30 42 16 11 46 25 48 19 11 42 43 35 32 15 33 40 33 23 42 25 42 12 5 13 4 34 16 34 41 42 30 16 37 35 32 40 48 23 33 43 31 38
21 16 14 19 27 22 15 18 22 13 16 8 25 28 23 25 14 22 26 14 17 25 0 29 2 14 30 29 13 16 7 26 19 18 27 9 39 19 13 19 27 19 24 30 12 40 20 15 17 21 10 31 25 18 16 14 10 24 18 25 13 25 13 22 16 30 11 20 24 27 30 16 23 10 15 23 5 15 28 8 13
49 31 34 25 34 12 30 17 32 35 36 29 9 39 16 13 18 50 35 40 35 42 29 0 28 33 41 17 16 44 34 53 36 38 55 29 10 48 35 47 2 26 46 4 19 11 23 37 28 15 35 15 29 47 22 15 21 7 45 5 34 38 35 41 44 33 21 13 7 54 32 41 7 19 24 32 25 42 1 35 29
21 18 16 21 25 23 17 20 24 15 18 6 24 26 25 27 12 22 24 16 15 23 2 28 0 12 28 27 12 16 9 25 17 20 26 7 38 20 15 19 27 17 22 31 10 39 18 13 19 23 12 29 23 19 18 14 8 24 17 25 11 23 11 20 17 28 13 21 24 26 28 18 22 11 17 25 3 16 28 10 15
24 30 28 33 15 33 29 30 36 27 30 6 26 14 35 37 15 25 13 26 3 11 14 33 12 0 16 24 19 20 20 24 5 32 27 5 41 24 27 24 32 10 13 36 15 41 13 4 31 33 24 28 15 26 29 23 13 32 19 32 2 11 4 9 25 20 23 31 32 26 20 28 26 21 29 37 12 24 33 21 27
39 47 45 47 7 43 46 43 53 43 46 22 32 2 46 47 25 40 6 42 13 9 30 41 28 16 0 25 30 35 36 36 11 48 40 21 46 39 43 39 41 15 20 45 26 45 18 18 47 44 40 29 12 41 43 34 25 41 34 41 18 5 19 13 40 10 37 42 41 39 11 43 34 34 43 53 28 40 42 37 43
46 39 41 36 18 25 38 28 42 41 43 25 9 23 29 28 15 47 19 43 25 28 29 17 27 24 25 0 18 41 36 48 25 45 51 23 21 45 41 45 18 14 36 21 17 20 11 28 37 27 39 4 13 46 32 21 19 21 42 20 26 23 28 30 44 16 27 25 21 50 15 45 13 24 33 43 24 43 18 37 36
33 21 23 19 25 14 20 12 24 23 25 14 12 28 16 18 5 34 24 26 22 29 13 16 12 19 30 18 0 28 19 37 23 27 38 14 26 32 23 31 15 15 31 18 4 27 13 22 19 14 21 20 20 31 14 4 6 13 29 13 19 26 20 28 29 25 9 12 13 38 25 27 10 6 15 25 9 27 16 20 18
5 27 21 32 35 38 26 33 33 19 22 17 40 33 38 40 28 6 33 11 22 27 16 44 16 20 35 41 28 0 13 11 24 22 11 18 54 4 19 4 43 29 18 46 26 55 30 17 29 36 16 45 35 6 30 30 24 40 3 41 18 30 16 23 7 40 26 36 40 11 40 13 38 26 28 34 19 8 44 12 24
17 14 9 19 34 26 13 21 20 7 10 14 31 34 25 28 21 18 32 7 23 31 7 34 9 20 36 36 19 13 0 24 25 12 24 16 44 15 7 14 32 26 26 35 19 45 27 20 16 24 4 38 32 13 17 19 17 29 16 30 19 31 18 27 10 37 14 24 29 24 37 9 29 15 15 21 12 8 33 1 11
8 38 32 43 37 48 37 44 44 30 33 24 48 34 49 51 36 8 35 22 24 27 26 53 25 24 36 48 37 11 24 0 26 33 4 25 63 10 30 11 52 34 16 55 34 63 37 20 40 47 27 52 38 14 40 39 32 49 8 50 22 31 20 23 17 42 37 46 49 3 42 24 46 36 39 45 28 18 53 23 35
28 35 33 38 11 37 34 35 41 32 35 11 28 9 39 41 19 29 9 30 2 6 19 36 17 5 11 25 23 24 25 26 0 37 29 10 43 28 32 28 36 11 12 40 19 43 14 7 36 37 29 29 13 30 34 27 17 36 23 36 7 6 8 5 29 16 28 35 36 29 16 32 29 26 34 42 17 29 37 26 32
25 7 4 14 45 26 8 21 12 5 2 26 39 46 23 26 30 26 44 11 35 43 18 38 20 32 48 45 27 22 12 33 37 0 32 27 47 23 5 22 36 37 38 37 28 49 37 32 10 23 8 47 43 19 16 25 27 31 25 33 31 43 30 39 16 48 18 25 31 33 48 9 35 21 14 13 22 15 37 12 9
7 37 31 42 40 49 36 44 43 29 32 26 50 38 49 51 38 6 38 21 28 31 27 55 26 27 40 51 38 11 24 4 29 32 0 28 64 9 29 10 53 37 20 56 36 65 40 23 39 47 26 55 41 13 41 40 34 50 9 51 25 35 23 27 16 45 37 47 50 1 45 23 48 37 39 44 29 17 54 23 34
23 25 23 28 18 28 24 25 31 22 25 2 23 19 30 32 11 24 17 22 8 16 9 29 7 5 21 23 14 18 16 25 10 27 28 0 38 22 22 22 28 11 17 32 10 38 12 8 26 28 19 27 17 24 23 18 8 27 19 27 5 16 6 14 23 22 18 26 27 27 22 24 22 16 24 32 7 22 29 17 22
59 40 44 34 39 21 39 26 41 45 45 39 15 44 25 22 27 60 40 50 43 48 39 10 38 41 46 21 26 54 44 63 43 47 64 38 0 58 45 57 11 32 54 10 28 2 29 45 37 24 44 17 34 57 31 24 30 16 55 14 42 44 44 48 54 37 30 22 16 64 36 50 16 28 33 41 35 52 10 44 38
2 28 22 33 39 41 27 36 34 20 23 21 44 37 40 43 32 3 37 12 26 30 19 48 20 24 39 45 32 4 15 10 28 23 9 22 58 0 20 1 46 33 21 49 30 59 34 21 30 39 17 49 39 4 32 33 28 43 5 44 22 34 20 26 7 44 29 39 43 10 44 14 42 29 30 35 23 8 47 14 25
22 8 2 14 40 25 7 19 14 0 3 21 35 41 23 26 26 23 39 8 30 38 13 35 15 27 43 41 23 19 7 30 32 5 29 22 45 20 0 19 33 32 33 35 24 46 32 27 10 22 3 43 38 16 14 21 22 29 22 30 26 38 25 34 13 43 14 23 29 30 43 7 31 17 12 15 18 12 34 7 7
3 27 21 33 39 40 26 35 33 19 22 20 43 37 39 42 31 4 37 11 26 30 19 47 19 24 39 45 31 4 14 11 28 22 10 22 57 1 19 0 46 33 21 49 29 58 34 21 29 38 16 48 39 3 31 33 27 43 5 44 22 34 20 26 6 44 28 38 43 11 44 13 41 29 29 34 22 7 47 13 24
48 29 32 23 34 10 28 15 30 33 34 29 9 39 14 12 17 49 35 38 35 42 27 2 27 32 41 18 15 43 32 52 36 36 53 28 11 46 33 46 0 26 45 4 18 13 23 36 26 13 33 16 29 45 20 13 20 5 44 3 33 38 34 41 42 33 19 11 5 53 32 39 7 17 22 30 24 40 1 33 27
34 34 33 33 10 28 33 27 39 32 35 13 17 13 31 32 10 35 9 33 11 16 19 26 17 10 15 14 15 29 26 34 11 37 37 11 32 33 32 33 26 0 22 30 11 32 3 14 33 29 29 18 6 35 29 19 11 26 29 26 12 12 14 16 34 11 23 27 26 36 11 35 19 20 29 39 15 33 27 27 30
20 40 35 43 21 45 39 42 46 33 36 17 39 18 47 49 28 21 19 29 11 11 24 46 22 13 20 36 31 18 26 16 12 38 20 17 54 21 33 21 45 22 0 49 27 54 25 9 41 45 30 40 24 24 40 35 25 44 16 44 12 15 11 7 25 26 35 43 44 19 26 31 39 33 39 47 24 26 46 26 37
51 30 34 24 38 11 29 16 31 35 35 33 13 43 15 12 21 52 39 42 39 46 30 4 31 36 45 21 18 46 35 55 40 37 56 32 10 49 35 49 4 30 49 0 22 12 27 40 27 14 36 19 33 48 21 16 24 7 47 5 37 42 38 45 45 37 21 13 7 56 36 42 11 20 23 31 27 43 3 36 28
31 24 24 22 21 18 22 16 27 24 26 10 13 24 20 22 2 32 20 26 18 25 12 19 10 15 26 17 4 26 19 34 19 28 36 10 28 30 24 29 18 11 27 22 0 28 10 18 22 18 22 19 17 29 17 8 2 17 27 17 15 22 16 24 27 22 12 16 17 36 22 28 12 9 18 28 7 26 19 20 20
60 42 45 36 38 23 41 28 43 46 47 39 15 43 27 24 27 61 39 51 43 48 40 11 39 41 45 20 27 55 45 63 43 49 65 38 2 59 46 58 13 32 54 12 28 0 29 45 39 26 46 16 33 57 33 26 30 18 55 16 42 43 44 48 55 36 32 24 18 64 35 52 17 30 35 43 35 53 12 46 40
35 33 33 31 12 26 32 25 37 32 35 14 14 16 29 30 8 36 12 34 14 19 20 23 18 13 18 11 13 30 27 37 14 37 40 12 29 34 32 34 23 3 25 27 10 29 0 17 31 27 30 15 7 36 27 17 10 23 31 23 15 15 17 19 35 12 21 25 23 39 12 36 16 18 27 37 15 34 24 28 29
21 31 29 34 18 36 30 33 37 27 30 8 30 16 38 40 19 22 16 24 5 11 15 37 13 4 18 28 22 17 20 20 7 32 23 8 45 21 27 21 36 14 9 40 18 45 17 0 32 36 24 32 18 23 31 26 16 35 16 35 3 13 2 7 23 23 26 34 35 22 23 26 30 24 30 38 15 22 37 20 28
32 3 8 4 43 16 3 11 5 10 9 25 30 45 13 16 23 33 42 18 34 42 17 28 19 31 47 37 19 29 16 40 36 10 39 26 37 30 10 29 26 33 41 27 22 39 31 32 0 13 13 38 38 26 6 16 22 21 32 23 30 42 30 39 23 43 10 15 21 40 43 16 26 13 4 6 20 22 27 17 5
41 16 21 10 39 3 16 3 17 22 22 28 19 42 2 4 19 42 38 29 36 43 21 15 23 33 44 27 14 36 24 47 37 23 47 28 24 39 22 38 13 29 45 14 18 26 27 36 13 0 23 27 34 37 8 10 20 8 39 10 33 40 34 42 34 39 10 2 8 47 39 29 14 12 10 17 21 32 14 25 15
19 11 5 16 37 25 10 20 17 3 6 18 33 38 24 27 24 20 36 6 27 35 10 35 12 24 40 39 21 16 4 27 29 8 26 19 44 17 3 16 33 29 30 36 22 46 30 24 13 23 0 41 35 13 15 20 20 29 19 30 23 35 22 31 10 40 14 24 29 27 40 6 30 16 13 18 15 9 34 4 8
50 41 43 35 22 24 40 27 42 43 45 29 8 27 28 27 17 51 23 45 29 32 31 15 29 28 29 4 20 45 38 52 29 47 55 27 17 49 43 48 16 18 40 19 19 16 15 32 38 27 41 0 17 48 32 22 21 20 46 19 30 27 32 34 46 20 29 24 20 54 19 47 12 26 34 42 26 45 16 39 38
39 40 39 38 5 33 39 32 44 38 41 19 20 10 36 37 15 40 6 39 14 15 25 29 23 15 12 13 20 35 32 38 13 43 41 17 34 39 38 39 29 6 24 33 17 33 7 18 38 34 35 17 0 41 34 24 17 30 34 29 17 10 19 17 40 5 28 32 30 40 5 41 22 25 34 44 21 39 30 33 36
6 24 18 30 41 39 23 34 30 16 19 22 43 39 38 41 31 7 39 8 28 33 18 47 19 26 41 46 31 6 13 14 30 19 13 24 57 4 16 3 45 35 24 48 29 57 36 23 26 37 13 48 41 0 28 32 27 42 8 43 24 36 22 29 3 46 27 37 42 14 46 10 41 28 26 31 22 4 46 11 21
34 9 12 4 38 10 8 5 10 14 14 23 24 41 9 12 19 35 38 21 32 40 16 22 18 29 43 32 14 30 17 40 34 16 41 23 31 32 14 31 20 29 40 21 17 33 27 31 6 8 15 32 34 28 0 11 17 15 32 17 28 38 29 37 25 39 5 9 15 41 39 20 20 8 2 11 16 24 21 18 7
35 19 21 15 29 10 18 8 21 21 23 18 14 32 12 14 9 36 28 25 26 33 14 15 14 23 34 21 4 30 19 39 27 25 40 18 24 33 21 33 13 19 35 16 8 26 17 26 16 10 20 22 24 32 11 0 10 10 31 11 23 30 24 32 29 29 7 8 10 40 29 26 10 4 12 22 11 27 14 20 16
29 23 23 22 21 20 21 18 27 22 25 8 15 23 22 24 4 30 20 24 16 23 10 21 8 13 25 19 6 24 17 32 17 27 34 8 30 28 22 27 20 11 25 24 2 30 10 16 22 20 20 21 17 27 17 10 0 19 25 19 13 21 14 22 25 22 12 18 19 34 22 26 14 9 18 28 5 24 21 18 19
45 24 27 18 35 5 23 10 25 29 29 27 12 39 9 7 17 46 35 35 35 42 24 7 24 32 41 21 13 40 29 49 36 31 50 27 16 43 29 43 5 26 44 7 17 18 23 35 21 8 29 20 30 42 15 10 19 0 41 2 32 38 33 41 39 35 15 6 0 50 34 35 8 14 17 25 21 37 6 30 22
5 30 24 35 34 40 29 36 36 22 25 17 40 32 41 43 29 6 32 14 21 25 18 45 17 19 34 42 29 3 16 8 23 25 9 19 55 5 22 5 44 29 16 47 27 55 31 16 32 39 19 46 34 8 32 31 25 41 0 42 17 29 15 21 10 39 29 38 41 9 39 16 39 28 31 37 20 11 45 15 27
46 26 29 20 34 7 25 12 27 30 31 27 11 39 11 9 17 47 35 36 35 42 25 5 25 32 41 20 13 41 30 50 36 33 51 27 14 44 30 44 3 26 44 5 17 16 23 35 23 10 30 19 29 43 17 11 19 2 42 0 32 38 33 41 40 34 16 8 2 51 33 36 7 15 19 27 22 38 4 31 24
22 29 27 32 17 33 28 30 35 26 29 5 27 16 35 37 16 23 15 24 5 12 13 34 11 2 18 26 19 18 19 22 7 31 25 5 42 22 26 22 33 12 12 37 15 42 15 3 30 33 23 30 17 24 28 23 13 32 17 32 0 13 2 9 23 22 23 31 32 24 22 26 27 21 28 36 12 22 34 19 26
34 41 39 43 6 39 40 38 47 38 41 17 29 3 42 43 21 35 4 36 8 5 25 38 23 11 5 23 26 30 31 31 6 43 35 16 44 34 38 34 38 12 15 42 22 43 15 13 42 40 35 27 10 36 38 30 21 38 29 38 13 0 14 8 35 11 33 38 38 34 11 38 31 30 39 48 23 35 39 32 38
20 29 27 32 19 34 28 31 35 25 28 6 29 17 36 38 17 21 17 22 6 13 13 35 11 4 19 28 20 16 18 20 8 30 23 6 44 20 25 20 34 14 11 38 16 44 17 2 30 34 22 32 19 22 29 24 14 33 15 33 2 14 0 9 21 24 24 32 33 22 24 24 28 22 28 36 13 21 35 18 26
26 38 36 41 14 42 37 39 44 34 37 14 33 11 44 46 24 27 12 31 6 4 22 41 20 9 13 30 28 23 27 23 5 39 27 14 48 26 34 26 41 16 7 45 24 48 19 7 39 42 31 34 17 29 37 32 22 41 21 41 9 8 9 0 30 19 32 40 41 26 19 33 34 30 37 45 21 29 42 27 35
9 21 15 27 40 36 20 31 27 13 16 21 41 38 35 38 29 10 38 5 27 34 16 44 17 25 40 44 29 7 10 17 29 16 16 23 54 7 13 6 42 34 25 45 27 55 35 23 23 34 10 46 40 3 25 29 25 39 10 40 23 35 21 30 0 45 24 34 39 17 45 7 39 25 23 28 20 1 43 8 18
44 45 44 43 5 38 44 37 49 43 46 24 24 9 41 42 20 45 7 44 18 16 30 33 28 20 10 16 25 40 37 42 16 48 45 22 37 44 43 44 33 11 26 37 22 36 12 23 43 39 40 20 5 46 39 29 22 35 39 34 22 11 24 19 45 0 33 37 35 45 1 46 27 30 39 49 26 44 34 38 41
31 12 14 9 33 12 11 7 15 14 16 18 21 35 12 14 13 32 32 20 26 34 11 21 13 23 37 27 9 26 14 37 28 18 37 18 30 29 14 28 19 23 35 21 12 32 21 26 10 10 14 29 28 27 5 7 12 15 29 16 23 33 24 32 24 33 0 10 15 37 33 20 17 3 6 16 11 22 20 15 9
41 18 21 12 37 2 17 4 19 23 23 26 16 40 4 6 17 42 36 30 34 41 20 13 21 31 42 25 12 36 24 46 35 25 47 26 22 39 23 38 11 27 43 13 16 24 25 34 15 2 24 24 32 37 9 8 18 6 38 8 31 38 32 40 34 37 10 0 6 47 37 29 12 10 11 19 19 32 12 25 16
45 24 27 18 35 5 23 10 25 29 29 27 12 39 9 7 17 46 35 35 35 42 24 7 24 32 41 21 13 40 29 49 36 31 50 27 16 43 29 43 5 26 44 7 17 18 23 35 21 8 29 20 30 42 15 10 19 0 41 2 32 38 33 41 39 35 15 6 0 50 34 35 8 14 17 25 21 37 6 30 22
8 38 32 43 40 49 37 44 44 30 33 26 49 37 49 51 38 7 38 22 27 30 27 54 26 26 39 50 38 11 24 3 29 33 1 27 64 10 30 11 53 36 19 56 36 64 39 22 40 47 27 54 40 14 41 40 34 50 9 51 24 34 22 26 17 45 37 47 50 0 45 24 48 37 39 45 29 18 54 23 35
44 45 44 43 5 38 44 37 49 43 46 24 23 10 41 41 20 45 7 44 18 16 30 32 28 20 11 15 25 40 37 42 16 48 45 22 36 44 43 44 32 11 26 36 22 35 12 23 43 39 40 19 5 46 39 29 22 34 39 33 22 11 24 19 45 1 33 37 34 45 0 46 26 30 39 49 26 44 33 38 41
16 14 8 20 42 31 13 26 20 7 9 22 39 42 29 32 30 17 40 2 30 37 16 41 18 28 43 45 27 13 9 24 32 9 23 24 50 14 7 13 39 35 31 42 28 52 36 26 16 29 6 47 41 10 20 26 26 35 16 36 26 38 24 33 7 46 20 29 35 24 46 0 36 22 18 21 21 6 40 8 13
43 29 31 23 27 12 28 15 30 31 33 22 4 32 16 15 11 44 28 35 28 35 23 7 22 26 34 13 10 38 29 46 29 35 48 22 16 42 31 41 7 19 39 11 12 17 16 30 26 14 30 12 22 41 20 10 14 8 39 7 27 31 28 34 39 27 17 12 8 48 26 36 0 14 22 30 19 37 8 30 26
31 15 17 12 30 12 14 9 18 17 19 16 18 32 14 16 10 32 29 21 24 32 10 19 11 21 34 24 6 26 15 36 26 21 37 16 28 29 17 29 17 20 33 20 9 30 18 24 13 12 16 26 25 28 8 4 9 14 28 15 21 30 22 30 25 30 3 10 14 37 30 22 14 0 9 19 9 23 18 16 12
32 7 10 4 39 12 6 7 9 12 12 23 26 41 11 14 19 33 38 19 32 40 15 24 17 29 43 33 15 28 15 39 34 14 39 24 33 30 12 29 22 29 39 23 18 35 27 30 4 10 13 34 34 26 2 12 18 17 31 19 28 39 28 37 23 39 6 11 17 39 39 18 22 9 0 10 17 22 23 16 5
37 7 13 7 49 20 8 15 1 15 12 31 34 51 16 19 29 38 48 23 40 48 23 32 25 37 53 43 25 34 21 45 42 13 44 32 41 35 15 34 30 39 47 31 28 43 37 38 6 17 18 42 44 31 11 22 28 25 37 27 36 48 36 45 28 49 16 19 25 45 49 21 30 19 10 0 26 27 31 22 10
24 20 18 20 24 21 18 18 25 18 20 7 20 26 23 25 9 25 23 19 15 23 5 25 3 12 28 24 9 19 12 28 17 22 29 7 35 23 18 22 24 15 24 27 7 35 15 15 20 21 15 26 21 22 16 11 5 21 20 22 12 23 13 21 20 26 11 19 21 29 26 21 19 9 17 26 0 19 25 13 16
10 20 14 25 39 34 19 29 26 12 15 20 39 38 33 36 28 11 37 4 27 33 15 42 16 24 40 43 27 8 8 18 29 15 17 22 52 8 12 7 40 33 26 43 26 53 34 22 22 32 9 45 39 4 24 27 24 37 11 38 22 35 21 29 1 44 22 32 37 18 44 6 37 23 22 27 19 0 41 7 17
49 30 33 24 35 11 29 16 31 34 35 29 10 40 15 12 18 50 36 39 36 43 28 1 28 33 42 18 16 44 33 53 37 37 54 29 10 47 34 47 1 27 46 3 19 12 24 37 27 14 34 16 30 46 21 14 21 6 45 4 34 39 35 42 43 34 20 12 6 54 33 40 8 18 23 31 25 41 0 34 28
16 15 9 20 35 27 14 22 21 7 10 15 32 35 26 29 22 17 33 6 24 31 8 35 10 21 37 37 20 12 1 23 26 12 23 17 44 14 7 13 33 27 26 36 20 46 28 20 17 25 4 39 33 11 18 20 18 30 15 31 19 32 18 27 8 38 15 25 30 23 38 8 30 16 16 22 13 7 34 0 12
27 3 5 8 40 17 2 12 9 7 7 21 30 41 16 19 22 28 39 14 30 38 13 29 15 27 43 36 18 24 11 35 32 9 34 22 38 25 7 24 27 30 37 28 20 40 29 28 5 15 8 38 36 21 7 16 19 22 27 24 26 38 26 35 18 41 9 16 22 35 41 13 26 12 5 10 16 17 28 12 0
0         790      
47        172      
10        132      
47        182      
236       351      
81        218      
29        163      
102       209      
48        161      
20        139      
530       645      
500       606      
349       472      
219       338      
71        193      
80        207      
262       386      
0         56       
226       346      
0         117      
185       307      
210       331      
125       242      
307       422      
157       277      
172       296      
456       578      
423       556      
286       396      
0         79       
139       248      
0         104      
209       319      
20        146      
0         93       
176       297      
349       457      
0         72       
15        143      
0         78       
291       421      
242       361      
485       589      
299       424      
120       230      
378       507      
265       385      
185       302      
35        165      
86        222      
20        142      
367       497      
237       358      
0         107      
78        195      
107       222      
120       233      
311       443      
0         73       
302       411      
178       305      
208       338      
200       325      
639       764      
1         130      
243       349      
71        187      
280       413      
287       406      
547       679      
424       547      
145       265      
316       448      
104       232      
53        186      
604       716      
119       255      
0         111      
338       449      
12        124      
614       721      
