81
0 29 38 8 35 34 36 36 14 13 35 34 10 9 13 21 1 37 33 19 13 29 22 29 28 39 10 32 18 34 33 25 32 36 11 15 16 17 34 13 34 29 10 5 35 28 15 29 35 10 27 29 3 18 20 24 18 32 20 36 33 47 35 10 7 35 19 36 10 31 14 37 13 41 15 10 4 28 24 16 10
29 0 12 37 8 16 48 14 22 32 40 17 35 21 42 35 28 20 7 21 34 14 19 11 35 20 39 3 13 5 4 8 30 41 35 14 19 19 6 30 14 12 19 34 41 13 17 15 9 27 3 35 32 23 16 20 16 22 38 48 39 31 44 34 33 9 42 27 26 15 15 21 42 31 16 36 25 32 5 13 38
38 12 0 46 4 27 49 5 34 44 39 9 46 32 49 39 37 11 17 25 45 12 22 22 36 9 47 10 25 12 13 13 28 41 42 25 25 24 7 37 6 23 30 43 41 13 29 26 18 34 11 36 41 35 21 32 22 17 44 49 39 20 44 45 44 19 49 21 38 10 24 12 51 23 23 47 33 33 17 25 48
8 37 46 0 43 42 38 44 19 13 38 42 8 17 9 24 9 45 41 27 11 37 29 37 32 47 5 40 26 42 41 33 38 39 13 23 24 25 42 17 42 37 18 4 38 36 23 37 43 16 35 32 5 22 28 30 26 40 22 38 36 55 38 8 6 43 17 44 14 39 22 45 5 49 23 7 12 32 32 24 3
35 8 4 43 0 24 47 6 30 40 38 9 42 28 46 36 33 12 14 22 41 10 19 19 34 12 44 7 21 9 10 10 27 40 39 20 22 21 4 34 6 20 25 39 40 11 25 23 15 31 7 35 37 31 18 28 19 17 41 47 38 23 43 41 39 16 46 21 34 9 20 13 48 23 20 42 30 31 13 21 44
34 16 27 42 24 0 63 30 23 33 56 33 38 25 47 48 34 36 10 35 35 30 34 7 49 36 44 17 17 15 14 24 46 57 44 22 32 32 20 42 30 6 25 39 56 29 19 5 9 37 19 50 37 21 31 13 30 38 50 62 54 47 58 37 37 8 51 43 29 31 24 37 47 47 28 39 31 48 16 20 43
36 48 49 38 47 63 0 44 47 48 11 39 45 42 30 15 35 39 55 27 48 36 29 55 13 42 33 50 47 52 52 39 21 9 25 41 30 30 50 23 42 56 39 35 8 36 47 58 57 27 44 12 36 51 31 56 32 31 16 1 9 43 4 45 42 57 21 30 45 38 39 39 41 33 34 45 34 15 46 43 41
36 14 5 44 6 30 44 0 34 43 34 5 45 31 46 35 35 6 20 21 44 8 18 25 32 6 44 13 26 15 16 11 23 36 38 24 21 20 10 33 2 26 28 41 36 9 30 29 21 30 12 32 39 36 17 34 18 13 40 45 35 17 40 44 42 22 45 17 37 6 23 7 49 18 21 45 31 29 18 25 46
14 22 34 19 30 23 47 34 0 10 44 34 15 5 27 32 14 37 22 26 12 30 27 18 37 39 23 25 8 25 24 23 40 45 25 10 22 23 28 24 32 18 9 18 44 28 4 18 24 20 23 38 16 4 24 11 22 36 33 48 42 48 46 14 14 24 33 41 6 31 12 37 24 45 18 16 13 37 16 9 20
13 32 44 13 40 33 48 43 10 0 48 43 5 11 22 34 14 46 32 31 2 38 32 28 41 48 18 35 18 35 34 32 44 49 23 18 27 28 38 26 41 28 15 14 48 36 14 28 34 23 31 42 12 12 30 20 28 43 32 48 46 56 48 5 7 34 30 47 5 39 19 45 14 52 24 6 16 41 26 18 11
35 40 39 38 38 56 11 34 44 48 0 29 45 39 32 14 34 28 47 20 48 27 21 49 7 31 33 41 41 43 44 31 10 2 25 36 23 23 41 22 32 49 35 35 3 27 43 52 49 25 36 6 36 48 24 51 25 20 17 12 2 32 7 45 42 49 24 19 44 28 33 28 41 22 27 45 32 7 39 37 41
34 17 9 42 9 33 39 5 34 43 29 0 44 31 43 31 33 3 23 17 44 4 14 28 27 5 42 16 27 18 19 10 18 31 35 23 18 17 13 29 3 29 27 38 31 5 30 32 24 27 14 27 37 36 13 36 15 8 36 40 30 14 35 43 41 25 41 12 37 2 22 4 47 14 18 44 28 24 20 24 43
10 35 46 8 42 38 45 45 15 5 45 44 0 14 17 31 11 47 37 29 4 39 32 33 38 49 13 38 22 39 38 34 42 46 20 21 26 27 41 23 43 33 17 10 45 38 19 33 39 20 34 39 9 17 30 25 28 42 29 45 43 57 45 1 3 39 25 46 9 41 22 47 9 51 25 1 14 38 29 21 6
9 21 32 17 28 25 42 31 5 11 39 31 14 0 22 27 9 34 24 21 13 26 22 20 32 36 19 24 9 25 24 20 35 40 20 7 17 18 27 19 29 20 4 14 39 25 6 20 26 15 20 33 12 9 19 15 17 32 28 43 37 45 41 13 12 26 28 36 6 28 8 34 22 41 13 15 8 32 15 7 18
13 42 49 9 46 47 30 46 27 22 32 43 17 22 0 18 14 45 46 26 20 38 29 42 26 48 4 45 31 47 46 36 35 32 8 28 24 25 47 13 43 42 23 9 31 36 28 42 48 15 40 26 11 30 28 37 27 39 14 30 29 54 30 17 15 48 9 41 22 39 27 45 11 46 26 16 17 27 37 29 11
21 35 39 24 36 48 15 35 32 34 14 31 31 27 18 0 20 32 41 14 34 27 17 41 8 35 19 37 31 39 39 26 16 15 11 26 16 16 37 8 33 42 24 21 14 26 32 43 43 12 31 8 22 36 18 41 18 24 5 16 12 38 14 31 28 43 12 25 30 29 24 32 27 29 20 31 19 9 32 28 27
1 28 37 9 33 34 35 35 14 14 34 33 11 9 14 20 0 36 32 18 14 28 20 28 27 38 11 31 17 33 32 24 31 35 11 14 15 16 33 12 33 28 9 6 34 27 15 29 34 9 26 28 4 18 19 24 17 31 20 36 32 46 34 11 8 34 19 35 10 30 13 36 14 40 13 11 3 27 23 15 11
37 20 11 45 12 36 39 6 37 46 28 3 47 34 45 32 36 0 26 19 47 7 16 31 28 3 44 19 30 21 22 13 18 30 37 26 21 20 16 31 6 32 30 41 31 8 33 35 27 30 17 28 40 39 16 39 18 8 37 40 30 11 35 46 44 28 43 11 40 5 25 1 50 12 21 47 31 25 23 27 46
33 7 17 41 14 10 55 20 22 32 47 23 37 24 46 41 32 26 0 28 34 21 26 6 42 26 43 7 15 5 4 15 37 48 40 18 26 25 10 36 20 7 23 38 48 20 18 9 2 32 10 42 36 23 23 17 23 29 45 55 46 37 51 36 36 2 47 34 28 22 19 27 46 37 22 38 29 39 9 17 42
19 21 25 27 22 35 27 21 26 31 20 17 29 21 26 14 18 19 28 0 31 13 3 28 14 22 25 23 21 25 25 12 14 22 17 16 4 3 23 12 19 29 17 23 21 12 24 32 30 11 17 15 22 30 4 31 5 14 19 27 19 29 23 29 26 30 24 17 26 15 14 20 32 22 8 29 15 13 19 18 29
13 34 45 11 41 35 48 44 12 2 48 44 4 13 20 34 14 47 34 31 0 39 33 30 41 49 16 37 20 37 36 33 44 49 23 20 28 29 40 26 42 30 17 13 48 38 16 30 36 23 33 42 12 14 32 22 30 44 32 48 46 58 48 3 6 36 28 48 7 41 21 47 13 53 26 5 16 41 28 20 10
29 14 12 37 10 30 36 8 30 38 27 4 39 26 38 27 28 7 21 13 39 0 10 25 24 9 37 15 23 17 18 7 17 29 30 19 13 12 14 25 6 26 23 33 30 1 27 29 23 22 11 24 32 33 9 33 11 8 32 37 28 18 33 38 36 23 37 13 32 2 18 8 42 17 14 39 24 21 17 21 39
22 19 22 29 19 34 29 18 27 32 21 14 32 22 29 17 20 16 26 3 33 10 0 27 16 19 28 20 22 22 23 10 13 23 20 17 5 4 21 15 16 28 18 25 23 9 25 31 28 14 15 17 24 31 3 32 5 11 22 29 21 26 25 31 28 28 27 15 27 12 15 17 34 20 9 31 17 14 18 19 31
29 11 22 37 19 7 55 25 18 28 49 28 33 20 42 41 28 31 6 28 30 25 27 0 42 31 39 12 11 10 9 18 40 50 37 15 25 25 15 35 25 1 19 34 49 24 14 4 7 30 14 43 32 17 24 11 23 33 43 55 47 42 51 32 32 6 45 38 24 26 17 32 42 42 21 34 25 41 9 13 38
28 35 36 32 34 49 13 32 37 41 7 27 38 32 26 8 27 28 42 14 41 24 16 42 0 31 27 36 35 38 39 26 10 8 19 30 18 17 37 15 30 43 29 28 7 24 37 46 44 18 31 1 29 41 18 45 19 20 12 13 5 32 9 38 35 44 19 19 37 26 28 28 35 23 22 38 25 3 33 32 35
39 20 9 47 12 36 42 6 39 48 31 5 49 36 48 35 38 3 26 22 49 9 19 31 31 0 46 19 31 21 22 15 21 33 39 28 22 21 16 34 6 32 32 42 34 10 35 35 27 31 17 31 41 41 18 39 20 11 40 43 33 11 38 47 45 28 46 13 41 7 27 3 51 14 23 48 33 28 23 29 48
10 39 47 5 44 44 33 44 23 18 33 42 13 19 4 19 11 44 43 25 16 37 28 39 27 46 0 42 28 44 43 34 35 34 8 25 23 24 44 13 42 39 20 5 33 35 25 39 45 14 37 27 7 26 27 34 26 39 17 33 31 54 33 13 11 45 12 41 18 38 24 44 8 46 24 12 14 28 34 26 8
32 3 10 40 7 17 50 13 25 35 41 16 38 24 45 37 31 19 7 23 37 15 20 12 36 19 42 0 16 2 3 10 32 43 38 17 21 21 3 33 13 13 22 37 43 15 20 16 8 30 5 37 35 26 18 22 18 23 40 49 41 30 45 37 36 9 45 28 29 15 18 20 45 30 19 39 28 34 8 16 41
18 13 25 26 21 17 47 26 8 18 41 27 22 9 31 31 17 30 15 21 20 23 22 11 35 31 28 16 0 17 16 16 35 43 26 5 17 18 19 25 25 11 8 23 42 22 4 12 17 20 14 35 21 10 19 10 17 31 33 47 39 41 44 21 21 17 34 36 13 24 7 30 31 40 13 23 14 33 8 3 27
34 5 12 42 9 15 52 15 25 35 43 18 39 25 47 39 33 21 5 25 37 17 22 10 38 21 44 2 17 0 1 12 34 45 40 19 23 23 5 35 15 11 24 39 45 17 21 14 6 32 7 39 37 26 20 21 20 25 42 51 43 32 47 38 37 7 47 30 30 17 20 22 47 32 21 40 30 36 10 18 43
33 4 13 41 10 14 52 16 24 34 44 19 38 24 46 39 32 22 4 25 36 18 23 9 39 22 43 3 16 1 0 12 34 45 39 18 23 23 6 34 16 10 23 38 45 17 20 13 5 31 7 39 36 25 20 20 20 26 42 52 43 33 48 37 36 6 46 31 29 18 19 23 46 33 20 39 29 36 9 17 42
25 8 13 33 10 24 39 11 23 32 31 10 34 20 36 26 24 13 15 12 33 7 10 18 26 15 34 10 16 12 12 0 22 33 29 13 12 11 11 24 9 19 17 30 33 6 20 22 17 21 5 27 28 26 8 26 9 15 31 39 31 24 35 33 31 17 36 20 26 8 12 14 38 24 10 34 20 24 10 14 35
32 30 28 38 27 46 21 23 40 44 10 18 42 35 35 16 31 18 37 14 44 17 13 40 10 21 35 32 35 34 34 22 0 12 26 30 18 17 31 21 21 41 31 34 13 17 38 44 39 22 27 10 34 44 16 45 18 10 21 22 12 22 17 42 39 39 28 9 40 18 28 18 43 13 22 42 28 7 31 32 41
36 41 41 39 40 57 9 36 45 49 2 31 46 40 32 15 35 30 48 22 49 29 23 50 8 33 34 43 43 45 45 33 12 0 26 37 25 25 43 23 33 51 37 36 1 29 45 54 50 26 38 7 37 49 26 53 27 22 18 10 3 34 5 46 43 50 24 21 45 30 35 30 42 24 29 46 33 9 41 39 42
11 35 42 13 39 44 25 38 25 23 25 35 20 20 8 11 11 37 40 17 23 30 20 37 19 39 8 38 26 40 39 29 26 26 0 22 17 18 40 5 36 37 18 10 25 29 26 38 42 8 33 19 11 29 21 35 20 31 9 25 23 46 25 20 17 42 8 33 21 32 21 37 16 38 19 20 12 20 31 24 16
15 14 25 23 20 22 41 24 10 18 36 23 21 7 28 26 14 26 18 16 20 19 17 15 30 28 25 17 5 19 18 13 30 37 22 0 12 13 20 19 22 16 5 20 37 18 8 17 20 15 13 30 18 14 14 15 12 26 28 42 34 37 39 20 19 20 30 31 13 21 2 27 28 35 8 22 11 28 9 2 24
16 19 25 24 22 32 30 21 22 27 23 18 26 17 24 16 15 21 26 4 28 13 5 25 18 22 23 21 17 23 23 12 18 25 17 12 0 1 23 12 19 26 13 20 24 12 20 28 28 9 16 18 19 26 4 27 3 16 19 31 22 31 27 26 23 28 24 20 22 15 10 21 29 25 4 26 12 16 17 14 26
17 19 24 25 21 32 30 20 23 28 23 17 27 18 25 16 16 20 25 3 29 12 4 25 17 21 24 21 18 23 23 11 17 25 18 13 1 0 22 13 18 26 14 21 24 11 21 29 27 10 15 18 20 27 3 28 2 15 20 30 22 30 26 27 24 27 25 19 23 14 11 20 30 24 5 27 13 16 16 15 27
34 6 7 42 4 20 50 10 28 38 41 13 41 27 47 37 33 16 10 23 40 14 21 15 37 16 44 3 19 5 6 11 31 43 40 20 23 22 0 35 10 16 25 39 44 14 23 19 11 32 7 38 37 29 19 25 20 21 42 50 42 27 46 40 39 12 47 25 32 13 20 17 47 27 21 42 30 35 11 19 44
13 30 37 17 34 42 23 33 24 26 22 29 23 19 13 8 12 31 36 12 26 25 15 35 15 34 13 33 25 35 34 24 21 23 5 19 12 13 35 0 31 35 16 13 22 24 24 36 38 4 28 16 14 28 16 33 15 26 9 24 20 41 22 23 20 38 12 28 22 27 17 32 21 33 14 23 11 15 27 21 20
34 14 6 42 6 30 42 2 32 41 32 3 43 29 43 33 33 6 20 19 42 6 16 25 30 6 42 13 25 15 16 9 21 33 36 22 19 18 10 31 0 26 26 39 34 7 29 29 21 28 11 30 37 35 15 33 17 11 38 43 33 17 38 42 40 22 43 15 35 4 21 7 47 17 19 43 29 27 17 23 44
29 12 23 37 20 6 56 26 18 28 49 29 33 20 42 42 28 32 7 29 30 26 28 1 43 32 39 13 11 11 10 19 41 51 37 16 26 26 16 35 26 0 19 34 50 25 14 3 7 31 15 44 32 17 25 10 24 34 44 56 48 43 52 32 32 7 45 39 24 27 18 33 42 43 22 34 25 42 10 14 38
10 19 30 18 25 25 39 28 9 15 35 27 17 4 23 24 9 30 23 17 17 23 18 19 29 32 20 22 8 24 23 17 31 37 18 5 13 14 25 16 26 19 0 15 36 22 8 20 25 12 18 30 13 13 15 17 13 28 25 40 34 41 38 16 14 25 26 32 10 25 5 31 23 37 9 17 6 28 14 6 19
5 34 43 4 39 39 35 41 18 14 35 38 10 14 9 21 6 41 38 23 13 33 25 34 28 42 5 37 23 39 38 30 34 36 10 20 20 21 39 13 39 34 15 0 35 32 20 34 40 12 32 29 2 21 24 29 23 36 19 35 33 51 35 10 7 40 16 40 13 35 19 41 9 45 19 10 9 28 29 21 7
35 41 41 38 40 56 8 36 44 48 3 31 45 39 31 14 34 31 48 21 48 30 23 49 7 34 33 43 42 45 45 33 13 1 25 37 24 24 44 22 34 50 36 35 0 30 44 52 50 25 38 6 36 48 25 51 26 23 17 9 2 35 4 45 42 50 23 22 44 31 34 31 41 25 28 45 32 9 40 38 41
28 13 13 36 11 29 36 9 28 36 27 5 38 25 36 26 27 8 20 12 38 1 9 24 24 10 35 15 22 17 17 6 17 29 29 18 12 11 14 24 7 25 22 32 30 0 26 28 22 21 10 24 31 32 8 32 10 9 31 37 28 19 33 37 35 22 36 14 31 3 17 9 41 18 13 38 23 21 16 20 38
15 17 29 23 25 19 47 30 4 14 43 30 19 6 28 32 15 33 18 24 16 27 25 14 37 35 25 20 4 21 20 20 38 45 26 8 20 21 23 24 29 14 8 20 44 26 0 14 20 20 18 38 18 6 22 9 20 34 33 48 42 44 46 18 18 20 34 39 10 28 10 34 28 43 16 20 14 36 12 6 24
29 15 26 37 23 5 58 29 18 28 52 32 33 20 42 43 29 35 9 32 30 29 31 4 46 35 39 16 12 14 13 22 44 54 38 17 28 29 19 36 29 3 20 34 52 28 14 0 10 32 18 46 32 16 28 8 27 37 45 59 50 46 55 32 32 9 46 42 24 30 19 36 42 46 24 34 26 44 13 15 38
35 9 18 43 15 9 57 21 24 34 49 24 39 26 48 43 34 27 2 30 36 23 28 7 44 27 45 8 17 6 5 17 39 50 42 20 28 27 11 38 21 7 25 40 50 22 20 10 0 34 12 44 38 24 25 17 25 31 47 56 48 38 52 38 38 1 49 36 30 23 21 28 48 38 24 40 31 41 11 19 44
10 27 34 16 31 37 27 30 20 23 25 27 20 15 15 12 9 30 32 11 23 22 14 30 18 31 14 30 20 32 31 21 22 26 8 15 9 10 32 4 28 31 12 12 25 21 20 32 34 0 25 19 12 24 13 29 12 25 13 28 23 40 26 20 17 34 15 28 19 24 13 30 21 33 11 20 7 18 23 17 19
27 3 11 35 7 19 44 12 23 31 36 14 34 20 40 31 26 17 10 17 33 11 15 14 31 17 37 5 14 7 7 5 27 38 33 13 16 15 7 28 11 15 18 32 38 10 18 18 12 25 0 32 30 24 13 22 13 19 35 44 36 28 40 33 32 12 40 24 26 12 13 18 40 28 14 35 23 29 6 14 37
29 35 36 32 35 50 12 32 38 42 6 27 39 33 26 8 28 28 42 15 42 24 17 43 1 31 27 37 35 39 39 27 10 7 19 30 18 18 38 16 30 44 30 29 6 24 38 46 44 19 32 0 30 42 19 45 20 20 13 13 4 32 9 39 36 44 20 19 38 26 28 28 35 23 22 39 26 3 34 32 35
3 32 41 5 37 37 36 39 16 12 36 37 9 12 11 22 4 40 36 22 12 32 24 32 29 41 7 35 21 37 36 28 34 37 11 18 19 20 37 14 37 32 13 2 36 31 18 32 38 12 30 30 0 19 23 27 21 35 20 36 34 50 36 9 6 38 18 39 11 34 17 40 10 44 17 9 7 29 27 19 7
18 23 35 22 31 21 51 36 4 12 48 36 17 9 30 36 18 39 23 30 14 33 31 17 41 41 26 26 10 26 25 26 44 49 29 14 26 27 29 28 35 17 13 21 48 32 6 16 24 24 24 42 19 0 28 8 26 40 37 52 46 50 50 16 16 23 37 45 8 34 16 40 26 49 22 18 17 41 18 12 22
20 16 21 28 18 31 31 17 24 30 24 13 30 19 28 18 19 16 23 4 32 9 3 24 18 18 27 18 19 20 20 8 16 26 21 14 4 3 19 16 15 25 15 24 25 8 22 28 25 13 13 19 23 28 0 29 2 13 23 31 23 27 27 30 27 25 28 17 25 11 12 17 33 22 6 30 16 17 15 16 30
24 20 32 30 28 13 56 34 11 20 51 36 25 15 37 41 24 39 17 31 22 33 32 11 45 39 34 22 10 21 20 26 45 53 35 15 27 28 25 33 33 10 17 29 51 32 9 8 17 29 22 45 27 8 29 0 27 41 42 57 49 50 54 24 24 17 43 46 16 34 17 40 34 50 23 26 23 43 16 13 30
18 16 22 26 19 30 32 18 22 28 25 15 28 17 27 18 17 18 23 5 30 11 5 23 19 20 26 18 17 20 20 9 18 27 20 12 3 2 20 15 17 24 13 23 26 10 20 27 25 12 13 20 21 26 2 27 0 15 22 32 24 29 28 28 25 25 27 19 23 13 10 19 31 24 4 28 14 18 14 14 28
32 22 17 40 17 38 31 13 36 43 20 8 42 32 39 24 31 8 29 14 44 8 11 33 20 11 39 23 31 25 26 15 10 22 31 26 16 15 21 26 11 34 28 36 23 9 34 37 31 25 19 20 35 40 13 41 15 0 29 32 22 15 27 42 39 31 36 5 38 8 25 8 45 9 19 42 28 17 25 28 42
20 38 44 22 41 50 16 40 33 32 17 36 29 28 14 5 20 37 45 19 32 32 22 43 12 40 17 40 33 42 42 31 21 18 9 28 19 20 42 9 38 44 25 19 17 31 33 45 47 13 35 13 20 37 23 42 22 29 0 16 15 43 16 29 26 47 7 30 30 34 26 37 25 34 23 29 20 14 36 30 25
36 48 49 38 47 62 1 45 48 48 12 40 45 43 30 16 36 40 55 27 48 37 29 55 13 43 33 49 47 51 52 39 22 10 25 42 31 30 50 24 43 56 40 35 9 37 48 59 56 28 44 13 36 52 31 57 32 32 16 0 10 44 5 45 42 56 21 31 46 39 40 40 41 34 35 45 35 16 46 44 41
33 39 39 36 38 54 9 35 42 46 2 30 43 37 29 12 32 30 46 19 46 28 21 47 5 33 31 41 39 43 43 31 12 3 23 34 22 22 42 20 33 48 34 33 2 28 42 50 48 23 36 4 34 46 23 49 24 22 15 10 0 34 5 43 40 48 22 21 42 29 32 30 39 24 26 43 30 7 38 36 39
47 31 20 55 23 47 43 17 48 56 32 14 57 45 54 38 46 11 37 29 58 18 26 42 32 11 54 30 41 32 33 24 22 34 46 37 31 30 27 41 17 43 41 51 35 19 44 46 38 40 28 32 50 50 27 50 29 15 43 44 34 0 39 56 54 39 50 13 50 16 36 10 60 10 32 57 42 29 34 38 57
35 44 44 38 43 58 4 40 46 48 7 35 45 41 30 14 34 35 51 23 48 33 25 51 9 38 33 45 44 47 48 35 17 5 25 39 27 26 46 22 38 52 38 35 4 33 46 55 52 26 40 9 36 50 27 54 28 27 16 5 5 39 0 45 42 52 22 26 44 34 37 35 41 29 31 45 33 12 42 41 41
10 34 45 8 41 37 45 44 14 5 45 43 1 13 17 31 11 46 36 29 3 38 31 32 38 47 13 37 21 38 37 33 42 46 20 20 26 27 40 23 42 32 16 10 45 37 18 32 38 20 33 39 9 16 30 24 28 42 29 45 43 56 45 0 3 38 25 46 8 40 21 46 10 51 24 2 14 38 28 20 7
7 33 44 6 39 37 42 42 14 7 42 41 3 12 15 28 8 44 36 26 6 36 28 32 35 45 11 36 21 37 36 31 39 43 17 19 23 24 39 20 40 32 14 7 42 35 18 32 38 17 32 36 6 16 27 24 25 39 26 42 40 54 42 3 0 38 23 43 8 38 19 44 10 48 21 3 11 35 27 19 6
35 9 19 43 16 8 57 22 24 34 49 25 39 26 48 43 34 28 2 30 36 23 28 6 44 28 45 9 17 7 6 17 39 50 42 20 28 27 12 38 22 7 25 40 50 22 20 9 1 34 12 44 38 23 25 17 25 31 47 56 48 39 52 38 38 0 49 36 30 24 21 29 48 39 24 40 31 41 11 19 44
19 42 49 17 46 51 21 45 33 30 24 41 25 28 9 12 19 43 47 24 28 37 27 45 19 46 12 45 34 47 46 36 28 24 8 30 24 25 47 12 43 45 26 16 23 36 34 46 49 15 40 20 18 37 28 43 27 36 7 21 22 50 22 25 23 49 0 37 29 39 28 43 20 41 26 24 20 21 38 32 20
36 27 21 44 21 43 30 17 41 47 19 12 46 36 41 25 35 11 34 17 48 13 15 38 19 13 41 28 36 30 31 20 9 21 33 31 20 19 25 28 15 39 32 40 22 14 39 42 36 28 24 19 39 45 17 46 19 5 30 31 21 13 26 46 43 36 37 0 42 13 29 10 49 5 23 46 32 16 30 33 46
10 26 38 14 34 29 45 37 6 5 44 37 9 6 22 30 10 40 28 26 7 32 27 24 37 41 18 29 13 30 29 26 40 45 21 13 22 23 32 22 35 24 10 13 44 31 10 24 30 19 26 38 11 8 25 16 23 38 30 46 42 50 44 8 8 30 29 42 0 34 14 40 18 47 19 10 12 37 21 13 14
31 15 10 39 9 31 38 6 31 39 28 2 41 28 39 29 30 5 22 15 41 2 12 26 26 7 38 15 24 17 18 8 18 30 32 21 15 14 13 27 4 27 25 35 31 3 28 30 23 24 12 26 34 34 11 34 13 8 34 39 29 16 34 40 38 24 39 13 34 0 20 6 44 16 16 41 26 23 18 22 41
14 15 24 22 20 24 39 23 12 19 33 22 22 8 27 24 13 25 19 14 21 18 15 17 28 27 24 18 7 20 19 12 28 35 21 2 10 11 20 17 21 18 5 19 34 17 10 19 21 13 13 28 17 16 12 17 10 25 26 40 32 36 37 21 19 21 28 29 14 20 0 26 27 34 6 22 10 26 10 4 24
37 21 12 45 13 37 39 7 37 45 28 4 47 34 45 32 36 1 27 20 47 8 17 32 28 3 44 20 30 22 23 14 18 30 37 27 21 20 17 32 7 33 31 41 31 9 34 36 28 30 18 28 40 40 17 40 19 8 37 40 30 10 35 46 44 29 43 10 40 6 26 0 50 11 22 47 32 25 24 28 47
13 42 51 5 48 47 41 49 24 14 41 47 9 22 11 27 14 50 46 32 13 42 34 42 35 51 8 45 31 47 46 38 43 42 16 28 29 30 47 21 47 42 23 9 41 41 28 42 48 21 40 35 10 26 33 34 31 45 25 41 39 60 41 10 10 48 20 49 18 44 27 50 0 54 27 8 17 36 37 29 4
41 31 23 49 23 47 33 18 45 52 22 14 51 41 46 29 40 12 37 22 53 17 20 42 23 14 46 30 40 32 33 24 13 24 38 35 25 24 27 33 17 43 37 45 25 18 43 46 38 33 28 23 44 49 22 50 24 9 34 34 24 10 29 51 48 39 41 5 47 16 34 11 54 0 28 51 37 20 34 37 51
15 16 23 23 20 28 34 21 18 24 27 18 25 13 26 20 13 21 22 8 26 14 9 21 22 23 24 19 13 21 20 10 22 29 19 8 4 5 21 14 19 22 9 19 28 13 16 24 24 11 14 22 17 22 6 23 4 19 23 35 26 32 31 24 21 24 26 23 19 16 6 22 27 28 0 24 10 20 13 10 24
10 36 47 7 42 39 45 45 16 6 45 44 1 15 16 31 11 47 38 29 5 39 31 34 38 48 12 39 23 40 39 34 42 46 20 22 26 27 42 23 43 34 17 10 45 38 20 34 40 20 35 39 9 18 30 26 28 42 29 45 43 57 45 2 3 40 24 46 10 41 22 47 8 51 24 0 14 38 30 22 5
4 25 33 12 30 31 34 31 13 16 32 28 14 8 17 19 3 31 29 15 16 24 17 25 25 33 14 28 14 30 29 20 28 33 12 11 12 13 30 11 29 25 6 9 32 23 14 26 31 7 23 26 7 17 16 23 14 28 20 35 30 42 33 14 11 31 20 32 12 26 10 32 17 37 10 14 0 25 20 12 14
28 32 33 32 31 48 15 29 37 41 7 24 38 32 27 9 27 25 39 13 41 21 14 41 3 28 28 34 33 36 36 24 7 9 20 28 16 16 35 15 27 42 28 28 9 21 36 44 41 18 29 3 29 41 17 43 18 17 14 16 7 29 12 38 35 41 21 16 37 23 26 25 36 20 20 38 25 0 32 30 35
24 5 17 32 13 16 46 18 16 26 39 20 29 15 37 32 23 23 9 19 28 17 18 9 33 23 34 8 8 10 9 10 31 41 31 9 17 16 11 27 17 10 14 29 40 16 12 13 11 23 6 34 27 18 15 16 14 25 36 46 38 34 42 28 27 11 38 30 21 18 10 24 37 34 13 30 20 32 0 8 33
16 13 25 24 21 20 43 25 9 18 37 24 21 7 29 28 15 27 17 18 20 21 19 13 32 29 26 16 3 18 17 14 32 39 24 2 14 15 19 21 23 14 6 21 38 20 6 15 19 17 14 32 19 12 16 13 14 28 30 44 36 38 41 20 19 19 32 33 13 22 4 28 29 37 10 22 12 30 8 0 25
10 38 48 3 44 43 41 46 20 11 41 43 6 18 11 27 11 46 42 29 10 39 31 38 35 48 8 41 27 43 42 35 41 42 16 24 26 27 44 20 44 38 19 7 41 38 24 38 44 19 37 35 7 22 30 30 28 42 25 41 39 57 41 7 6 44 20 46 14 41 24 47 4 51 24 5 14 35 33 25 0
0         812      
239       386      
221       363      
0         74       
195       372      
272       421      
505       680      
204       332      
2         198      
10        138      
408       612      
166       315      
0         100      
43        180      
120       302      
467       587      
0         93       
164       348      
249       413      
68        246      
0         115      
332       528      
92        205      
293       395      
387       547      
197       372      
0         98       
214       386      
21        156      
264       406      
208       376      
602       786      
402       557      
433       568      
83        238      
30        181      
150       346      
76        259      
267       473      
127       320      
161       334      
231       391      
26        213      
0         68       
429       626      
188       335      
26        137      
216       388      
277       410      
63        256      
271       420      
415       608      
0         87       
8         175      
66        245      
317       465      
85        219      
380       531      
129       319      
442       654      
409       598      
361       566      
431       593      
0         130      
0         149      
243       368      
83        282      
367       527      
0         145      
183       318      
52        186      
363       543      
0         111      
511       660      
49        227      
0         127      
72        250      
427       603      
310       445      
14        202      
572       715      
