81
0 14 21 28 26 24 10 11 24 18 22 20 8 33 15 12 15 9 19 20 8 6 27 9 10 18 23 5 7 24 28 10 20 20 25 19 17 28 22 27 6 17 10 10 31 5 29 20 15 22 7 28 20 9 6 15 29 4 13 20 27 3 7 23 14 19 19 23 24 15 26 17 24 25 21 24 19 15 28 24 20
14 0 35 42 40 36 23 23 34 30 27 13 21 47 2 5 23 18 33 12 21 15 39 23 23 10 29 16 14 28 16 20 32 12 35 26 4 33 10 14 15 25 23 5 41 9 43 32 26 12 8 42 32 20 20 18 43 10 27 34 41 15 20 37 20 33 5 36 30 16 29 5 15 37 35 37 6 29 39 38 7
21 35 0 7 11 20 15 15 23 16 30 39 16 17 36 32 23 22 10 39 17 23 21 15 12 36 28 20 25 33 47 19 14 38 22 24 38 31 42 46 23 24 17 31 25 26 14 19 16 40 27 8 18 19 16 30 17 25 8 10 15 21 16 4 25 3 39 9 28 29 36 37 42 20 14 7 39 14 22 16 40
28 42 7 0 11 23 22 22 26 20 35 46 23 14 43 39 29 29 15 46 24 30 23 22 19 43 32 27 32 38 54 26 17 45 25 29 45 35 49 53 30 30 24 38 28 33 14 23 22 47 34 4 22 26 23 37 19 32 15 14 17 28 23 7 31 10 46 10 32 36 41 44 49 23 18 8 46 20 23 19 47
26 40 11 11 0 31 16 15 34 12 27 46 18 7 38 37 33 22 21 46 26 23 12 23 16 43 23 22 25 30 54 19 9 45 15 21 39 25 47 52 29 34 25 35 36 30 24 30 14 47 30 7 29 19 19 29 28 29 14 21 25 27 19 14 33 14 40 2 23 38 33 38 49 31 25 4 44 25 12 27 45
24 36 20 23 31 0 26 27 3 33 44 32 26 37 37 31 13 31 10 34 16 30 40 15 22 32 42 27 31 47 42 29 31 34 39 38 39 47 39 42 21 12 14 31 7 28 10 4 31 36 30 27 4 29 24 39 8 27 20 10 7 22 25 17 16 17 41 29 43 22 49 39 37 1 6 27 38 9 41 4 39
10 23 15 22 16 26 0 1 27 9 18 30 2 23 23 21 22 7 17 30 14 8 18 12 4 27 16 6 10 21 38 4 10 29 16 12 24 21 31 36 15 24 14 19 33 14 26 23 6 31 14 20 22 4 4 15 28 13 7 18 25 12 3 18 22 14 25 14 17 24 24 23 33 27 21 15 28 17 19 24 29
11 23 15 22 15 27 1 0 28 8 17 31 3 22 23 22 23 7 18 31 15 8 17 13 5 28 15 7 10 20 39 4 9 30 15 11 24 20 32 37 16 25 15 20 34 15 26 23 5 32 15 20 23 4 5 15 29 14 8 19 26 13 4 18 23 14 25 13 16 25 23 23 34 28 22 14 29 18 18 25 30
24 34 23 26 34 3 27 28 0 35 45 30 26 40 36 29 11 31 13 32 16 30 43 16 23 30 43 27 31 47 40 30 34 32 42 39 38 48 37 40 21 10 14 30 7 28 13 4 32 34 30 30 5 29 25 39 11 27 22 13 10 22 26 20 14 20 39 32 44 20 50 39 35 4 9 30 36 9 43 7 37
18 30 16 20 12 33 9 8 35 0 15 38 11 18 29 29 31 12 23 38 23 15 9 21 12 36 12 14 16 18 46 9 3 38 7 9 30 15 39 44 24 33 23 27 39 22 29 30 3 39 21 18 30 10 13 17 33 21 13 23 30 21 12 20 31 17 32 10 12 33 21 29 42 33 27 12 35 25 10 30 36
22 27 30 35 27 44 18 17 45 15 0 40 18 32 25 30 37 14 35 39 30 16 17 29 22 37 4 18 16 3 43 15 18 39 13 6 25 6 37 41 28 39 31 27 51 24 43 40 14 39 22 33 40 15 20 9 46 23 25 36 43 25 19 34 36 31 25 25 4 37 6 23 42 44 39 27 33 35 18 42 34
20 13 39 46 46 32 30 31 30 38 40 0 28 53 15 10 19 27 32 2 21 24 47 23 29 3 41 24 24 41 10 29 40 2 44 37 17 46 7 10 16 20 23 13 37 16 41 28 35 4 18 47 28 28 26 31 39 17 32 33 37 18 27 39 16 35 18 43 42 10 42 18 5 33 32 43 9 27 48 34 9
8 21 16 23 18 26 2 3 26 11 18 28 0 25 21 19 20 6 17 28 12 7 20 11 4 25 17 4 9 21 36 4 12 27 18 13 22 22 29 34 13 22 13 17 32 12 26 22 8 29 12 22 22 3 2 14 28 11 8 18 25 10 1 19 20 15 24 16 18 22 24 21 31 26 21 17 26 17 21 24 27
33 47 17 14 7 37 23 22 40 18 32 53 25 0 45 44 40 29 27 53 33 30 15 30 23 50 28 29 32 35 61 26 15 52 19 26 46 29 54 59 36 41 32 42 42 37 28 36 20 54 37 10 35 26 26 35 33 36 21 27 31 34 26 20 40 20 47 9 28 45 38 45 56 37 31 11 51 31 14 33 52
15 2 36 43 38 37 23 23 36 29 25 15 21 45 0 7 25 17 34 14 22 15 38 24 24 12 27 16 13 26 18 20 31 14 34 25 2 31 12 16 16 27 24 6 43 10 44 33 26 14 8 42 33 19 20 16 44 11 27 35 42 16 20 38 22 34 4 36 28 18 27 3 17 38 36 37 8 30 39 39 9
12 5 32 39 37 31 21 22 29 29 30 10 19 44 7 0 18 18 28 9 16 15 38 18 21 7 31 15 14 31 16 20 31 9 35 27 9 36 10 15 10 19 18 3 36 7 38 27 26 10 8 40 27 19 18 21 38 8 25 29 36 11 18 34 15 30 10 35 32 11 32 10 13 32 30 35 7 24 39 33 8
15 23 23 29 33 13 22 23 11 31 37 19 20 40 25 18 0 24 14 21 8 21 40 10 19 19 37 20 22 39 29 23 31 21 38 32 27 41 26 29 10 2 8 19 18 17 21 9 28 23 19 31 9 23 18 30 20 17 19 15 18 12 19 22 3 20 28 31 37 9 41 28 24 14 13 29 25 9 41 15 26
9 18 22 29 22 31 7 7 31 12 14 27 6 29 17 18 24 0 23 27 16 3 21 16 10 24 14 4 4 16 34 3 14 26 17 10 18 19 27 32 15 26 17 15 38 11 32 27 9 28 10 27 27 3 7 8 34 10 14 23 31 12 6 25 22 21 19 20 15 24 19 17 30 32 26 21 24 22 22 29 25
19 33 10 15 21 10 17 18 13 23 35 32 17 27 34 28 14 23 0 33 12 23 30 10 13 31 33 20 25 38 41 21 21 33 29 29 36 37 37 41 18 15 10 28 16 24 10 9 21 35 26 18 8 20 16 31 10 23 10 1 8 18 17 8 16 7 38 19 33 22 41 36 37 10 4 17 35 5 31 7 36
20 12 39 46 46 34 30 31 32 38 39 2 28 53 14 9 21 27 33 0 21 24 47 23 29 2 40 24 23 40 8 29 40 0 44 36 15 45 5 8 16 22 23 12 39 15 42 30 34 2 17 47 30 27 26 30 41 16 32 34 39 18 26 39 18 35 16 43 41 12 41 17 4 35 34 43 7 28 47 36 7
8 21 17 24 26 16 14 15 16 23 30 21 12 33 22 16 8 16 12 21 0 14 32 2 11 19 29 12 15 32 29 15 23 21 30 24 24 33 26 29 6 10 2 16 22 12 22 12 20 23 14 25 12 15 10 23 22 11 11 13 20 6 11 18 8 14 26 23 29 12 34 24 25 17 14 22 23 8 33 17 24
6 15 23 30 23 30 8 8 30 15 16 24 7 30 15 15 21 3 23 24 14 0 23 15 11 21 17 3 2 18 31 5 17 23 20 13 16 22 24 29 12 23 16 12 36 8 33 26 11 25 7 28 26 5 7 9 33 7 15 24 31 9 7 26 20 22 17 21 18 21 20 15 27 31 26 22 21 21 24 29 22
27 39 21 23 12 40 18 17 43 9 17 47 20 15 38 38 40 21 30 47 32 23 0 30 21 44 13 23 25 20 54 18 9 46 4 13 38 14 47 52 33 42 32 35 46 31 35 38 12 48 30 19 38 19 22 23 38 30 21 31 36 30 21 25 40 24 39 12 13 42 23 37 50 40 34 14 44 33 1 37 45
9 23 15 22 23 15 12 13 16 21 29 23 11 30 24 18 10 16 10 23 2 15 30 0 9 21 28 12 16 32 31 14 21 23 28 23 26 32 28 31 8 12 2 18 22 14 20 11 18 25 16 23 11 14 9 24 20 13 9 11 18 8 10 16 10 12 28 21 28 14 34 26 27 16 12 20 25 6 31 15 26
10 23 12 19 16 22 4 5 23 12 22 29 4 23 24 21 19 10 13 29 11 11 21 9 0 27 20 8 13 25 37 8 12 29 19 16 26 25 31 36 13 21 11 19 29 14 22 18 9 31 16 19 18 7 4 18 23 13 4 14 21 11 4 15 19 11 27 14 21 22 28 25 33 23 17 14 28 13 22 20 29
18 10 36 43 43 32 27 28 30 36 37 3 25 50 12 7 19 24 31 2 19 21 44 21 27 0 38 21 21 38 10 26 37 2 41 34 14 43 7 10 14 20 21 10 37 13 40 28 32 4 15 44 28 25 24 28 39 14 30 32 37 16 24 37 16 33 15 41 39 10 39 15 6 33 32 41 7 26 45 34 7
23 29 28 32 23 42 16 15 43 12 4 41 17 28 27 31 37 14 33 40 29 17 13 28 20 38 0 18 17 7 45 13 14 40 9 4 27 5 39 43 29 39 30 28 49 25 41 38 12 41 23 29 38 14 18 11 43 24 23 34 41 26 18 32 36 29 28 21 1 38 10 25 44 43 37 23 35 33 14 40 36
5 16 20 27 22 27 6 7 27 14 18 24 4 29 16 15 20 4 20 24 12 3 23 12 8 21 18 0 5 20 31 5 16 23 20 14 18 23 25 30 11 22 13 13 34 8 30 23 11 25 8 26 23 4 4 12 30 7 12 21 28 8 4 23 18 19 19 20 19 20 23 17 27 28 23 21 22 18 24 26 23
7 14 25 32 25 31 10 10 31 16 16 24 9 32 13 14 22 4 25 23 15 2 25 16 13 21 17 5 0 18 30 7 18 23 21 13 14 22 23 28 13 24 17 11 37 8 35 27 13 24 6 30 27 6 9 8 35 7 17 26 33 10 9 28 21 24 15 23 18 21 19 13 27 32 28 24 20 22 26 31 21
24 28 33 38 30 47 21 20 47 18 3 41 21 35 26 31 39 16 38 40 32 18 20 32 25 38 7 20 18 0 44 17 21 40 16 9 25 7 38 42 30 41 33 28 53 25 46 43 17 40 23 36 43 18 22 10 48 25 28 39 46 27 22 37 38 34 25 28 7 38 3 23 43 47 42 30 34 37 21 45 35
28 16 47 54 54 42 38 39 40 46 43 10 36 61 18 16 29 34 41 8 29 31 54 31 37 10 45 31 30 44 0 36 47 8 51 42 19 49 6 2 24 30 31 18 47 23 50 38 42 7 23 54 38 35 34 34 49 24 40 42 47 26 34 47 26 43 19 51 46 20 45 21 5 43 42 51 10 36 55 44 9
10 20 19 26 19 29 4 4 30 9 15 29 4 26 20 20 23 3 21 29 15 5 18 14 8 26 13 5 7 17 36 0 11 28 15 9 21 18 29 34 16 25 16 17 36 13 30 25 6 30 12 24 25 1 5 11 31 12 11 22 29 13 5 22 23 18 22 17 14 25 20 20 32 30 25 18 26 20 19 28 27
20 32 14 17 9 31 10 9 34 3 18 40 12 15 31 31 31 14 21 40 23 17 9 21 12 37 14 16 18 21 47 11 0 39 8 12 32 18 40 45 25 33 23 28 37 24 27 29 5 41 23 15 29 12 14 20 31 23 12 22 28 22 13 18 31 15 33 7 15 34 24 31 43 31 25 9 37 24 10 28 38
20 12 38 45 45 34 29 30 32 38 39 2 27 52 14 9 21 26 33 0 21 23 46 23 29 2 40 23 23 40 8 28 39 0 43 36 15 45 5 8 16 22 23 12 39 15 42 30 34 2 17 46 30 27 26 30 41 16 32 34 39 18 26 39 18 35 16 43 41 12 41 17 4 35 34 43 7 28 47 36 7
25 35 22 25 15 39 16 15 42 7 13 44 18 19 34 35 38 17 29 44 30 20 4 28 19 41 9 20 21 16 51 15 8 43 0 9 34 10 44 49 31 40 30 32 45 28 35 37 10 45 27 22 37 16 20 19 39 27 20 30 36 28 19 26 38 23 35 14 9 40 19 33 47 39 33 16 41 32 5 36 42
19 26 24 29 21 38 12 11 39 9 6 37 13 26 25 27 32 10 29 36 24 13 13 23 16 34 4 14 13 9 42 9 12 36 9 0 25 9 36 40 25 34 25 24 45 21 37 34 8 37 19 27 34 10 14 10 39 20 19 30 37 22 14 28 32 25 26 19 5 34 12 24 40 39 33 21 32 29 14 36 33
17 4 38 45 39 39 24 24 38 30 25 17 22 46 2 9 27 18 36 15 24 16 38 26 26 14 27 18 14 25 19 21 32 15 34 25 0 31 13 17 18 28 26 8 45 12 46 35 27 15 10 44 35 20 22 16 46 13 29 37 44 18 22 40 24 36 2 37 28 20 26 2 18 40 38 38 9 32 39 41 10
28 33 31 35 25 47 21 20 48 15 6 46 22 29 31 36 41 19 37 45 33 22 14 32 25 43 5 23 22 7 49 18 18 45 10 9 31 0 43 47 34 43 34 33 53 30 44 43 16 45 28 32 43 19 23 15 47 29 27 38 45 31 23 35 41 32 31 24 4 43 9 29 48 47 41 26 39 38 15 44 40
22 10 42 49 47 39 31 32 37 39 37 7 29 54 12 10 26 27 37 5 26 24 47 28 31 7 39 25 23 38 6 29 40 5 44 36 13 43 0 5 20 27 27 12 44 17 47 35 35 3 17 50 35 29 28 28 46 18 35 38 44 21 28 44 23 40 13 45 40 17 39 15 5 40 39 45 4 33 48 41 3
27 14 46 53 52 42 36 37 40 44 41 10 34 59 16 15 29 32 41 8 29 29 52 31 36 10 43 30 28 42 2 34 45 8 49 40 17 47 5 0 24 30 31 17 47 22 50 38 40 6 22 54 38 34 33 32 49 23 40 42 47 26 33 47 26 43 17 50 44 20 43 19 5 43 42 50 8 36 53 44 7
6 15 23 30 29 21 15 16 21 24 28 16 13 36 16 10 10 15 18 16 6 12 33 8 13 14 29 11 13 30 24 16 25 16 31 25 18 34 20 24 0 12 8 10 27 7 28 17 21 18 9 31 17 15 11 21 28 7 16 19 26 3 12 24 8 20 20 27 30 9 32 18 20 22 20 27 17 14 34 23 18
17 25 24 30 34 12 24 25 10 33 39 20 22 41 27 19 2 26 15 22 10 23 42 12 21 20 39 22 24 41 30 25 33 22 40 34 28 43 27 30 12 0 10 21 17 19 21 8 30 24 21 32 9 25 20 32 19 19 21 16 18 14 21 23 4 21 29 32 39 10 43 29 25 13 13 31 26 10 43 14 27
10 23 17 24 25 14 14 15 14 23 31 23 13 32 24 18 8 17 10 23 2 16 32 2 11 21 30 13 17 33 31 16 23 23 30 25 26 34 27 31 8 10 0 18 20 14 20 10 20 25 16 25 10 16 11 25 20 13 11 11 18 8 12 17 8 14 28 23 30 13 36 26 27 15 12 22 25 6 33 15 26
10 5 31 38 35 31 19 20 30 27 27 13 17 42 6 3 19 15 28 12 16 12 35 18 19 10 28 13 11 28 18 17 28 12 32 24 8 33 12 17 10 21 18 0 37 5 38 27 23 13 5 38 27 17 16 18 38 6 23 29 36 10 16 33 17 29 10 33 29 13 29 9 16 32 30 33 9 24 36 33 10
31 41 25 28 36 7 33 34 7 39 51 37 32 42 43 36 18 38 16 39 22 36 46 22 29 37 49 34 37 53 47 36 37 39 45 45 45 53 44 47 27 17 20 37 0 34 14 10 37 41 36 32 11 35 31 45 9 33 26 16 11 28 32 22 21 22 46 34 49 27 56 45 42 6 12 32 43 15 46 9 44
5 9 26 33 30 28 14 15 28 22 24 16 12 37 10 7 17 11 24 15 12 8 31 14 14 13 25 8 8 25 23 13 24 15 28 21 12 30 17 22 7 19 14 5 34 0 34 24 19 17 2 33 24 12 11 15 34 1 18 25 32 6 11 28 15 24 14 28 26 13 26 12 19 29 26 28 14 20 32 29 15
29 43 14 14 24 10 26 26 13 29 43 41 26 28 44 38 21 32 10 42 22 33 35 20 22 40 41 30 35 46 50 30 27 42 35 37 46 44 47 50 28 21 20 38 14 34 0 13 29 44 36 18 12 29 26 40 5 33 19 9 3 28 26 10 24 12 48 22 41 30 49 46 45 10 8 20 45 14 35 6 46
20 32 19 23 30 4 23 23 4 30 40 28 22 36 33 27 9 27 9 30 12 26 38 11 18 28 38 23 27 43 38 25 29 30 37 34 35 43 35 38 17 8 10 27 10 24 13 0 27 32 26 26 1 25 20 35 11 23 17 9 9 18 21 16 12 16 37 28 39 18 45 35 33 5 5 26 34 5 39 6 35
15 26 16 22 14 31 6 5 32 3 14 35 8 20 26 26 28 9 21 34 20 11 12 18 9 32 12 11 13 17 42 6 5 34 10 8 27 16 35 40 21 30 20 23 37 19 29 27 0 36 18 20 27 7 10 15 31 18 11 22 29 18 9 20 28 17 28 12 12 30 20 26 38 31 25 14 32 22 13 28 33
22 12 40 47 47 36 31 32 34 39 39 4 29 54 14 10 23 28 35 2 23 25 48 25 31 4 41 25 24 40 7 30 41 2 45 37 15 45 3 6 18 24 25 13 41 17 44 32 36 0 18 48 32 29 28 30 43 18 34 36 41 20 28 41 20 37 15 45 42 14 41 17 3 37 36 45 6 30 49 38 5
7 8 27 34 30 30 14 15 30 21 22 18 12 37 8 8 19 10 26 17 14 7 30 16 16 15 23 8 6 23 23 12 23 17 27 19 10 28 17 22 9 21 16 5 36 2 36 26 18 18 0 34 26 12 12 13 36 3 19 27 34 8 12 30 17 26 12 28 24 15 24 10 21 31 28 29 14 22 31 31 15
28 42 8 4 7 27 20 20 30 18 33 47 22 10 42 40 31 27 18 47 25 28 19 23 19 44 29 26 30 36 54 24 15 46 22 27 44 32 50 54 31 32 25 38 32 33 18 26 20 48 34 0 25 24 23 35 23 32 15 17 21 29 22 10 33 11 45 8 30 37 39 43 50 27 21 6 47 22 19 23 48
20 32 18 22 29 4 22 23 5 30 40 28 22 35 33 27 9 27 8 30 12 26 38 11 18 28 38 23 27 43 38 25 29 30 37 34 35 43 35 38 17 9 10 27 11 24 12 1 27 32 26 25 0 25 20 35 11 23 17 8 9 18 21 15 12 15 37 27 39 18 45 35 33 5 5 25 34 5 38 6 35
9 20 19 26 19 29 4 4 29 10 15 28 3 26 19 19 23 3 20 27 15 5 19 14 7 25 14 4 6 18 35 1 12 27 16 10 20 19 29 34 15 25 16 17 35 12 29 25 7 29 12 24 25 0 5 11 30 11 11 21 28 12 4 22 22 18 21 17 15 24 21 19 31 29 24 18 26 20 20 27 27
6 20 16 23 19 24 4 5 25 13 20 26 2 26 20 18 18 7 16 26 10 7 22 9 4 24 18 4 9 22 34 5 14 26 20 14 22 23 28 33 11 20 11 16 31 11 26 20 10 28 12 23 20 5 0 15 26 10 8 17 24 8 1 19 18 15 23 17 19 20 25 21 30 25 20 18 25 15 23 23 26
15 18 30 37 29 39 15 15 39 17 9 31 14 35 16 21 30 8 31 30 23 9 23 24 18 28 11 12 8 10 34 11 20 30 19 10 16 15 28 32 21 32 25 18 45 15 40 35 15 30 13 35 35 11 15 0 41 15 22 31 39 18 14 33 29 29 16 27 12 28 11 14 33 40 34 29 24 30 24 37 25
29 43 17 19 28 8 28 29 11 33 46 39 28 33 44 38 20 34 10 41 22 33 38 20 23 39 43 30 35 48 49 31 31 41 39 39 46 47 46 49 28 19 20 38 9 34 5 11 31 43 36 23 11 30 26 41 0 33 20 10 2 28 27 13 23 15 48 26 43 29 51 46 44 7 8 23 45 14 38 5 46
4 10 25 32 29 27 13 14 27 21 23 17 11 36 11 8 17 10 23 16 11 7 30 13 13 14 24 7 7 25 24 12 23 16 27 20 13 29 18 23 7 19 13 6 33 1 33 23 18 18 3 32 23 11 10 15 33 0 17 24 31 5 10 27 15 23 15 27 25 14 26 13 20 28 25 27 15 19 31 28 16
13 27 8 15 14 20 7 8 22 13 25 32 8 21 27 25 19 14 10 32 11 15 21 9 4 30 23 12 17 28 40 11 12 32 20 19 29 27 35 40 16 21 11 23 26 18 19 17 11 34 19 15 17 11 8 22 20 17 0 11 18 14 8 11 19 7 31 12 23 23 31 29 36 20 14 11 32 12 22 17 33
20 34 10 14 21 10 18 19 13 23 36 33 18 27 35 29 15 23 1 34 13 24 31 11 14 32 34 21 26 39 42 22 22 34 30 30 37 38 38 42 19 16 11 29 16 25 9 9 22 36 27 17 8 21 17 31 10 24 11 0 8 19 17 7 17 7 39 19 34 23 42 37 38 10 4 17 36 6 31 7 37
27 41 15 17 25 7 25 26 10 30 43 37 25 31 42 36 18 31 8 39 20 31 36 18 21 37 41 28 33 46 47 29 28 39 36 37 44 45 44 47 26 18 18 36 11 32 3 9 29 41 34 21 9 28 24 39 2 31 18 8 0 26 25 11 21 13 46 24 41 27 49 44 42 7 6 21 43 12 36 3 44
3 15 21 28 27 22 12 13 22 21 25 18 10 34 16 11 12 12 18 18 6 9 30 8 11 16 26 8 10 27 26 13 22 18 28 22 18 31 21 26 3 14 8 10 28 6 28 18 18 20 8 29 18 12 8 18 28 5 14 19 26 0 9 23 11 19 20 25 27 12 29 18 22 23 20 25 18 14 31 23 19
7 20 16 23 19 25 3 4 26 12 19 27 1 26 20 18 19 6 17 26 11 7 21 10 4 24 18 4 9 22 34 5 13 26 19 14 22 23 28 33 12 21 12 16 32 11 26 21 9 28 12 22 21 4 1 14 27 10 8 17 25 9 0 19 19 15 23 17 19 21 25 21 30 26 20 17 25 16 22 23 26
23 37 4 7 14 17 18 18 20 20 34 39 19 20 38 34 22 25 8 39 18 26 25 16 15 37 32 23 28 37 47 22 18 39 26 28 40 35 44 47 24 23 17 33 22 28 10 16 20 41 30 10 15 22 19 33 13 27 11 7 11 23 19 0 24 4 42 12 32 30 40 40 43 17 11 10 41 13 25 13 42
14 20 25 31 33 16 22 23 14 31 36 16 20 40 22 15 3 22 16 18 8 20 40 10 19 16 36 18 21 38 26 23 31 18 38 32 24 41 23 26 8 4 8 17 21 15 24 12 28 20 17 33 12 22 18 29 23 15 19 17 21 11 19 24 0 22 25 31 37 6 40 25 21 17 16 30 22 11 41 18 23
19 33 3 10 14 17 14 14 20 17 31 35 15 20 34 30 20 21 7 35 14 22 24 12 11 33 29 19 24 34 43 18 15 35 23 25 36 32 40 43 20 21 14 29 22 24 12 16 17 37 26 11 15 18 15 29 15 23 7 7 13 19 15 4 22 0 38 12 29 26 37 36 39 17 11 10 37 11 24 13 38
19 5 39 46 40 41 25 25 39 32 25 18 24 47 4 10 28 19 38 16 26 17 39 28 27 15 28 19 15 25 19 22 33 16 35 26 2 31 13 17 20 29 28 10 46 14 48 37 28 15 12 45 37 21 23 16 48 15 31 39 46 20 23 42 25 38 0 38 28 21 26 2 18 42 40 39 9 34 40 43 10
23 36 9 10 2 29 14 13 32 10 25 43 16 9 36 35 31 20 19 43 23 21 12 21 14 41 21 20 23 28 51 17 7 43 14 19 37 24 45 50 27 32 23 33 34 28 22 28 12 45 28 8 27 17 17 27 26 27 12 19 24 25 17 12 31 12 38 0 22 35 31 36 47 29 23 2 42 23 13 25 43
24 30 28 32 23 43 17 16 44 12 4 42 18 28 28 32 37 15 33 41 29 18 13 28 21 39 1 19 18 7 46 14 15 41 9 5 28 4 40 44 30 39 30 29 49 26 41 39 12 42 24 30 39 15 19 12 43 25 23 34 41 27 19 32 37 29 28 22 0 39 10 26 45 43 37 24 36 34 14 40 37
15 16 29 36 38 22 24 25 20 33 37 10 22 45 18 11 9 24 22 12 12 21 42 14 22 10 38 20 21 38 20 25 34 12 40 34 20 43 17 20 9 10 13 13 27 13 30 18 30 14 15 37 18 24 20 28 29 14 23 23 27 12 21 30 6 26 21 35 39 0 39 21 15 23 22 34 16 17 43 24 17
26 29 36 41 33 49 24 23 50 21 6 42 24 38 27 32 41 19 41 41 34 20 23 34 28 39 10 23 19 3 45 20 24 41 19 12 26 9 39 43 32 43 36 29 56 26 49 45 20 41 24 39 45 21 25 11 51 26 31 42 49 29 25 40 40 37 26 31 10 39 0 24 44 50 45 33 35 40 24 48 36
17 5 37 44 38 39 23 23 39 29 23 18 21 45 3 10 28 17 36 17 24 15 37 26 25 15 25 17 13 23 21 20 31 17 33 24 2 29 15 19 18 29 26 9 45 12 46 35 26 17 10 43 35 19 21 14 46 13 29 37 44 18 21 40 25 36 2 36 26 21 24 0 20 40 38 37 11 32 38 41 12
24 15 42 49 49 37 33 34 35 42 42 5 31 56 17 13 24 30 37 4 25 27 50 27 33 6 44 27 27 43 5 32 43 4 47 40 18 48 5 5 20 25 27 16 42 19 45 33 38 3 21 50 33 31 30 33 44 20 36 38 42 22 30 43 21 39 18 47 45 15 44 20 0 38 37 47 9 32 51 39 8
25 37 20 23 31 1 27 28 4 33 44 33 26 37 38 32 14 32 10 35 17 31 40 16 23 33 43 28 32 47 43 30 31 35 39 39 40 47 40 43 22 13 15 32 6 29 10 5 31 37 31 27 5 29 25 40 7 28 20 10 7 23 26 17 17 17 42 29 43 23 50 40 38 0 6 27 39 10 41 4 40
21 35 14 18 25 6 21 22 9 27 39 32 21 31 36 30 13 26 4 34 14 26 34 12 17 32 37 23 28 42 42 25 25 34 33 33 38 41 39 42 20 13 12 30 12 26 8 5 25 36 28 21 5 24 20 34 8 25 14 4 6 20 20 11 16 11 40 23 37 22 45 38 37 6 0 21 37 6 35 3 38
24 37 7 8 4 27 15 14 30 12 27 43 17 11 37 35 29 21 17 43 22 22 14 20 14 41 23 21 24 30 51 18 9 43 16 21 38 26 45 50 27 31 22 33 32 28 20 26 14 45 29 6 25 18 18 29 23 27 11 17 21 25 17 10 30 10 39 2 24 34 33 37 47 27 21 0 42 21 15 23 43
19 6 39 46 44 38 28 29 36 35 33 9 26 51 8 7 25 24 35 7 23 21 44 25 28 7 35 22 20 34 10 26 37 7 41 32 9 39 4 8 17 26 25 9 43 14 45 34 32 6 14 47 34 26 25 24 45 15 32 36 43 18 25 41 22 37 9 42 36 16 35 11 9 39 37 42 0 31 45 40 1
15 29 14 20 25 9 17 18 9 25 35 27 17 31 30 24 9 22 5 28 8 21 33 6 13 26 33 18 22 37 36 20 24 28 32 29 32 38 33 36 14 10 6 24 15 20 14 5 22 30 22 22 5 20 15 30 14 19 12 6 12 14 16 13 11 11 34 23 34 17 40 32 32 10 6 21 31 0 34 9 32
28 39 22 23 12 41 19 18 43 10 18 48 21 14 39 39 41 22 31 47 33 24 1 31 22 45 14 24 26 21 55 19 10 47 5 14 39 15 48 53 34 43 33 36 46 32 35 39 13 49 31 19 38 20 23 24 38 31 22 31 36 31 22 25 41 24 40 13 14 43 24 38 51 41 35 15 45 34 0 37 46
24 38 16 19 27 4 24 25 7 30 42 34 24 33 39 33 15 29 7 36 17 29 37 15 20 34 40 26 31 45 44 28 28 36 36 36 41 44 41 44 23 14 15 33 9 29 6 6 28 38 31 23 6 27 23 37 5 28 17 7 3 23 23 13 18 13 43 25 40 24 48 41 39 4 3 23 40 9 37 0 41
20 7 40 47 45 39 29 30 37 36 34 9 27 52 9 8 26 25 36 7 24 22 45 26 29 7 36 23 21 35 9 27 38 7 42 33 10 40 3 7 18 27 26 10 44 15 46 35 33 5 15 48 35 27 26 25 46 16 33 37 44 19 26 42 23 38 10 43 37 17 36 12 8 40 38 43 1 32 46 41 0
0         815      
0         224      
289       510      
328       447      
229       420      
57        322      
127       366      
144       382      
61        255      
170       373      
415       598      
0         133      
162       356      
292       447      
22        186      
0         95       
0         246      
189       348      
103       274      
0         143      
16        203      
182       372      
195       416      
29        195      
158       382      
0         88       
421       665      
122       369      
296       505      
433       648      
0         98       
185       337      
194       411      
0         166      
174       436      
513       759      
0         144      
393       625      
5         177      
0         181      
334       507      
481       680      
149       370      
0         157      
124       288      
0         133      
24        235      
121       270      
149       332      
0         171      
0         64       
214       484      
45        283      
127       379      
124       346      
454       628      
572       785      
0         91       
292       538      
92        267      
108       270      
155       303      
166       376      
283       533      
33        262      
439       603      
21        205      
234       438      
411       600      
0         249      
339       543      
323       580      
0         151      
80        314      
36        290      
193       449      
42        249      
46        201      
161       435      
94        307      
533       671      
