81
0 11 19 30 45 33 49 21 44 10 21 21 20 45 46 26 28 7 30 20 19 23 29 19 15 14 5 52 38 37 18 20 44 37 4 45 14 21 29 23 47 44 46 42 19 41 13 32 33 34 20 9 46 19 41 36 34 28 38 26 13 20 24 21 21 35 32 12 46 34 32 21 36 7 46 46 2 21 25 24 27
11 0 28 36 39 39 43 30 38 5 30 27 17 38 40 25 31 11 35 29 8 32 39 29 10 23 6 54 43 40 7 15 43 31 9 39 24 11 39 33 45 47 40 35 12 35 5 24 30 40 25 5 40 29 34 35 35 34 43 20 5 29 31 31 31 26 33 19 40 41 39 16 30 16 40 44 13 13 35 33 22
19 28 0 10 42 13 45 2 40 28 2 6 21 47 45 20 16 17 14 1 33 4 12 3 23 5 23 38 19 23 32 22 34 33 19 45 7 33 11 5 38 30 42 44 27 41 26 36 26 15 9 27 39 9 44 25 22 9 21 31 26 2 7 5 9 39 20 9 48 15 13 22 37 12 47 35 18 29 11 5 25
30 36 10 0 40 3 42 8 38 38 10 9 25 47 43 20 12 25 6 10 40 6 16 12 30 15 32 29 9 14 39 27 27 31 28 43 17 40 10 11 31 21 40 44 33 39 33 39 23 5 12 36 35 18 45 19 16 2 12 34 33 9 5 13 18 42 15 17 46 5 3 26 37 22 45 27 28 35 18 7 26
45 39 42 40 0 41 4 42 2 44 44 36 25 9 3 22 28 38 34 42 33 42 54 45 30 41 43 32 38 30 33 25 20 9 41 5 45 30 50 46 18 31 1 8 27 5 34 16 17 38 33 44 8 50 9 21 24 38 34 19 34 41 38 46 51 16 25 37 8 39 41 24 9 40 7 22 46 26 52 43 18
33 39 13 3 41 0 43 11 39 41 13 12 28 48 44 22 13 28 7 13 43 9 18 15 33 18 35 27 7 13 42 30 26 32 31 44 20 43 12 13 30 19 41 45 36 40 36 41 24 3 15 39 36 21 46 20 17 5 10 37 36 12 8 15 20 44 16 20 47 3 0 29 38 25 46 26 31 38 20 10 28
49 43 45 42 4 43 0 44 5 48 47 39 29 10 5 25 31 42 36 45 36 45 56 48 34 44 47 31 39 31 37 29 19 12 45 7 49 33 52 49 17 30 3 12 31 8 38 19 20 40 36 48 7 54 13 23 26 41 35 23 38 44 41 49 54 19 27 40 9 41 43 28 13 44 8 21 50 30 55 46 22
21 30 2 8 42 11 44 0 40 30 3 5 21 47 44 19 14 19 12 2 35 2 12 5 25 7 25 36 17 21 34 23 32 32 21 44 9 35 9 5 36 28 41 44 28 40 28 37 25 13 8 29 38 11 44 23 20 7 19 31 28 1 5 6 11 40 18 11 47 13 11 22 36 14 46 33 20 30 12 3 24
44 38 40 38 2 39 5 40 0 43 42 34 24 11 5 20 26 37 32 40 32 40 52 43 29 39 42 30 36 28 32 24 18 7 40 7 44 29 48 44 16 29 2 10 26 5 33 15 15 36 31 43 6 49 11 19 22 36 32 18 33 39 36 44 49 16 23 35 10 37 39 23 8 39 9 20 45 25 50 41 17
10 5 28 38 44 41 48 30 43 0 30 29 21 43 45 29 34 12 37 29 12 32 39 29 14 23 5 57 45 43 11 19 47 36 9 44 24 15 39 33 49 50 45 40 17 40 10 29 34 42 27 1 45 29 39 39 38 36 45 25 10 29 33 31 31 31 36 20 45 43 41 20 35 16 45 48 12 18 35 33 26
21 30 2 10 44 13 47 3 42 30 0 7 22 49 46 21 17 19 15 1 35 4 10 2 25 7 25 39 19 24 34 24 35 34 21 46 7 35 9 3 39 31 43 46 29 42 28 38 27 15 10 29 40 8 46 26 23 10 22 32 28 3 8 3 8 41 21 11 49 15 13 23 38 14 48 36 19 31 9 4 26
21 27 6 9 36 12 39 5 34 29 7 0 16 41 39 14 10 16 9 6 31 6 17 9 21 7 23 33 17 18 30 18 28 27 19 39 12 31 14 10 32 25 36 38 24 35 24 32 20 13 3 27 33 15 39 19 16 7 17 26 24 5 4 10 15 35 14 8 42 14 12 17 31 13 41 29 20 26 16 7 19
20 17 21 25 25 28 29 21 24 21 22 16 0 27 27 8 15 13 21 21 16 22 32 23 7 17 18 37 29 24 16 2 26 17 16 26 21 15 30 25 28 30 26 24 8 22 12 15 14 27 13 21 26 26 24 18 18 23 27 10 12 21 20 25 28 18 16 13 28 28 28 1 17 16 28 28 21 10 31 23 7
45 38 47 47 9 48 10 47 11 43 49 41 27 0 6 27 34 39 40 47 31 47 58 50 29 44 42 41 46 38 32 27 29 14 40 4 48 28 55 51 27 40 10 3 26 6 33 14 22 44 38 43 17 53 4 28 30 43 41 18 33 46 43 51 55 12 30 40 2 45 46 26 10 43 2 31 45 25 57 48 22
46 40 45 43 3 44 5 44 5 45 46 39 27 6 0 25 31 39 37 45 33 45 56 48 31 43 44 35 41 33 34 26 23 12 42 2 48 30 53 49 21 34 4 7 28 5 35 16 20 41 36 45 11 53 8 24 27 41 37 20 35 44 41 49 54 15 28 40 5 42 44 26 10 43 4 25 47 27 55 46 21
26 25 20 20 22 22 25 19 20 29 21 14 8 27 25 0 9 19 15 20 24 20 31 23 15 19 26 28 23 16 23 9 18 13 22 25 24 22 28 24 21 22 22 24 15 21 19 19 7 21 11 29 20 29 25 10 10 18 20 15 19 19 17 24 29 22 8 16 28 22 22 8 17 21 27 20 27 17 30 21 6
28 31 16 12 28 13 31 14 26 34 17 10 15 34 31 9 0 22 6 16 31 14 26 19 22 17 29 24 14 9 31 17 18 19 25 31 22 30 21 19 22 16 28 32 23 27 26 28 11 12 8 33 24 25 33 9 6 10 12 24 26 14 10 20 25 31 4 16 34 13 13 16 25 21 33 19 28 25 26 15 15
7 11 17 25 38 28 42 19 37 12 19 16 13 39 39 19 22 0 25 18 16 21 28 18 10 12 7 46 33 31 15 13 37 30 3 39 13 17 28 22 40 38 39 36 14 35 9 26 26 29 15 11 39 18 36 29 27 23 33 21 9 18 20 20 20 29 25 8 41 30 28 14 30 5 41 39 8 16 24 22 20
30 35 14 6 34 7 36 12 32 37 15 9 21 40 37 15 6 25 0 14 37 11 22 17 27 16 32 24 8 9 36 23 21 25 28 37 21 36 16 16 25 16 34 38 29 33 31 34 17 6 10 36 29 23 39 13 10 5 8 30 31 12 7 18 23 37 9 17 40 7 7 22 31 22 39 21 29 31 23 12 21
20 29 1 10 42 13 45 2 40 29 1 6 21 47 45 20 16 18 14 0 34 4 11 3 24 6 24 38 19 23 33 23 34 33 20 45 7 34 10 4 38 30 42 44 28 41 27 36 26 15 9 28 39 9 45 25 22 9 21 31 27 2 7 4 9 39 20 10 48 15 13 22 37 13 47 35 19 30 10 4 25
19 8 33 40 33 43 36 35 32 12 35 31 16 31 33 24 31 16 37 34 0 37 44 34 10 28 14 52 45 40 1 14 40 27 16 32 29 3 44 38 42 46 34 28 8 28 7 17 29 42 28 13 36 34 27 34 34 38 43 14 7 34 35 36 36 19 32 24 33 43 43 15 24 21 33 42 21 7 40 38 19
23 32 4 6 42 9 45 2 40 32 4 6 22 47 45 20 14 21 11 4 37 0 11 6 27 9 27 35 15 20 36 24 31 33 23 45 11 37 7 5 35 27 42 44 30 41 30 37 25 11 9 31 38 12 45 23 19 6 18 32 30 3 4 7 12 40 18 13 48 11 9 23 37 16 47 32 22 32 12 1 25
29 39 12 16 54 18 56 12 52 39 10 17 32 58 56 31 26 28 22 11 44 11 0 10 35 16 34 45 25 30 43 34 42 44 30 56 15 45 6 7 46 37 53 55 39 52 37 47 36 21 20 38 49 10 56 34 30 17 28 42 37 12 15 8 8 50 29 20 59 21 18 33 48 23 58 43 27 41 4 10 36
19 29 3 12 45 15 48 5 43 29 2 9 23 50 48 23 19 18 17 3 34 6 10 0 24 6 24 41 21 26 33 24 37 36 20 48 5 34 10 4 41 33 45 47 28 44 27 38 29 17 12 28 42 6 47 28 25 12 24 33 27 5 10 2 6 41 23 10 51 17 15 24 40 13 50 38 17 30 8 6 28
15 10 23 30 30 33 34 25 29 14 25 21 7 29 31 15 22 10 27 24 10 27 35 24 0 18 13 43 35 31 9 5 33 22 11 30 22 10 34 28 35 37 31 26 4 26 5 16 20 32 18 14 31 27 26 25 25 28 34 11 5 24 25 26 29 19 23 14 31 33 33 6 21 14 31 34 16 6 32 28 12
14 23 5 15 41 18 44 7 39 23 7 7 17 44 43 19 17 12 16 6 28 9 16 6 18 0 18 40 24 25 27 18 35 32 14 43 5 28 16 10 39 32 41 41 22 39 21 32 25 19 9 22 38 10 41 26 23 13 24 27 21 6 10 8 11 35 21 4 45 20 18 18 34 7 45 36 14 24 14 10 23
5 6 23 32 43 35 47 25 42 5 25 23 18 42 44 26 29 7 32 24 14 27 34 24 13 18 0 53 40 38 13 18 44 35 4 43 19 17 34 28 46 45 44 39 16 39 9 28 32 36 22 4 44 24 38 36 34 30 40 24 9 24 27 26 26 31 32 15 44 37 35 19 34 11 44 46 7 17 30 28 25
52 54 38 29 32 27 31 36 30 57 39 33 37 41 35 28 24 46 24 38 52 35 45 41 43 40 53 0 20 15 51 37 12 28 49 37 45 50 39 40 14 8 31 40 43 35 47 41 23 24 32 57 24 47 41 18 19 29 17 40 47 36 31 42 47 43 21 40 40 24 27 36 35 45 39 10 52 44 47 36 32
38 43 19 9 38 7 39 17 36 45 19 17 29 46 41 23 14 33 8 19 45 15 25 21 35 24 40 20 0 8 44 31 21 30 36 42 26 44 19 20 25 12 38 43 37 38 39 42 22 4 18 44 32 27 44 17 14 10 4 38 39 18 13 22 27 45 15 25 45 4 7 30 37 30 44 21 37 39 27 16 29
37 40 23 14 30 13 31 21 28 43 24 18 24 38 33 16 9 31 9 23 40 20 30 26 31 25 38 15 8 0 39 25 13 23 34 35 30 38 24 25 17 7 30 36 31 31 35 35 15 10 17 42 24 32 37 9 7 14 4 31 35 21 16 27 32 38 8 25 38 10 13 24 30 30 37 13 37 33 32 21 22
18 7 32 39 33 42 37 34 32 11 34 30 16 32 34 23 31 15 36 33 1 36 43 33 9 27 13 51 44 39 0 14 41 27 15 33 28 4 43 37 43 45 34 29 8 29 6 18 29 41 27 12 36 33 28 33 33 37 43 14 6 33 34 35 35 20 31 23 34 42 42 15 24 20 34 43 20 8 39 37 20
20 15 22 27 25 30 29 23 24 19 24 18 2 27 26 9 17 13 23 23 14 24 34 24 5 18 18 37 31 25 14 0 27 17 16 26 22 13 31 27 29 31 26 24 6 22 10 14 15 29 15 19 26 27 23 19 19 25 29 9 10 22 22 26 29 17 17 14 28 30 30 1 17 17 28 29 21 8 32 25 7
44 43 34 27 20 26 19 32 18 47 35 28 26 29 23 18 18 37 21 34 40 31 42 37 33 35 44 12 21 13 41 27 0 16 40 25 40 38 37 36 4 11 19 28 33 23 37 29 12 23 26 46 12 43 29 9 12 26 17 28 37 32 27 38 43 31 14 33 28 23 26 26 23 38 27 2 45 33 43 32 21
37 31 33 31 9 32 12 32 7 36 34 27 17 14 12 13 19 30 25 33 27 33 44 36 22 32 35 28 30 23 27 17 16 0 33 12 36 24 40 37 16 26 9 13 20 8 26 13 8 30 24 36 9 41 14 14 16 29 27 13 26 32 29 37 42 15 16 28 15 31 32 16 7 32 14 18 38 20 43 34 10
4 9 19 28 41 31 45 21 40 9 21 19 16 40 42 22 25 3 28 20 16 23 30 20 11 14 4 49 36 34 15 16 40 33 0 41 15 17 30 24 43 41 42 37 15 37 9 27 29 32 18 8 42 20 37 32 30 26 36 22 9 20 23 22 22 30 28 11 42 33 31 17 32 7 42 42 5 17 26 24 23
45 39 45 43 5 44 7 44 7 44 46 39 26 4 2 25 31 39 37 45 32 45 56 48 30 43 43 37 42 35 33 26 25 12 41 0 47 29 52 49 23 36 6 5 27 4 34 15 20 42 36 44 13 52 6 26 28 41 39 19 34 44 41 49 54 13 28 39 3 43 44 25 9 42 2 27 46 26 55 46 20
14 24 7 17 45 20 49 9 44 24 7 12 21 48 48 24 22 13 21 7 29 11 15 5 22 5 19 45 26 30 28 22 40 36 15 47 0 30 15 9 44 37 45 45 26 43 22 36 30 22 14 23 43 5 45 31 28 16 28 31 22 9 14 7 7 39 26 8 49 22 20 22 38 8 49 41 12 28 11 11 27
21 11 33 40 30 43 33 35 29 15 35 31 15 28 30 22 30 17 36 34 3 37 45 34 10 28 17 50 44 38 4 13 38 24 17 29 30 0 44 38 40 44 31 25 7 25 8 14 27 42 28 16 33 35 24 32 32 38 42 11 8 34 35 36 37 16 30 24 30 43 43 14 21 22 30 40 22 5 41 38 17
29 39 11 10 50 12 52 9 48 39 9 14 30 55 53 28 21 28 16 10 44 7 6 10 34 16 34 39 19 24 43 31 37 40 30 52 15 44 0 6 41 31 49 51 37 48 37 44 32 15 16 38 45 12 52 29 26 11 22 39 37 10 11 8 11 47 25 20 55 15 12 30 44 23 54 37 27 39 8 6 32
23 33 5 11 46 13 49 5 44 33 3 10 25 51 49 24 19 22 16 4 38 5 7 4 28 10 28 40 20 25 37 27 36 37 24 49 9 38 6 0 40 32 46 48 32 45 31 40 30 16 13 32 43 7 49 28 24 11 23 35 31 5 9 2 7 43 23 14 52 16 13 26 41 17 51 37 21 34 7 4 29
47 45 38 31 18 30 17 36 16 49 39 32 28 27 21 21 22 40 25 38 42 35 46 41 35 39 46 14 25 17 43 29 4 16 43 23 44 40 41 40 0 15 17 26 35 21 39 29 14 27 30 48 10 47 27 13 16 30 21 29 39 36 31 42 47 30 18 37 26 27 30 28 22 42 25 5 48 35 47 36 23
44 47 30 21 31 19 30 28 29 50 31 25 30 40 34 22 16 38 16 30 46 27 37 33 37 32 45 8 12 7 45 31 11 26 41 36 37 44 31 32 15 0 30 39 37 34 41 38 18 16 24 49 23 39 40 13 12 21 9 35 41 28 23 34 39 41 14 32 39 16 19 30 33 37 38 10 44 39 39 28 27
46 40 42 40 1 41 3 41 2 45 43 36 26 10 4 22 28 39 34 42 34 42 53 45 31 41 44 31 38 30 34 26 19 9 42 6 45 31 49 46 17 30 0 9 28 6 35 17 17 38 33 45 7 50 10 21 24 38 34 20 35 41 38 46 51 17 25 37 9 39 41 25 10 41 8 21 47 27 52 43 19
42 35 44 44 8 45 12 44 10 40 46 38 24 3 7 24 32 36 38 44 28 44 55 47 26 41 39 40 43 36 29 24 28 13 37 5 45 25 51 48 26 39 9 0 23 5 30 11 21 43 35 40 16 50 1 27 29 42 40 15 30 43 41 48 52 9 29 37 5 44 45 23 7 40 5 30 42 22 54 45 19
19 12 27 33 27 36 31 28 26 17 29 24 8 26 28 15 23 14 29 28 8 30 39 28 4 22 16 43 37 31 8 6 33 20 15 27 26 7 37 32 35 37 28 23 0 23 7 13 21 35 21 17 29 31 23 25 25 31 35 8 7 27 28 30 33 16 23 18 28 36 36 7 18 18 28 35 20 2 36 31 12
41 35 41 39 5 40 8 40 5 40 42 35 22 6 5 21 27 35 33 41 28 41 52 44 26 39 39 35 38 31 29 22 23 8 37 4 43 25 48 45 21 34 6 5 23 0 30 11 16 38 32 40 11 48 6 22 24 37 35 15 30 40 37 45 50 11 24 35 7 39 40 21 5 38 6 25 42 22 51 42 16
13 5 26 33 34 36 38 28 33 10 28 24 12 33 35 19 26 9 31 27 7 30 37 27 5 21 9 47 39 35 6 10 37 26 9 34 22 8 37 31 39 41 35 30 7 30 0 19 25 36 21 10 35 27 29 29 29 31 38 15 0 27 28 29 29 22 27 17 35 37 36 11 25 14 35 39 14 8 33 31 17
32 24 36 39 16 41 19 37 15 29 38 32 15 14 16 19 28 26 34 36 17 37 47 38 16 32 28 41 42 35 18 14 29 13 27 15 36 14 44 40 29 38 17 11 13 11 19 0 20 40 28 29 21 41 10 26 28 37 39 5 19 36 35 40 43 3 27 28 16 41 41 14 7 30 16 31 32 11 46 38 13
33 30 26 23 17 24 20 25 15 34 27 20 14 22 20 7 11 26 17 26 29 25 36 29 20 25 32 23 22 15 29 15 12 8 29 20 30 27 32 30 14 18 17 21 21 16 25 20 0 22 17 34 13 35 22 6 8 21 19 17 25 25 21 30 35 23 8 23 23 23 24 14 15 28 22 14 34 21 36 26 9
34 40 15 5 38 3 40 13 36 42 15 13 27 44 41 21 12 29 6 15 42 11 21 17 32 19 36 24 4 10 41 29 23 30 32 42 22 42 15 16 27 16 38 43 35 38 36 40 22 0 15 40 33 23 44 17 14 6 7 36 36 14 9 18 23 43 14 21 45 1 3 28 37 26 44 23 33 37 23 12 27
20 25 9 12 33 15 36 8 31 27 10 3 13 38 36 11 8 15 10 9 28 9 20 12 18 9 22 32 18 17 27 15 26 24 18 36 14 28 16 13 30 24 33 35 21 32 21 28 17 15 0 26 30 18 35 17 14 10 18 23 21 8 7 13 18 31 12 8 39 16 15 14 28 13 38 27 20 23 19 10 16
9 5 27 36 44 39 48 29 43 1 29 27 21 43 45 29 33 11 36 28 13 31 38 28 14 22 4 57 44 42 12 19 46 36 8 44 23 16 38 32 48 49 45 40 17 40 10 29 34 40 26 0 45 28 39 38 38 34 44 25 10 28 31 30 30 31 36 19 45 41 39 20 35 15 45 48 11 18 34 32 26
46 40 39 35 8 36 7 38 6 45 40 33 26 17 11 20 24 39 29 39 36 38 49 42 31 38 44 24 32 24 36 26 12 9 42 13 43 33 45 43 10 23 7 16 29 11 35 21 13 33 30 45 0 48 17 16 19 34 28 22 35 38 34 43 48 22 20 36 16 34 36 25 14 41 15 14 47 29 49 39 19
19 29 9 18 50 21 54 11 49 29 8 15 26 53 53 29 25 18 23 9 34 12 10 6 27 10 24 47 27 32 33 27 43 41 20 52 5 35 12 7 47 39 50 50 31 48 27 41 35 23 18 28 48 0 50 34 31 18 30 36 27 11 16 5 2 44 29 13 54 23 20 27 43 13 54 44 17 33 6 11 32
41 34 44 45 9 46 13 44 11 39 46 39 24 4 8 25 33 36 39 45 27 45 56 47 26 41 38 41 44 37 28 23 29 14 37 6 45 24 52 49 27 40 10 1 23 6 29 10 22 44 35 39 17 50 0 28 30 43 41 15 29 43 41 48 52 8 30 37 6 45 46 23 8 40 6 31 42 21 54 45 19
36 35 25 19 21 20 23 23 19 39 26 19 18 28 24 10 9 29 13 25 34 23 34 28 25 26 36 18 17 9 33 19 9 14 32 26 31 32 29 28 13 13 21 27 25 22 29 26 6 17 17 38 16 34 28 0 3 18 13 23 29 23 18 29 34 29 5 24 29 18 20 18 21 29 28 10 36 26 34 23 14
34 35 22 16 24 17 26 20 22 38 23 16 18 30 27 10 6 27 10 22 34 19 30 25 25 23 34 19 14 7 33 19 12 16 30 28 28 32 26 24 16 12 24 29 25 24 29 28 8 14 14 38 19 31 30 3 0 15 11 24 29 20 15 26 31 31 2 21 31 15 17 18 23 26 30 13 33 27 31 20 15
28 34 9 2 38 5 41 7 36 36 10 7 23 43 41 18 10 23 5 9 38 6 17 12 28 13 30 29 10 14 37 25 26 29 26 41 16 38 11 11 30 21 38 42 31 37 31 37 21 6 10 34 34 18 43 18 15 0 12 32 31 8 3 13 18 40 14 15 44 7 5 24 35 20 43 26 27 33 18 7 24
38 43 21 12 34 10 35 19 32 45 22 17 27 41 37 20 12 33 8 21 43 18 28 24 34 24 40 17 4 4 43 29 17 27 36 39 28 42 22 23 21 9 34 40 35 35 38 39 19 7 18 44 28 30 41 13 11 12 0 35 38 20 15 25 30 42 12 25 42 7 10 28 34 30 41 17 37 37 30 19 26
26 20 31 34 19 37 23 31 18 25 32 26 10 18 20 15 24 21 30 31 14 32 42 33 11 27 24 40 38 31 14 9 28 13 22 19 31 11 39 35 29 35 20 15 8 15 15 5 17 36 23 25 22 36 15 23 24 32 35 0 15 31 30 35 38 8 23 23 20 37 37 9 10 25 20 30 27 7 41 33 9
13 5 26 33 34 36 38 28 33 10 28 24 12 33 35 19 26 9 31 27 7 30 37 27 5 21 9 47 39 35 6 10 37 26 9 34 22 8 37 31 39 41 35 30 7 30 0 19 25 36 21 10 35 27 29 29 29 31 38 15 0 27 28 29 29 22 27 17 35 37 36 11 25 14 35 39 14 8 33 31 17
20 29 2 9 41 12 44 1 39 29 3 5 21 46 44 19 14 18 12 2 34 3 12 5 24 6 24 36 18 21 33 22 32 32 20 44 9 34 10 5 36 28 41 43 27 40 27 36 25 14 8 28 38 11 43 23 20 8 20 31 27 0 5 6 11 39 18 10 47 14 12 22 36 13 46 33 20 29 12 4 24
24 31 7 5 38 8 41 5 36 33 8 4 20 43 41 17 10 20 7 7 35 4 15 10 25 10 27 31 13 16 34 22 27 29 23 41 14 35 11 9 31 23 38 41 28 37 28 35 21 9 7 31 34 16 41 18 15 3 15 30 28 5 0 11 16 38 14 12 44 10 8 21 34 17 43 28 24 30 16 5 22
21 31 5 13 46 15 49 6 44 31 3 10 25 51 49 24 20 20 18 4 36 7 8 2 26 8 26 42 22 27 35 26 38 37 22 49 7 36 8 2 42 34 46 48 30 45 29 40 30 18 13 30 43 5 48 29 26 13 25 35 29 6 11 0 5 43 24 12 52 18 15 26 41 15 51 39 19 32 6 6 29
21 31 9 18 51 20 54 11 49 31 8 15 28 55 54 29 25 20 23 9 36 12 8 6 29 11 26 47 27 32 35 29 43 42 22 54 7 37 11 7 47 39 51 52 33 50 29 43 35 23 18 30 48 2 52 34 31 18 30 38 29 11 16 5 0 46 29 15 56 23 20 29 45 15 56 44 19 35 4 11 34
35 26 39 42 16 44 19 40 16 31 41 35 18 12 15 22 31 29 37 39 19 40 50 41 19 35 31 43 45 38 20 17 31 15 30 13 39 16 47 43 30 41 17 9 16 11 22 3 23 43 31 31 22 44 8 29 31 40 42 8 22 39 38 43 46 0 30 31 14 44 44 17 8 33 14 33 35 14 49 41 16
32 33 20 15 25 16 27 18 23 36 21 14 16 30 28 8 4 25 9 20 32 18 29 23 23 21 32 21 15 8 31 17 14 16 28 28 26 30 25 23 18 14 25 29 23 24 27 27 8 14 12 36 20 29 30 5 2 14 12 23 27 18 14 24 29 30 0 19 31 15 16 16 23 24 30 15 31 25 30 19 14
12 19 9 17 37 20 40 11 35 20 11 8 13 40 40 16 16 8 17 10 24 13 20 10 14 4 15 40 25 25 23 14 33 28 11 39 8 24 20 14 37 32 37 37 18 35 17 28 23 21 8 19 36 13 37 24 21 15 25 23 17 10 12 12 15 31 19 0 41 22 20 14 30 5 41 34 12 20 18 14 19
46 40 48 46 8 47 9 47 10 45 49 42 28 2 5 28 34 41 40 48 33 48 59 51 31 45 44 40 45 38 34 28 28 15 42 3 49 30 55 52 26 39 9 5 28 7 35 16 23 45 39 45 16 54 6 29 31 44 42 20 35 47 44 52 56 14 31 41 0 46 47 27 11 44 1 30 47 27 58 49 23
34 41 15 5 39 3 41 13 37 43 15 14 28 45 42 22 13 30 7 15 43 11 21 17 33 20 37 24 4 10 42 30 23 31 33 43 22 43 15 16 27 16 39 44 36 39 37 41 23 1 16 41 34 23 45 18 15 7 7 37 37 14 10 18 23 44 15 22 46 0 3 29 38 27 45 23 33 38 23 12 28
32 39 13 3 41 0 43 11 39 41 13 12 28 46 44 22 13 28 7 13 43 9 18 15 33 18 35 27 7 13 42 30 26 32 31 44 20 43 12 13 30 19 41 45 36 40 36 41 24 3 15 39 36 20 46 20 17 5 10 37 36 12 8 15 20 44 16 20 47 3 0 29 38 25 46 26 31 38 20 10 28
21 16 22 26 24 29 28 22 23 20 23 17 1 26 26 8 16 14 22 22 15 23 33 24 6 18 19 36 30 24 15 1 26 16 17 25 22 14 30 26 28 30 25 23 7 21 11 14 14 28 14 20 25 27 23 18 18 24 28 9 11 22 21 26 29 17 16 14 27 29 29 0 16 17 27 28 22 9 32 24 6
36 30 37 37 9 38 13 36 8 35 38 31 17 10 10 17 25 30 31 37 24 37 48 40 21 34 34 35 37 30 24 17 23 7 32 9 38 21 44 41 22 33 10 7 18 5 25 7 15 37 28 35 14 43 8 21 23 35 34 10 25 36 34 41 45 8 23 30 11 38 38 16 0 33 11 25 37 17 47 38 12
7 16 12 22 40 25 44 14 39 16 14 13 16 43 43 21 21 5 22 13 21 16 23 13 14 7 11 45 30 30 20 17 38 32 7 42 8 22 23 17 42 37 41 40 18 38 14 30 28 26 13 15 41 13 40 29 26 20 30 25 14 13 17 15 15 33 24 5 44 27 25 17 33 0 44 39 7 20 19 17 22
46 40 47 45 7 46 8 46 9 45 48 41 28 2 4 27 33 41 39 47 33 47 58 50 31 45 44 39 44 37 34 28 27 14 42 2 49 30 54 51 25 38 8 5 28 6 35 16 22 44 38 45 15 54 6 28 30 43 41 20 35 46 43 51 56 14 30 41 1 45 46 27 11 44 0 29 47 27 57 48 22
46 44 35 27 22 26 21 33 20 48 36 29 28 31 25 20 19 39 21 35 42 32 43 38 34 36 46 10 21 13 43 29 2 18 42 27 41 40 37 37 5 10 21 30 35 25 39 31 14 23 27 48 14 44 31 10 13 26 17 30 39 33 28 39 44 33 15 34 30 23 26 28 25 39 29 0 46 35 44 33 23
2 13 18 28 46 31 50 20 45 12 19 20 21 45 47 27 28 8 29 19 21 22 27 17 16 14 7 52 37 37 20 21 45 38 5 46 12 22 27 21 48 44 47 42 20 42 14 32 34 33 20 11 47 17 42 36 33 27 37 27 14 20 24 19 19 35 31 12 47 33 31 22 37 7 47 46 0 22 23 23 28
21 13 29 35 26 38 30 30 25 18 31 26 10 25 27 17 25 16 31 30 7 32 41 30 6 24 17 44 39 33 8 8 33 20 17 26 28 5 39 34 35 39 27 22 2 22 8 11 21 37 23 18 29 33 21 26 27 33 37 7 8 29 30 32 35 14 25 20 27 38 38 9 17 20 27 35 22 0 38 33 12
25 35 11 18 52 20 55 12 50 35 9 16 31 57 55 30 26 24 23 10 40 12 4 8 32 14 30 47 27 32 39 32 43 43 26 55 11 41 8 7 47 39 52 54 36 51 33 46 36 23 19 34 49 6 54 34 31 18 30 41 33 12 16 6 4 49 30 18 58 23 20 32 47 19 57 44 23 38 0 11 35
24 33 5 7 43 10 46 3 41 33 4 7 23 48 46 21 15 22 12 4 38 1 10 6 28 10 28 36 16 21 37 25 32 34 24 46 11 38 6 4 36 28 43 45 31 42 31 38 26 12 10 32 39 11 45 23 20 7 19 33 31 4 5 6 11 41 19 14 49 12 10 24 38 17 48 33 23 33 11 0 26
27 22 25 26 18 28 22 24 17 26 26 19 7 22 21 6 15 20 21 25 19 25 36 28 12 23 25 32 29 22 20 7 21 10 23 20 27 17 32 29 23 27 19 19 12 16 17 13 9 27 16 26 19 32 19 14 15 24 26 9 17 24 22 29 34 16 14 19 23 28 28 6 12 22 22 23 28 12 35 26 0
0         819      
0         103      
69        236      
33        191      
268       427      
17        188      
246       435      
38        226      
289       449      
0         119      
60        214      
547       738      
2         185      
316       446      
291       421      
20        165      
21        182      
166       306      
31        185      
31        237      
0         125      
38        230      
435       598      
97        250      
0         124      
85        212      
0         110      
593       766      
363       535      
357       550      
154       358      
358       463      
234       412      
192       403      
0         55       
311       448      
95        269      
0         121      
148       296      
88        221      
237       419      
404       551      
250       407      
306       429      
0         146      
285       437      
0         97       
212       354      
256       375      
16        221      
110       322      
0         129      
283       418      
117       272      
325       496      
228       408      
259       389      
32        187      
387       497      
8         165      
0         110      
36        248      
157       296      
43        205      
92        285      
309       502      
370       520      
119       318      
493       656      
447       587      
13        196      
26        144      
203       396      
471       641      
296       466      
384       547      
193       307      
0         134      
118       266      
66        218      
599       718      
