81
0 40 30 44 5 17 30 40 26 7 46 17 7 20 5 37 4 32 18 54 26 29 7 35 48 39 40 14 40 42 47 22 34 22 38 42 44 24 47 23 48 49 10 39 33 36 27 5 5 35 16 28 34 21 13 10 37 21 19 19 29 13 35 4 21 35 23 54 37 19 9 13 14 26 26 31 44 26 16 53 31
40 0 27 5 44 24 20 34 13 39 22 22 47 28 39 39 43 9 34 25 18 13 45 9 15 31 2 26 46 4 16 26 17 43 30 24 9 26 23 26 14 25 31 4 6 4 41 42 34 24 27 12 5 39 26 43 45 18 31 43 24 26 24 42 24 19 30 23 24 20 48 35 46 33 21 19 26 19 29 22 22
30 27 0 27 31 18 35 11 21 24 18 24 36 35 34 12 33 19 12 26 29 26 31 30 26 9 26 27 19 27 24 35 11 18 8 12 25 7 18 8 26 19 31 23 24 26 16 35 28 5 30 19 24 15 25 24 18 19 11 19 38 23 5 29 12 9 7 28 7 20 37 17 25 7 8 8 14 10 34 27 38
44 5 27 0 48 27 25 33 18 42 18 27 51 33 44 39 48 11 36 20 23 18 49 14 10 29 3 31 46 1 11 31 17 45 29 22 4 28 20 28 9 21 36 4 10 8 43 47 39 24 31 15 10 41 31 45 45 21 33 45 28 30 24 46 26 19 32 18 24 23 52 37 48 34 23 19 23 21 34 17 27
5 44 31 48 0 20 35 41 30 6 48 22 5 25 9 36 3 36 18 56 31 34 2 40 52 39 45 19 39 47 50 27 37 21 39 43 47 25 49 24 51 50 15 43 37 40 26 7 10 36 21 32 38 20 18 8 36 26 19 18 34 17 36 1 23 36 23 56 38 23 7 13 11 26 28 33 45 28 21 55 36
17 24 18 27 20 0 20 29 11 15 29 6 24 17 18 28 21 16 12 37 14 15 22 21 32 27 24 9 33 26 31 18 18 21 26 27 27 11 31 10 31 33 13 23 18 21 23 20 12 21 12 12 19 17 7 19 31 6 10 21 22 5 21 19 6 19 13 38 23 4 26 11 22 17 11 15 29 10 16 37 23
30 20 35 25 35 20 0 45 13 32 40 15 37 10 28 47 34 20 32 44 6 9 37 11 34 42 21 16 53 23 35 8 30 41 41 40 28 30 42 29 33 44 20 23 16 16 43 31 25 36 14 17 16 37 18 36 51 16 30 41 4 20 36 34 24 32 32 42 37 16 38 31 40 36 27 28 42 24 14 41 3
40 34 11 33 41 29 45 0 32 34 18 35 46 46 44 8 43 27 22 26 39 37 41 38 28 3 33 38 15 33 25 46 16 24 4 12 29 18 18 19 27 18 42 29 32 33 19 45 38 9 41 28 32 22 36 34 15 29 21 26 48 34 9 39 23 14 17 28 8 31 47 27 33 14 18 16 12 20 45 28 48
26 13 21 18 30 11 13 32 0 26 27 9 33 16 26 33 30 8 22 33 8 5 32 10 25 29 14 13 40 16 25 16 17 31 28 27 19 17 29 17 24 31 18 14 7 10 33 29 21 22 14 4 8 27 13 30 38 5 20 31 17 13 22 29 13 19 21 32 24 7 35 22 33 24 13 15 29 11 17 31 16
7 39 24 42 6 15 32 34 26 0 41 18 11 24 12 30 9 31 12 49 27 30 7 36 45 33 39 16 33 41 44 26 30 15 32 36 42 18 42 18 45 43 14 38 33 36 20 12 8 29 19 27 34 14 14 4 30 21 13 12 33 13 29 5 17 30 17 50 31 19 13 7 8 20 22 27 38 22 20 49 34
46 22 18 18 48 29 40 18 27 41 0 33 52 43 47 26 50 20 30 8 35 31 48 30 10 15 20 37 33 19 8 43 11 36 15 6 14 23 2 23 10 4 42 18 24 24 33 49 41 13 39 23 24 33 36 42 33 27 28 37 44 34 13 46 24 11 25 10 11 29 54 34 43 25 19 14 6 19 43 10 43
17 22 24 27 22 6 15 35 9 18 33 0 24 11 17 34 21 16 18 40 9 12 24 18 33 33 23 4 39 25 33 12 22 27 32 32 28 17 35 16 32 37 9 23 16 19 29 20 12 27 6 12 17 23 4 22 37 6 16 26 16 5 27 21 12 24 19 40 29 4 26 16 26 23 17 20 34 15 10 39 17
7 47 36 51 5 24 37 46 33 11 52 24 0 27 9 41 3 39 23 60 33 36 6 42 55 44 47 21 44 49 54 29 41 26 43 47 51 29 53 29 55 54 17 46 40 43 31 6 12 40 23 35 41 25 20 13 41 28 24 23 36 20 40 6 28 41 28 61 42 26 2 18 16 31 33 38 49 33 23 60 38
20 28 35 33 25 17 10 46 16 24 43 11 27 0 18 45 24 24 29 49 10 15 27 19 41 44 29 9 50 31 41 2 33 37 43 43 35 28 45 27 40 47 10 30 22 24 40 21 16 38 6 20 23 34 11 28 48 17 27 35 9 13 38 24 23 35 30 48 40 15 28 25 32 34 28 31 45 26 4 47 11
5 39 34 44 9 18 28 44 26 12 47 17 9 18 0 42 6 33 23 55 24 28 11 34 50 43 40 13 45 42 49 20 36 27 42 45 45 27 49 26 49 51 8 40 33 36 32 3 6 38 14 29 34 26 13 15 42 22 23 24 27 14 38 9 23 37 27 56 40 20 10 18 19 31 28 33 46 28 14 55 29
37 39 12 39 36 28 47 8 33 30 26 34 41 45 42 0 39 31 19 34 41 38 35 42 35 11 38 36 7 39 33 46 22 17 11 20 36 17 26 18 35 26 40 35 36 38 12 42 36 15 39 31 36 16 34 28 7 30 19 20 50 32 15 35 22 20 15 36 15 30 43 24 27 11 20 20 20 22 43 36 49
4 43 33 48 3 21 34 43 30 9 50 21 3 24 6 39 0 36 21 58 30 33 5 39 52 42 44 18 42 46 51 26 38 24 41 45 48 27 51 27 52 52 14 43 37 40 29 4 9 38 20 32 38 23 17 11 39 25 22 21 33 17 38 4 25 39 26 58 40 23 5 16 14 29 30 35 47 30 20 57 35
32 9 19 11 36 16 20 27 8 31 20 16 39 24 33 31 36 0 25 25 15 11 38 11 17 24 9 20 38 11 17 23 11 34 23 20 12 17 22 17 16 24 25 7 5 7 33 35 27 18 22 4 5 30 19 34 37 10 22 34 24 19 18 35 15 13 21 24 18 12 41 26 37 24 12 11 22 10 25 23 23
18 34 12 36 18 12 32 22 22 12 30 18 23 29 23 19 21 25 0 38 26 27 19 32 36 21 34 19 23 36 34 30 21 9 20 24 34 8 30 8 36 31 21 32 28 31 11 23 17 17 22 22 29 5 17 12 20 17 3 9 34 15 17 17 10 20 5 40 19 16 25 5 13 8 13 17 26 15 26 39 35
54 25 26 20 56 37 44 26 33 49 8 40 60 49 55 34 58 25 38 0 40 35 56 34 10 23 23 44 41 21 9 48 19 44 23 14 16 31 8 31 11 8 49 21 28 28 41 57 49 21 46 29 28 41 43 50 41 34 36 45 48 42 21 54 32 19 33 2 19 36 62 42 51 33 27 22 14 27 50 3 47
26 18 29 23 31 14 6 39 8 27 35 9 33 10 24 41 30 15 26 40 0 5 33 10 31 37 19 12 47 21 31 8 25 35 36 35 25 23 37 22 30 39 16 20 12 14 37 27 21 30 10 12 13 31 13 31 44 10 24 35 9 14 30 30 18 27 26 38 32 10 34 25 35 30 21 23 37 19 12 37 9
29 13 26 18 34 15 9 37 5 30 31 12 36 15 28 38 33 11 27 35 5 0 36 6 26 34 14 15 45 16 26 13 21 36 33 31 20 22 33 22 25 35 20 15 7 9 38 31 24 27 14 8 8 32 16 34 43 10 25 36 13 17 27 33 18 23 26 33 28 11 38 26 37 29 18 20 33 16 17 32 12
7 45 31 49 2 22 37 41 32 7 48 24 6 27 11 35 5 38 19 56 33 36 0 42 52 40 46 21 38 48 51 29 37 20 39 43 49 25 49 25 52 50 17 45 39 42 25 9 12 36 23 34 40 19 20 7 35 27 20 17 36 19 36 3 24 37 24 57 38 25 8 14 10 27 29 34 45 29 23 56 38
35 9 30 14 40 21 11 38 10 36 30 18 42 19 34 42 39 11 32 34 10 6 42 0 24 35 11 21 49 13 25 18 22 41 34 31 18 27 32 26 23 34 26 13 6 6 42 37 30 29 20 11 6 37 22 40 48 15 30 41 15 23 29 39 23 24 30 32 29 17 44 32 43 34 22 22 33 20 22 31 13
48 15 26 10 52 32 34 28 25 45 10 33 55 41 50 35 52 17 36 10 31 26 52 24 0 24 13 37 42 11 2 39 15 44 24 15 6 27 11 27 1 13 42 11 19 18 42 52 44 21 39 21 18 40 36 47 42 27 32 44 38 36 21 50 27 17 31 8 20 29 57 38 48 33 23 18 16 22 42 7 37
39 31 9 29 39 27 42 3 29 33 15 33 44 44 43 11 42 24 21 23 37 34 40 35 24 0 29 36 18 30 22 44 13 25 1 9 26 16 15 17 24 15 40 26 29 30 20 44 37 6 39 25 29 22 34 33 18 27 20 26 46 32 6 38 21 10 16 25 5 29 46 26 33 14 16 13 9 18 43 25 45
40 2 26 3 45 24 21 33 14 39 20 23 47 29 40 38 44 9 34 23 19 14 46 11 13 29 0 27 45 2 14 27 15 43 28 22 7 26 21 26 12 23 32 2 7 5 41 43 35 22 28 12 7 39 27 43 43 18 31 43 25 27 22 43 24 17 30 21 22 20 49 35 46 32 21 17 24 19 31 20 24
14 26 27 31 19 9 16 38 13 16 37 4 21 9 13 36 18 20 19 44 12 15 21 21 37 36 27 0 42 29 37 10 26 28 35 35 32 20 39 19 36 41 5 27 20 23 30 16 9 30 3 16 21 24 2 20 39 10 17 26 17 4 30 18 15 27 21 44 32 8 23 16 24 25 20 23 37 18 7 43 18
40 46 19 46 39 33 53 15 40 33 33 39 44 50 45 7 42 38 23 41 47 45 38 49 42 18 45 42 0 46 40 51 29 18 18 27 43 23 33 24 42 33 44 42 43 45 13 45 39 22 45 38 43 19 40 31 3 36 24 21 55 37 22 38 28 27 20 43 22 36 46 27 28 16 27 27 27 29 48 43 55
42 4 27 1 47 26 23 33 16 41 19 25 49 31 42 39 46 11 36 21 21 16 48 13 11 30 2 29 46 0 12 29 17 45 30 23 5 28 21 28 10 22 34 4 9 7 43 45 37 24 30 14 9 41 29 45 45 20 33 45 27 29 24 45 26 19 32 19 24 22 51 37 48 34 23 19 24 21 33 18 26
47 16 24 11 50 31 35 25 25 44 8 33 54 41 49 33 51 17 34 9 31 26 51 25 2 22 14 37 40 12 0 39 13 42 22 13 7 26 9 26 2 11 42 12 19 19 40 51 43 19 39 21 19 38 36 46 40 27 31 42 39 35 19 49 26 15 29 7 18 29 56 37 47 31 21 16 14 21 42 6 38
22 26 35 31 27 18 8 46 16 26 43 12 29 2 20 46 26 23 30 48 8 13 29 18 39 44 27 10 51 29 39 0 33 38 43 43 33 29 45 28 38 47 12 28 20 22 40 23 18 38 7 20 21 34 12 30 49 17 27 36 7 14 38 26 23 35 31 46 40 15 30 26 34 35 28 31 45 26 6 45 9
34 17 11 17 37 18 30 16 17 30 11 22 41 33 36 22 38 11 21 19 25 21 37 22 15 13 15 26 29 17 13 33 0 29 12 10 14 12 13 12 15 15 31 13 16 17 27 38 30 7 28 13 16 25 25 32 28 16 17 29 34 23 7 35 13 2 16 20 7 18 43 23 33 18 8 3 12 8 32 19 33
22 43 18 45 21 21 41 24 31 15 36 27 26 37 27 17 24 34 9 44 35 36 20 41 44 25 43 28 18 45 42 38 29 0 24 30 43 17 36 17 44 37 29 41 37 40 5 27 23 23 31 31 38 4 26 13 15 26 12 3 43 24 23 20 19 27 13 46 25 25 28 12 10 11 22 26 32 24 35 45 44
38 30 8 29 39 26 41 4 28 32 15 32 43 43 42 11 41 23 20 23 36 33 39 34 24 1 28 35 18 30 22 43 12 24 0 9 25 15 15 16 24 15 39 25 28 29 20 43 36 5 38 24 28 21 33 32 18 26 19 25 45 31 5 37 20 10 15 25 5 28 45 25 32 13 15 12 9 17 42 25 44
42 24 12 22 43 27 40 12 27 36 6 32 47 43 45 20 45 20 24 14 35 31 43 31 15 9 22 35 27 23 13 43 10 30 9 0 18 18 6 19 15 7 40 20 25 26 27 47 39 7 38 23 25 27 34 36 27 26 23 31 44 32 7 41 21 8 19 16 5 28 49 29 37 19 16 12 2 17 42 16 43
44 9 25 4 47 27 28 29 19 42 14 28 51 35 45 36 48 12 34 16 25 20 49 18 6 26 7 32 43 5 7 33 14 43 25 18 0 26 16 26 5 17 37 5 13 12 41 47 39 21 33 16 12 39 31 44 42 22 31 43 32 31 21 46 24 16 30 14 21 24 53 35 46 32 21 17 19 19 36 13 31
24 26 7 28 25 11 30 18 17 18 23 17 29 28 27 17 27 17 8 31 23 22 25 27 27 16 26 20 23 28 26 29 12 17 15 18 26 0 24 1 27 25 24 24 21 24 16 29 21 11 23 16 22 13 18 20 21 13 5 17 32 16 11 23 5 12 4 32 13 13 31 11 21 7 5 9 20 7 27 31 32
47 23 18 20 49 31 42 18 29 42 2 35 53 45 49 26 51 22 30 8 37 33 49 32 11 15 21 39 33 21 9 45 13 36 15 6 16 24 0 24 11 2 44 19 26 26 33 51 43 13 41 25 26 33 38 42 33 29 29 37 46 36 13 47 26 12 25 10 11 31 55 35 43 25 20 16 6 21 45 10 45
23 26 8 28 24 10 29 19 17 18 23 16 29 27 26 18 27 17 8 31 22 22 25 26 27 17 26 19 24 28 26 28 12 17 16 19 26 1 24 0 27 26 23 24 21 24 16 28 20 12 22 15 22 13 17 19 22 12 5 17 31 15 12 23 4 12 4 32 14 12 31 11 21 8 5 9 21 7 26 31 31
48 14 26 9 51 31 33 27 24 45 10 32 55 40 49 35 52 16 36 11 30 25 52 23 1 24 12 36 42 10 2 38 15 44 24 15 5 27 11 27 0 13 41 10 18 17 42 51 43 21 38 20 17 40 35 46 42 26 32 44 37 35 21 50 27 17 31 9 20 28 57 38 48 33 23 18 16 22 41 8 36
49 25 19 21 50 33 44 18 31 43 4 37 54 47 51 26 52 24 31 8 39 35 50 34 13 15 23 41 33 22 11 47 15 37 15 7 17 25 2 26 13 0 46 21 28 28 34 53 45 14 43 27 28 34 40 43 33 31 30 38 48 38 14 48 28 14 26 10 12 33 56 36 44 26 22 18 6 23 47 10 47
10 31 31 36 15 13 20 42 18 14 42 9 17 10 8 40 14 25 21 49 16 20 17 26 42 40 32 5 44 34 42 12 31 29 39 40 37 24 44 23 41 46 0 32 25 28 32 11 6 34 6 21 26 25 6 18 41 15 21 26 19 8 34 14 19 32 25 49 36 13 18 17 22 29 24 28 42 23 6 48 21
39 4 23 4 43 23 23 29 14 38 18 23 46 30 40 35 43 7 32 21 20 15 45 13 11 26 2 27 42 4 12 28 13 41 25 20 5 24 19 24 10 21 32 0 8 7 39 42 34 20 28 11 7 37 26 41 41 17 29 41 27 26 20 42 22 15 28 19 20 19 48 33 44 30 19 15 22 17 31 18 26
33 6 24 10 37 18 16 32 7 33 24 16 40 22 33 36 37 5 28 28 12 7 39 6 19 29 7 20 43 9 19 20 16 37 28 25 13 21 26 21 18 28 25 8 0 3 37 36 28 23 21 6 1 33 20 37 42 12 25 37 20 20 23 36 18 18 25 26 23 14 42 29 40 28 16 16 27 14 24 25 19
36 4 26 8 40 21 16 33 10 36 24 19 43 24 36 38 40 7 31 28 14 9 42 6 18 30 5 23 45 7 19 22 17 40 29 26 12 24 26 24 17 28 28 7 3 0 40 39 31 24 23 9 2 36 23 40 44 15 28 40 20 23 24 39 21 19 28 26 24 17 45 32 43 31 19 18 28 17 26 25 19
27 41 16 43 26 23 43 19 33 20 33 29 31 40 32 12 29 33 11 41 37 38 25 42 42 20 41 30 13 43 40 40 27 5 20 27 41 16 33 16 42 34 32 39 37 40 0 32 26 21 33 31 38 6 28 18 10 28 13 8 45 26 21 25 20 25 12 43 22 27 33 14 15 9 20 24 29 22 37 43 46
5 42 35 47 7 20 31 45 29 12 49 20 6 21 3 42 4 35 23 57 27 31 9 37 52 44 43 16 45 45 51 23 38 27 43 47 47 29 51 28 51 53 11 42 36 39 32 0 8 40 17 31 37 26 16 14 42 25 24 24 30 16 40 7 25 39 28 58 42 22 7 18 17 31 30 35 48 30 17 57 32
5 34 28 39 10 12 25 38 21 8 41 12 12 16 6 36 9 27 17 49 21 24 12 30 44 37 35 9 39 37 43 18 30 23 36 39 39 21 43 20 43 45 6 34 28 31 26 8 0 32 11 23 29 20 8 12 36 16 17 20 25 8 32 9 17 31 21 50 34 14 14 12 16 25 22 27 40 22 12 49 26
35 24 5 24 36 21 36 9 22 29 13 27 40 38 38 15 38 18 17 21 30 27 36 29 21 6 22 30 22 24 19 38 7 23 5 7 21 11 13 12 21 14 34 20 23 24 21 40 32 0 33 19 23 20 28 29 21 21 16 24 39 26 0 34 15 5 12 23 2 23 42 22 30 12 10 7 9 12 37 22 38
16 27 30 31 21 12 14 41 14 19 39 6 23 6 14 39 20 22 22 46 10 14 23 20 39 39 28 3 45 30 39 7 28 31 38 38 33 23 41 22 38 43 6 28 21 23 33 17 11 33 0 18 22 27 5 23 42 12 20 29 14 7 33 20 18 30 24 46 35 10 24 19 27 28 23 26 40 21 4 45 15
28 12 19 15 32 12 17 28 4 27 23 12 35 20 29 31 32 4 22 29 12 8 34 11 21 25 12 16 38 14 21 20 13 31 24 23 16 16 25 15 20 27 21 11 6 9 31 31 23 19 18 0 7 27 15 31 37 6 19 31 21 15 19 31 12 15 19 28 20 8 37 23 34 23 11 12 25 9 21 27 20
34 5 24 10 38 19 16 32 8 34 24 17 41 23 34 36 38 5 29 28 13 8 40 6 18 29 7 21 43 9 19 21 16 38 28 25 12 22 26 22 17 28 26 7 1 2 38 37 29 23 22 7 0 34 21 38 42 13 26 38 20 21 23 37 19 18 26 26 23 15 43 30 41 29 17 16 27 15 24 25 19
21 39 15 41 20 17 37 22 27 14 33 23 25 34 26 16 23 30 5 41 31 32 19 37 40 22 39 24 19 41 38 34 25 4 21 27 39 13 33 13 40 34 25 37 33 36 6 26 20 20 27 27 34 0 22 12 16 22 8 4 39 20 20 19 15 24 9 43 22 21 27 8 11 8 18 22 29 20 31 42 40
13 26 25 31 18 7 18 36 13 14 36 4 20 11 13 34 17 19 17 43 13 16 20 22 36 34 27 2 40 29 36 12 25 26 33 34 31 18 38 17 35 40 6 26 20 23 28 16 8 28 5 15 21 22 0 18 37 9 15 24 19 2 28 17 13 26 19 43 30 7 22 14 22 23 18 22 36 17 9 42 20
10 43 24 45 8 19 36 34 30 4 42 22 13 28 15 28 11 34 12 50 31 34 7 40 47 33 43 20 31 45 46 30 32 13 32 36 44 20 42 19 46 43 18 41 37 40 18 14 12 29 23 31 38 12 18 0 28 25 14 10 37 17 29 7 19 31 17 51 31 23 15 8 4 20 24 28 38 24 24 50 38
37 45 18 45 36 31 51 15 38 30 33 37 41 48 42 7 39 37 20 41 44 43 35 48 42 18 43 39 3 45 40 49 28 15 18 27 42 21 33 22 42 33 41 41 42 44 10 42 36 21 42 37 42 16 37 28 0 34 21 18 53 34 21 35 26 26 18 43 22 34 43 24 25 14 25 26 27 27 45 43 53
21 18 19 21 26 6 16 29 5 21 27 6 28 17 22 30 25 10 17 34 10 10 27 15 27 27 18 10 36 20 27 17 16 26 26 26 22 13 29 12 26 31 15 17 12 15 28 25 16 21 12 6 13 22 9 25 34 0 15 26 19 8 21 24 8 18 16 34 23 2 30 17 28 20 11 14 28 9 16 33 19
19 31 11 33 19 10 30 21 20 13 28 16 24 27 23 19 22 22 3 36 24 25 20 30 32 20 31 17 24 33 31 27 17 12 19 23 31 5 29 5 32 30 21 29 25 28 13 24 17 16 20 19 26 8 15 14 21 15 0 12 32 13 16 18 7 17 4 37 18 14 26 6 16 8 10 14 25 12 24 36 33
19 43 19 45 18 21 41 26 31 12 37 26 23 35 24 20 21 34 9 45 35 36 17 41 44 26 43 26 21 45 42 36 29 3 25 31 43 17 37 17 44 38 26 41 37 40 8 24 20 24 29 31 38 4 24 10 18 26 12 0 42 22 24 17 19 28 13 47 26 25 25 10 7 12 22 26 33 24 32 46 43
29 24 38 28 34 22 4 48 17 33 44 16 36 9 27 50 33 24 34 48 9 13 36 15 38 46 25 17 55 27 39 7 34 43 45 44 32 32 46 31 37 48 19 27 20 20 45 30 25 39 14 21 20 39 19 37 53 19 32 42 0 21 39 33 27 36 35 46 41 19 37 32 41 39 30 32 46 28 13 45 2
13 26 23 30 17 5 20 34 13 13 34 5 20 13 14 32 17 19 15 42 14 17 19 23 36 32 27 4 37 29 35 14 23 24 31 32 31 16 36 15 35 38 8 26 20 23 26 16 8 26 7 15 21 20 2 17 34 8 13 22 21 0 26 16 11 24 17 42 28 6 22 12 21 21 16 20 34 15 11 41 22
35 24 5 24 36 21 36 9 22 29 13 27 40 38 38 15 38 18 17 21 30 27 36 29 21 6 22 30 22 24 19 38 7 23 5 7 21 11 13 12 21 14 34 20 23 24 21 40 32 0 33 19 23 20 28 29 21 21 16 24 39 26 0 34 15 5 12 23 2 23 42 22 30 12 10 7 9 12 37 22 38
4 42 29 46 1 19 34 39 29 5 46 21 6 24 9 35 4 35 17 54 30 33 3 39 50 38 43 18 38 45 49 26 35 20 37 41 46 23 47 23 50 48 14 42 36 39 25 7 9 34 20 31 37 19 17 7 35 24 18 17 33 16 34 0 22 35 22 55 36 22 8 12 10 25 27 32 43 27 20 54 35
21 24 12 26 23 6 24 23 13 17 24 12 28 23 23 22 25 15 10 32 18 18 24 23 27 21 24 15 28 26 26 23 13 19 20 21 24 5 26 4 27 28 19 22 18 21 20 25 17 15 18 12 19 15 13 19 26 8 7 19 27 11 15 22 0 13 8 33 17 8 30 11 22 12 5 10 23 5 22 32 27
35 19 9 19 36 19 32 14 19 30 11 24 41 35 37 20 39 13 20 19 27 23 37 24 17 10 17 27 27 19 15 35 2 27 10 8 16 12 12 12 17 14 32 15 18 19 25 39 31 5 30 15 18 24 26 31 26 18 17 28 36 24 5 35 13 0 15 20 5 20 43 23 33 16 8 4 10 9 34 20 35
23 30 7 32 23 13 32 17 21 17 25 19 28 30 27 15 26 21 5 33 26 26 24 30 31 16 30 21 20 32 29 31 16 13 15 19 30 4 25 4 31 26 25 28 25 28 12 28 21 12 24 19 26 9 19 17 18 16 4 13 35 17 12 22 8 15 0 35 14 16 30 10 18 4 9 13 21 11 28 34 35
54 23 28 18 56 38 42 28 32 50 10 40 61 48 56 36 58 24 40 2 38 33 57 32 8 25 21 44 43 19 7 46 20 46 25 16 14 32 10 32 9 10 49 19 26 26 43 58 50 23 46 28 26 43 43 51 43 34 37 47 46 42 23 55 33 20 35 0 21 36 63 43 53 35 28 23 16 28 49 1 45
37 24 7 24 38 23 37 8 24 31 11 29 42 40 40 15 40 18 19 19 32 28 38 29 20 5 22 32 22 24 18 40 7 25 5 5 21 13 11 14 20 12 36 20 23 24 22 42 34 2 35 20 23 22 30 31 22 23 18 26 41 28 2 36 17 5 14 21 0 25 44 24 32 14 12 9 7 14 39 21 40
19 20 20 23 23 4 16 31 7 19 29 4 26 15 20 30 23 12 16 36 10 11 25 17 29 29 20 8 36 22 29 15 18 25 28 28 24 13 31 12 28 33 13 19 14 17 27 22 14 23 10 8 15 21 7 23 34 2 14 25 19 6 23 22 8 20 16 36 25 0 28 15 26 20 13 16 30 11 14 35 19
9 48 37 52 7 26 38 47 35 13 54 26 2 28 10 43 5 41 25 62 34 38 8 44 57 46 49 23 46 51 56 30 43 28 45 49 53 31 55 31 57 56 18 48 42 45 33 7 14 42 24 37 43 27 22 15 43 30 26 25 37 22 42 8 30 43 30 63 44 28 0 20 18 33 35 40 51 35 24 62 39
13 35 17 37 13 11 31 27 22 7 34 16 18 25 18 24 16 26 5 42 25 26 14 32 38 26 35 16 27 37 37 26 23 12 25 29 35 11 35 11 38 36 17 33 29 32 14 18 12 22 19 23 30 8 14 8 24 17 6 10 32 12 22 12 11 23 10 43 24 15 20 0 11 13 16 20 31 16 23 42 33
14 46 25 48 11 22 40 33 33 8 43 26 16 32 19 27 14 37 13 51 35 37 10 43 48 33 46 24 28 48 47 34 33 10 32 37 46 21 43 21 48 44 22 44 40 43 15 17 16 30 27 34 41 11 22 4 25 28 16 7 41 21 30 10 22 33 18 53 32 26 18 11 0 19 26 30 39 27 28 52 42
26 33 7 34 26 17 36 14 24 20 25 23 31 34 31 11 29 24 8 33 30 29 27 34 33 14 32 25 16 34 31 35 18 11 13 19 32 7 25 8 33 26 29 30 28 31 9 31 25 12 28 23 29 8 23 20 14 20 8 12 39 21 12 25 12 16 4 35 14 20 33 13 19 0 12 15 21 14 32 34 39
26 21 8 23 28 11 27 18 13 22 19 17 33 28 28 20 30 12 13 27 21 18 29 22 23 16 21 20 27 23 21 28 8 22 15 16 21 5 20 5 23 22 24 19 16 19 20 30 22 10 23 11 17 18 18 24 25 11 10 22 30 16 10 27 5 8 9 28 12 13 35 16 26 12 0 5 18 2 27 27 29
31 19 8 19 33 15 28 16 15 27 14 20 38 31 33 20 35 11 17 22 23 20 34 22 18 13 17 23 27 19 16 31 3 26 12 12 17 9 16 9 18 18 28 15 16 18 24 35 27 7 26 12 16 22 22 28 26 14 14 26 32 20 7 32 10 4 13 23 9 16 40 20 30 15 5 0 14 5 30 22 31
44 26 14 23 45 29 42 12 29 38 6 34 49 45 46 20 47 22 26 14 37 33 45 33 16 9 24 37 27 24 14 45 12 32 9 2 19 20 6 21 16 6 42 22 27 28 29 48 40 9 40 25 27 29 36 38 27 28 25 33 46 34 9 43 23 10 21 16 7 30 51 31 39 21 18 14 0 19 44 16 45
26 19 10 21 28 10 24 20 11 22 19 15 33 26 28 22 30 10 15 27 19 16 29 20 22 18 19 18 29 21 21 26 8 24 17 17 19 7 21 7 22 23 23 17 14 17 22 30 22 12 21 9 15 20 17 24 27 9 12 24 28 15 12 27 5 9 11 28 14 11 35 16 27 14 2 5 19 0 25 27 27
16 29 34 34 21 16 14 45 17 20 43 10 23 4 14 43 20 25 26 50 12 17 23 22 42 43 31 7 48 33 42 6 32 35 42 42 36 27 45 26 41 47 6 31 24 26 37 17 12 37 4 21 24 31 9 24 45 16 24 32 13 11 37 20 22 34 28 49 39 14 24 23 28 32 27 30 44 25 0 48 15
53 22 27 17 55 37 41 28 31 49 10 39 60 47 55 36 57 23 39 3 37 32 56 31 7 25 20 43 43 18 6 45 19 45 25 16 13 31 10 31 8 10 48 18 25 25 43 57 49 22 45 27 25 42 42 50 43 33 36 46 45 41 22 54 32 20 34 1 21 35 62 42 52 34 27 22 16 27 48 0 44
31 22 38 27 36 23 3 48 16 34 43 17 38 11 29 49 35 23 35 47 9 12 38 13 37 45 24 18 55 26 38 9 33 44 44 43 31 32 45 31 36 47 21 26 19 19 46 32 26 38 15 20 19 40 20 38 53 19 33 43 2 22 38 35 27 35 35 45 40 19 39 33 42 39 29 31 45 27 15 44 0
0         865      
335       447      
152       269      
403       538      
0         78       
23        149      
71        184      
172       288      
469       577      
0         103      
249       371      
61        175      
0         72       
478       591      
496       623      
181       297      
0         62       
352       470      
138       249      
303       423      
75        188      
385       516      
0         76       
389       515      
633       755      
240       355      
329       459      
33        154      
171       302      
321       456      
303       422      
74        202      
215       351      
710       842      
159       281      
256       390      
307       441      
136       267      
278       403      
13        135      
306       422      
253       380      
48        160      
311       438      
333       460      
331       452      
190       314      
0         79       
91        216      
228       343      
41        149      
362       472      
355       467      
118       241      
47        168      
113       235      
581       706      
359       493      
11        123      
117       234      
522       634      
19        145      
161       275      
0         58       
7         128      
272       400      
13        132      
291       418      
163       282      
56        180      
0         101      
6         110      
573       684      
210       326      
214       339      
218       336      
255       369      
378       486      
78        209      
437       544      
669       793      
