81
0 30 20 31 10 19 19 25 22 12 15 3 23 18 11 17 23 17 22 27 5 8 16 17 15 18 9 20 16 25 24 1 26 3 24 22 12 31 23 25 26 20 22 21 27 19 7 17 39 17 5 28 30 13 27 10 20 14 36 29 31 23 7 16 12 28 29 8 29 11 24 30 13 14 25 33 17 4 19 22 17
30 0 22 7 40 24 46 41 14 42 22 33 20 20 19 39 7 37 52 14 34 38 46 44 45 37 30 48 45 28 42 31 27 33 46 23 25 35 27 34 48 42 52 50 22 17 24 39 12 47 27 26 14 39 29 33 19 23 12 37 39 43 33 16 18 2 40 34 5 33 8 35 35 22 55 11 47 27 37 51 46
20 22 0 17 26 30 28 19 8 29 5 23 29 2 13 18 17 16 42 27 25 28 31 37 35 15 27 40 36 7 20 20 7 22 24 2 25 43 34 12 26 20 39 32 7 5 13 37 24 34 22 36 14 21 38 15 26 6 20 16 18 21 18 7 15 20 18 19 18 15 20 14 15 22 43 18 36 21 15 42 37
31 7 17 0 40 30 44 36 9 43 18 34 26 15 20 34 11 32 53 20 35 39 45 46 46 32 32 50 47 23 37 31 21 33 41 18 28 41 33 29 43 37 53 48 15 12 23 42 8 47 29 32 7 36 35 30 25 19 6 32 34 38 32 14 20 7 35 33 3 30 14 28 31 25 55 4 47 29 32 53 48
10 40 26 40 0 29 10 24 31 3 22 8 33 25 21 15 33 17 16 37 9 7 6 15 11 18 17 17 13 28 23 9 29 7 20 27 22 39 32 27 22 17 13 11 32 27 16 19 48 8 15 38 39 8 36 11 30 21 44 30 32 20 8 25 22 38 29 7 38 12 34 33 14 24 17 42 10 14 20 17 14
19 24 30 30 29 0 38 43 27 31 26 21 5 27 16 36 19 36 34 12 20 23 35 24 27 37 12 28 27 37 43 20 37 22 43 32 7 13 4 40 45 39 38 40 35 26 21 18 36 34 14 9 35 32 8 28 5 25 36 44 46 42 26 22 14 23 45 27 27 29 16 43 31 7 37 34 32 15 37 33 28
19 46 28 44 10 38 0 19 34 10 25 17 42 28 28 11 39 13 21 46 19 17 7 24 18 14 26 24 20 27 18 18 29 16 13 29 31 48 41 23 15 12 16 4 34 30 22 29 51 12 24 47 42 7 45 13 39 23 47 25 27 15 13 30 30 44 24 12 42 13 42 29 13 33 22 45 15 23 16 22 21
25 41 19 36 24 43 19 0 27 27 19 26 44 21 27 9 35 8 40 44 28 30 26 39 35 7 34 41 37 13 1 24 15 25 7 18 36 55 47 7 7 7 35 23 21 24 22 41 42 31 29 51 31 16 51 15 41 19 38 7 8 4 18 25 29 39 5 18 37 13 38 12 11 36 41 36 34 27 5 41 38
22 14 8 9 31 27 34 27 0 34 8 25 25 6 13 25 11 23 44 22 27 30 36 39 37 23 27 42 38 14 28 23 13 25 32 9 25 40 31 20 34 28 44 38 9 3 15 37 17 39 22 32 8 26 34 20 23 9 13 23 25 29 22 6 15 12 26 23 10 20 15 21 21 22 47 11 39 22 23 44 39
12 42 29 43 3 31 10 27 34 0 25 10 35 28 23 18 35 20 13 39 11 8 4 13 8 21 19 14 10 31 26 11 32 9 22 30 24 40 34 30 24 20 10 9 35 30 19 19 51 5 17 40 42 11 38 14 32 24 47 33 35 23 11 28 24 40 32 10 41 15 36 36 17 26 14 45 7 16 23 14 11
15 22 5 18 22 26 25 19 8 25 0 18 26 3 9 17 16 15 37 25 20 23 27 32 30 15 22 35 31 11 20 15 11 17 24 7 21 39 30 15 26 20 35 29 12 5 8 32 25 30 17 33 16 18 34 11 23 1 21 19 21 21 14 6 11 20 21 15 18 12 19 18 13 18 39 19 31 16 15 37 32
3 33 23 34 8 21 17 26 25 10 18 0 25 21 14 18 26 18 19 29 2 5 14 14 12 19 9 17 13 28 25 3 29 1 24 25 14 31 24 27 26 21 19 19 30 22 10 15 42 14 7 30 33 12 28 11 22 17 38 30 32 24 7 19 15 31 30 8 32 12 27 33 14 16 22 36 14 6 20 19 14
23 20 29 26 33 5 42 44 25 35 26 25 0 26 16 38 15 37 39 7 24 27 39 29 32 37 16 33 32 36 44 24 36 26 45 31 11 15 7 40 47 41 42 44 34 25 22 23 32 38 18 7 31 35 9 30 3 25 32 44 46 43 29 21 14 19 45 30 23 31 12 43 33 9 42 30 36 19 38 38 33
18 20 2 15 25 27 28 21 6 28 3 21 26 0 11 19 15 17 40 25 23 26 30 35 33 17 25 38 34 9 22 18 9 20 26 4 23 40 31 14 28 22 38 32 9 3 11 35 23 33 20 33 14 21 35 14 23 4 19 18 20 23 17 5 13 18 20 18 16 15 18 16 16 20 42 17 34 19 17 40 35
11 19 13 20 21 16 28 27 13 23 9 14 16 11 0 22 12 21 33 18 15 19 27 26 26 21 14 30 27 20 27 12 20 14 29 15 12 29 20 23 31 25 33 31 20 11 6 24 28 28 9 23 21 21 24 15 13 9 25 27 29 27 15 7 2 17 29 16 18 16 14 27 18 9 36 23 28 9 22 33 28
17 39 18 34 15 36 11 9 25 18 17 18 38 19 22 0 33 2 31 40 20 21 17 30 26 3 26 32 28 16 8 16 18 16 7 18 29 48 40 12 9 3 26 15 23 22 16 32 42 22 22 45 32 7 44 7 34 16 38 15 17 6 10 23 24 37 14 10 35 6 36 18 4 29 32 36 25 20 5 32 29
23 7 17 11 33 19 39 35 11 35 16 26 15 15 12 33 0 31 45 11 26 30 39 37 37 31 23 41 38 24 36 24 24 26 40 19 18 30 22 29 42 36 45 42 20 12 17 32 18 40 20 22 16 32 24 26 14 17 17 33 35 37 26 10 11 5 35 27 8 27 4 31 29 15 47 15 40 20 31 44 39
17 37 16 32 17 36 13 8 23 20 15 18 37 17 21 2 31 0 33 39 20 22 19 31 28 1 26 34 30 14 7 16 16 17 9 16 29 48 40 10 11 5 28 17 21 20 15 33 40 24 21 44 30 9 44 7 34 14 36 13 15 6 10 21 23 35 12 10 33 5 34 16 3 28 34 34 27 19 3 34 31
22 52 42 53 16 34 21 40 44 13 37 19 39 40 33 31 45 33 0 45 18 14 14 11 7 34 23 8 7 44 39 22 45 20 34 43 28 41 36 43 36 33 7 18 48 41 29 18 61 9 24 42 52 24 40 27 36 36 57 46 48 36 24 38 33 50 45 23 51 28 45 49 30 31 3 55 6 24 36 2 6
27 14 27 20 37 12 46 44 22 39 25 29 7 25 18 40 11 39 45 0 28 31 43 35 38 39 21 39 37 34 45 28 34 30 47 29 16 21 13 39 49 43 47 48 31 23 24 29 26 42 22 12 27 39 15 33 8 26 26 43 45 45 33 20 16 13 45 34 17 34 7 41 36 13 47 24 41 23 40 43 38
5 34 25 35 9 20 19 28 27 11 20 2 24 23 15 20 26 20 18 28 0 4 15 12 11 21 8 15 12 30 27 5 31 3 26 27 13 30 23 29 28 23 19 20 32 24 12 13 43 14 6 29 35 14 27 13 21 19 40 32 34 26 9 21 15 31 32 10 33 14 27 35 16 15 21 38 14 6 22 18 13
8 38 28 39 7 23 17 30 30 8 23 5 27 26 19 21 30 22 14 31 4 0 12 9 7 23 11 12 8 33 29 8 34 6 27 30 16 32 26 32 29 24 16 17 35 27 15 12 47 11 10 32 38 15 30 16 24 22 43 35 37 27 12 24 19 35 34 12 37 17 31 38 19 18 17 41 10 10 25 14 9
16 46 31 45 6 35 7 26 36 4 27 14 39 30 27 17 39 19 14 43 15 12 0 17 12 20 23 17 14 32 25 15 34 13 20 32 28 44 38 29 22 19 9 5 37 32 22 23 52 5 21 44 43 10 42 16 36 26 48 32 34 22 13 31 28 44 31 12 44 16 40 35 16 30 15 46 8 20 22 15 14
17 44 37 46 15 24 24 39 39 13 32 14 29 35 26 30 37 31 11 35 12 9 17 0 5 32 14 4 4 42 38 17 43 15 35 39 19 30 25 41 37 32 16 22 44 36 24 7 54 13 17 31 47 23 29 25 27 31 51 44 46 35 21 33 26 42 43 21 44 26 36 47 28 22 14 49 10 17 34 9 5
15 45 35 46 11 27 18 35 37 8 30 12 32 33 26 26 37 28 7 38 11 7 12 5 0 29 16 6 2 39 34 15 40 13 30 37 21 35 30 38 32 28 11 17 42 34 22 12 54 8 17 36 45 19 34 22 29 29 50 41 43 31 18 31 26 42 40 18 44 23 38 44 25 24 10 48 5 17 31 7 3
18 37 15 32 18 37 14 7 23 21 15 19 37 17 21 3 31 1 34 39 21 23 20 32 29 0 27 35 31 13 7 17 15 18 9 15 29 48 40 9 11 5 29 18 20 20 16 34 39 25 22 44 29 10 44 8 34 14 35 12 14 6 11 21 23 35 11 11 33 6 34 15 4 29 35 33 28 20 2 35 32
9 30 27 32 17 12 26 34 27 19 22 9 16 25 14 26 23 26 23 21 8 11 23 14 16 27 0 18 16 32 33 10 33 10 33 29 5 22 15 33 35 29 26 28 34 25 14 10 40 22 5 21 35 21 19 19 13 21 38 37 39 32 16 21 12 28 38 17 30 20 22 38 22 8 26 36 20 6 28 22 17
20 48 40 50 17 28 24 41 42 14 35 17 33 38 30 32 41 34 8 39 15 12 17 4 6 35 18 0 4 45 40 20 46 18 36 42 23 33 29 44 38 34 14 22 47 39 27 10 58 12 21 35 50 25 32 28 31 34 55 47 49 37 24 36 30 46 46 24 48 29 40 50 31 26 11 53 9 21 37 6 3
16 45 36 47 13 27 20 37 38 10 31 13 32 34 27 28 38 30 7 37 12 8 14 4 2 31 16 4 0 41 36 16 42 14 32 38 21 34 29 40 34 30 12 19 43 35 23 11 55 9 18 35 46 21 33 24 29 30 51 43 45 33 20 32 27 43 42 20 45 25 38 46 27 24 10 49 6 18 33 6 1
25 28 7 23 28 37 27 13 14 31 11 28 36 9 20 16 24 14 44 34 30 33 32 42 39 13 32 45 41 0 14 25 2 27 20 5 32 49 40 6 20 17 41 31 8 12 18 42 29 36 27 42 18 21 44 17 32 12 25 9 11 17 21 14 22 26 12 21 24 16 27 7 15 29 45 23 38 26 12 45 42
24 42 20 37 23 43 18 1 28 26 20 25 44 22 27 8 36 7 39 45 27 29 25 38 34 7 33 40 36 14 0 23 16 24 6 19 36 55 47 8 6 6 34 22 22 25 22 40 43 30 28 50 32 15 51 14 40 19 39 8 9 3 17 26 29 40 6 17 38 12 39 13 10 35 40 37 33 26 5 40 37
1 31 20 31 9 20 18 24 23 11 15 3 24 18 12 16 24 16 22 28 5 8 15 17 15 17 10 20 16 25 23 0 26 2 23 22 13 32 24 25 25 19 21 20 27 20 8 17 39 16 6 29 31 12 28 9 21 14 36 28 30 22 6 17 13 29 28 7 30 10 25 30 12 15 24 34 16 5 18 22 17
26 27 7 21 29 37 29 15 13 32 11 29 36 9 20 18 24 16 45 34 31 34 34 43 40 15 33 46 42 2 16 26 0 28 22 5 32 49 40 8 22 19 42 33 6 12 19 43 27 37 28 42 16 23 44 18 32 12 23 11 13 19 22 14 22 25 14 22 22 18 27 8 17 29 46 21 39 27 14 46 43
3 33 22 33 7 22 16 25 25 9 17 1 26 20 14 16 26 17 20 30 3 6 13 15 13 18 10 18 14 27 24 2 28 0 23 24 15 32 25 26 25 19 19 18 29 22 10 16 41 14 8 31 33 11 29 10 23 16 38 29 31 22 6 19 15 31 29 7 32 11 27 32 13 17 22 36 14 7 19 20 15
24 46 24 41 20 43 13 7 32 22 24 24 45 26 29 7 40 9 34 47 26 27 20 35 30 9 33 36 32 20 6 23 22 23 0 23 36 55 47 14 2 4 29 17 28 29 23 39 48 25 29 52 37 12 51 14 41 23 44 14 15 3 17 30 31 44 12 17 42 13 43 19 11 36 35 41 28 27 9 35 33
22 23 2 18 27 32 29 18 9 30 7 25 31 4 15 18 19 16 43 29 27 30 32 39 37 15 29 42 38 5 19 22 5 24 23 0 27 44 35 11 25 19 40 33 5 7 15 39 24 35 24 37 14 22 39 16 27 8 20 14 16 20 20 9 17 21 17 20 19 16 22 12 16 24 44 18 37 23 14 44 39
12 25 25 28 22 7 31 36 25 24 21 14 11 23 12 29 18 29 28 16 13 16 28 19 21 29 5 23 21 32 36 13 32 15 36 27 0 19 11 35 38 32 31 33 32 23 15 14 36 27 7 16 33 25 15 21 8 21 34 39 41 35 19 19 10 23 40 20 26 22 17 39 24 3 31 32 25 8 30 27 22
31 35 43 41 39 13 48 55 40 40 39 31 15 40 29 48 30 48 41 21 30 32 44 30 35 48 22 33 34 49 55 32 49 32 55 44 19 0 9 52 57 51 46 49 48 39 34 23 47 42 26 9 46 43 6 40 17 38 47 56 58 54 38 35 27 34 58 39 38 41 27 56 43 20 44 45 40 27 49 39 35
23 27 34 33 32 4 41 47 31 34 30 24 7 31 20 40 22 40 36 13 23 26 38 25 30 40 15 29 29 40 47 24 40 25 47 35 11 9 0 43 49 43 41 43 39 30 25 19 39 37 18 6 38 36 4 32 8 29 39 47 49 46 30 26 18 26 49 31 30 33 19 47 35 11 39 37 35 19 41 34 30
25 34 12 29 27 40 23 7 20 30 15 27 40 14 23 12 29 10 43 39 29 32 29 41 38 9 33 44 40 6 8 25 8 26 14 11 35 52 43 0 14 12 38 27 14 17 20 42 35 34 28 46 24 19 47 16 36 14 31 4 6 11 20 19 25 32 6 20 30 15 32 6 13 32 44 29 37 27 7 44 41
26 48 26 43 22 45 15 7 34 24 26 26 47 28 31 9 42 11 36 49 28 29 22 37 32 11 35 38 34 20 6 25 22 25 2 25 38 57 49 14 0 6 31 19 28 31 25 41 49 27 31 54 38 14 53 16 43 25 45 14 15 5 19 32 33 46 12 19 44 15 45 19 13 38 37 43 30 29 11 37 35
20 42 20 37 17 39 12 7 28 20 20 21 41 22 25 3 36 5 33 43 23 24 19 32 28 5 29 34 30 17 6 19 19 19 4 19 32 51 43 12 6 0 28 16 24 25 19 35 43 24 25 48 33 9 47 10 37 19 39 13 15 3 13 26 27 40 12 13 38 9 39 18 7 32 34 37 27 23 5 34 31
22 52 39 53 13 38 16 35 44 10 35 19 42 38 33 26 45 28 7 47 19 16 9 16 11 29 26 14 12 41 34 21 42 19 29 40 31 46 41 38 31 28 0 12 45 40 29 23 60 5 25 47 51 19 45 24 39 34 56 41 43 31 21 38 34 50 40 20 51 25 46 44 25 34 6 54 6 25 31 9 11
21 50 32 48 11 40 4 23 38 9 29 19 44 32 31 15 42 17 18 48 20 17 5 22 17 18 28 22 19 31 22 20 33 18 17 33 33 49 43 27 19 16 12 0 38 34 25 28 54 10 26 49 45 11 47 17 41 27 50 29 31 19 16 34 32 47 28 15 46 17 44 33 17 35 18 48 13 25 20 20 19
27 22 7 15 32 35 34 21 9 35 12 30 34 9 20 23 20 21 48 31 32 35 37 44 42 20 34 47 43 8 22 27 6 29 28 5 32 48 39 14 28 24 45 38 0 9 20 44 21 40 29 41 10 27 43 21 31 13 17 17 19 25 25 13 22 21 20 25 17 21 24 13 21 29 49 15 42 28 19 49 44
19 17 5 12 27 26 30 24 3 30 5 22 25 3 11 22 12 20 41 23 24 27 32 36 34 20 25 39 35 12 25 20 12 22 29 7 23 39 30 17 31 25 40 34 9 0 12 35 20 35 20 32 11 23 33 16 22 6 16 21 23 26 19 4 13 15 23 20 13 17 16 19 18 20 44 14 36 19 20 41 36
7 24 13 23 16 21 22 22 15 19 8 10 22 11 6 16 17 15 29 24 12 15 22 24 22 16 14 27 23 18 22 8 19 10 23 15 15 34 25 20 25 19 29 25 20 12 0 24 31 24 9 29 23 15 29 9 19 7 28 24 26 21 9 9 8 22 25 10 22 10 20 25 12 14 32 26 24 8 17 29 24
17 39 37 42 19 18 29 41 37 19 32 15 23 35 24 32 32 33 18 29 13 12 23 7 12 34 10 10 11 42 40 17 43 16 39 39 14 23 19 42 41 35 23 28 44 35 24 0 50 20 15 25 45 27 22 26 21 31 48 45 47 38 22 31 22 37 45 23 40 27 31 47 29 17 21 46 17 16 35 16 12
39 12 24 8 48 36 51 42 17 51 25 42 32 23 28 42 18 40 61 26 43 47 52 54 54 39 40 58 55 29 43 39 27 41 48 24 36 47 39 35 49 43 60 54 21 20 31 50 0 55 37 38 11 43 41 36 31 26 4 38 40 44 39 22 28 13 41 40 10 37 20 34 38 33 63 6 55 37 38 60 55
17 47 34 47 8 34 12 31 39 5 30 14 38 33 28 22 40 24 9 42 14 11 5 13 8 25 22 12 9 36 30 16 37 14 25 35 27 42 37 34 27 24 5 10 40 35 24 20 55 0 20 43 46 15 41 19 35 29 51 37 39 27 16 33 29 45 36 15 46 20 41 40 21 29 10 49 3 20 27 10 9
5 27 22 29 15 14 24 29 22 17 17 7 18 20 9 22 20 21 24 22 6 10 21 17 17 22 5 21 18 27 28 6 28 8 29 24 7 26 18 28 31 25 25 26 29 20 9 15 37 20 0 23 30 18 22 14 15 16 34 32 34 27 12 16 9 25 33 13 27 15 21 33 17 9 27 32 20 1 23 24 19
28 26 36 32 38 9 47 51 32 40 33 30 7 33 23 45 22 44 42 12 29 32 44 31 36 44 21 35 35 42 50 29 42 31 52 37 16 9 6 46 54 48 47 49 41 32 29 25 38 43 23 0 38 41 3 37 10 32 38 50 52 50 35 28 21 25 52 36 29 38 18 49 40 15 45 36 41 24 45 40 36
30 14 14 7 39 35 42 31 8 42 16 33 31 14 21 32 16 30 52 27 35 38 43 47 45 29 35 50 46 18 32 31 16 33 37 14 33 46 38 24 38 33 51 45 10 11 23 45 11 46 30 38 0 34 40 27 30 17 7 27 29 34 30 14 23 14 30 31 10 28 20 23 29 30 55 5 47 30 28 52 47
13 39 21 36 8 32 7 16 26 11 18 12 35 21 21 7 32 9 24 39 14 15 10 23 19 10 21 25 21 21 15 12 23 11 12 22 25 43 36 19 14 9 19 11 27 23 15 27 43 15 18 41 34 0 40 6 32 16 39 22 24 12 6 23 23 37 21 5 35 6 35 25 6 26 25 37 18 17 12 25 22
27 29 38 35 36 8 45 51 34 38 34 28 9 35 24 44 24 44 40 15 27 30 42 29 34 44 19 32 33 44 51 28 44 29 51 39 15 6 4 47 53 47 45 47 43 33 29 22 41 41 22 3 40 40 0 36 11 33 41 51 53 49 34 29 22 28 53 35 32 37 21 51 39 15 43 39 39 23 45 38 34
10 33 15 30 11 28 13 15 20 14 11 11 30 14 15 7 26 7 27 33 13 16 16 25 22 8 19 28 24 17 14 9 18 10 14 16 21 40 32 16 16 10 24 17 21 16 9 26 36 19 14 37 27 6 36 0 27 10 32 19 21 13 4 17 17 31 19 4 29 1 29 22 3 22 28 30 21 13 9 28 25
20 19 26 25 30 5 39 41 23 32 23 22 3 23 13 34 14 34 36 8 21 24 36 27 29 34 13 31 29 32 40 21 32 23 41 27 8 17 8 36 43 37 39 41 31 22 19 21 31 35 15 10 30 32 11 27 0 22 31 40 42 40 26 18 11 18 42 27 22 28 11 39 30 6 39 29 33 16 35 35 30
14 23 6 19 21 25 23 19 9 24 1 17 25 4 9 16 17 14 36 26 19 22 26 31 29 14 21 34 30 12 19 14 12 16 23 8 21 38 29 14 25 19 34 27 13 6 7 31 26 29 16 32 17 16 33 10 22 0 22 18 20 20 13 7 11 21 20 14 19 11 20 18 12 18 38 20 30 15 14 36 31
36 12 20 6 44 36 47 38 13 47 21 38 32 19 25 38 17 36 57 26 40 43 48 51 50 35 38 55 51 25 39 36 23 38 44 20 34 47 39 31 45 39 56 50 17 16 28 48 4 51 34 38 7 39 41 32 31 22 0 34 36 40 35 19 26 13 37 36 9 33 20 30 34 31 60 2 52 34 34 57 52
29 37 16 32 30 44 25 7 23 33 19 30 44 18 27 15 33 13 46 43 32 35 32 44 41 12 37 47 43 9 8 28 11 29 14 14 39 56 47 4 14 13 41 29 17 21 24 45 38 37 32 50 27 22 51 19 40 18 34 0 2 11 23 23 29 35 3 23 33 18 36 5 16 36 47 32 40 31 10 47 44
31 39 18 34 32 46 27 8 25 35 21 32 46 20 29 17 35 15 48 45 34 37 34 46 43 14 39 49 45 11 9 30 13 31 15 16 41 58 49 6 15 15 43 31 19 23 26 47 40 39 34 52 29 24 53 21 42 20 36 2 0 12 25 25 31 37 3 25 35 20 38 6 18 38 49 34 42 33 12 49 46
23 43 21 38 20 42 15 4 29 23 21 24 43 23 27 6 37 6 36 45 26 27 22 35 31 6 32 37 33 17 3 22 19 22 3 20 35 54 46 11 5 3 31 19 25 26 21 38 44 27 27 50 34 12 49 13 40 20 40 11 12 0 16 27 29 41 9 16 39 11 40 16 9 34 37 38 30 25 6 37 34
7 33 18 32 8 26 13 18 22 11 14 7 29 17 15 10 26 10 24 33 9 12 13 21 18 11 16 24 20 21 17 6 22 6 17 20 19 38 30 20 19 13 21 16 25 19 9 22 39 16 12 35 30 6 34 4 26 13 35 23 25 16 0 18 17 31 22 1 31 5 29 26 7 20 25 33 18 11 13 24 21
16 16 7 14 25 22 30 25 6 28 6 19 21 5 7 23 10 21 38 20 21 24 31 33 31 21 21 36 32 14 26 17 14 19 30 9 19 35 26 19 32 26 38 34 13 4 9 31 22 33 16 28 14 23 29 17 18 7 19 23 25 27 18 0 9 14 25 19 13 17 13 21 19 16 41 17 33 16 21 38 33
12 18 15 20 22 14 30 29 15 24 11 15 14 13 2 24 11 23 33 16 15 19 28 26 26 23 12 30 27 22 29 13 22 15 31 17 10 27 18 25 33 27 34 32 22 13 8 22 28 29 9 21 23 23 22 17 11 11 26 29 31 29 17 9 0 16 31 18 18 18 12 29 20 7 36 24 29 9 24 33 28
28 2 20 7 38 23 44 39 12 40 20 31 19 18 17 37 5 35 50 13 31 35 44 42 42 35 28 46 43 26 40 29 25 31 44 21 23 34 26 32 46 40 50 47 21 15 22 37 13 45 25 25 14 37 28 31 18 21 13 35 37 41 31 14 16 0 38 32 4 31 7 33 33 20 52 11 45 25 35 49 44
29 40 18 35 29 45 24 5 26 32 21 30 45 20 29 14 35 12 45 45 32 34 31 43 40 11 38 46 42 12 6 28 14 29 12 17 40 58 49 6 12 12 40 28 20 23 25 45 41 36 33 52 30 21 53 19 42 20 37 3 3 9 22 25 31 38 0 22 36 17 38 8 15 38 46 35 39 31 9 46 43
8 34 19 33 7 27 12 18 23 10 15 8 30 18 16 10 27 10 23 34 10 12 12 21 18 11 17 24 20 21 17 7 22 7 17 20 20 39 31 20 19 13 20 15 25 20 10 23 40 15 13 36 31 5 35 4 27 14 36 23 25 16 1 19 18 32 22 0 32 5 30 26 7 21 24 34 17 12 13 24 21
29 5 18 3 38 27 42 37 10 41 18 32 23 16 18 35 8 33 51 17 33 37 44 44 44 33 30 48 45 24 38 30 22 32 42 19 26 38 30 30 44 38 51 46 17 13 22 40 10 46 27 29 10 35 32 29 22 19 9 33 35 39 31 13 18 4 36 32 0 30 11 30 31 23 54 7 46 27 33 51 46
11 33 15 30 12 29 13 13 20 15 12 12 31 15 16 6 27 5 28 34 14 17 16 26 23 6 20 29 25 16 12 10 18 11 13 16 22 41 33 15 15 9 25 17 21 17 10 27 37 20 15 38 28 6 37 1 28 11 33 18 20 11 5 17 18 31 17 5 30 0 30 21 2 23 29 31 22 14 8 29 26
24 8 20 14 34 16 42 38 15 36 19 27 12 18 14 36 4 34 45 7 27 31 40 36 38 34 22 40 38 27 39 25 27 27 43 22 17 27 19 32 45 39 46 44 24 16 20 31 20 41 21 18 20 35 21 29 11 20 20 36 38 40 29 13 12 7 38 30 11 30 0 34 32 14 48 18 41 21 34 44 39
30 35 14 28 33 43 29 12 21 36 18 33 43 16 27 18 31 16 49 41 35 38 35 47 44 15 38 50 46 7 13 30 8 32 19 12 39 56 47 6 19 18 44 33 13 19 25 47 34 40 33 49 23 25 51 22 39 18 30 5 6 16 26 21 29 33 8 26 30 21 34 0 19 36 50 28 43 32 13 50 47
13 35 15 31 14 31 13 11 21 17 13 14 33 16 18 4 29 3 30 36 16 19 16 28 25 4 22 31 27 15 10 12 17 13 11 16 24 43 35 13 13 7 25 17 21 18 12 29 38 21 17 40 29 6 39 3 30 12 34 16 18 9 7 19 20 33 15 7 31 2 32 19 0 25 31 32 24 16 6 31 28
14 22 22 25 24 7 33 36 22 26 18 16 9 20 9 29 15 28 31 13 15 18 30 22 24 29 8 26 24 29 35 15 29 17 36 24 3 20 11 32 38 32 34 35 29 20 14 17 33 29 9 15 30 26 15 22 6 18 31 36 38 34 20 16 7 20 38 21 23 23 14 36 25 0 34 29 28 10 31 30 25
25 55 43 55 17 37 22 41 47 14 39 22 42 42 36 32 47 34 3 47 21 17 15 14 10 35 26 11 10 45 40 24 46 22 35 44 31 44 39 44 37 34 6 18 49 44 32 21 63 10 27 45 55 25 43 28 39 38 60 47 49 37 25 41 36 52 46 24 54 29 48 50 31 34 0 58 8 27 37 5 9
33 11 18 4 42 34 45 36 11 45 19 36 30 17 23 36 15 34 55 24 38 41 46 49 48 33 36 53 49 23 37 34 21 36 41 18 32 45 37 29 43 37 54 48 15 14 26 46 6 49 32 36 5 37 39 30 29 20 2 32 34 38 33 17 24 11 35 34 7 31 18 28 32 29 58 0 50 32 32 55 50
17 47 36 47 10 32 15 34 39 7 31 14 36 34 28 25 40 27 6 41 14 10 8 10 5 28 20 9 6 38 33 16 39 14 28 37 25 40 35 37 30 27 6 13 42 36 24 17 55 3 20 41 47 18 39 21 33 30 52 40 42 30 18 33 29 45 39 17 46 22 41 43 24 28 8 50 0 20 30 7 6
4 27 21 29 14 15 23 27 22 16 16 6 19 19 9 20 20 19 24 23 6 10 20 17 17 20 6 21 18 26 26 5 27 7 27 23 8 27 19 27 29 23 25 25 28 19 8 16 37 20 1 24 30 17 23 13 16 15 34 31 33 25 11 16 9 25 31 12 27 14 21 32 16 10 27 32 20 0 22 24 19
19 37 15 32 20 37 16 5 23 23 15 20 38 17 22 5 31 3 36 40 22 25 22 34 31 2 28 37 33 12 5 18 14 19 9 14 30 49 41 7 11 5 31 20 19 20 17 35 38 27 23 45 28 12 45 9 35 14 34 10 12 6 13 21 24 35 9 13 33 8 34 13 6 31 37 32 30 22 0 37 34
22 51 42 53 17 33 22 41 44 14 37 19 38 40 33 32 44 34 2 43 18 14 15 9 7 35 22 6 6 45 40 22 46 20 35 44 27 39 34 44 37 34 9 20 49 41 29 16 60 10 24 40 52 25 38 28 35 36 57 47 49 37 24 38 33 49 46 24 51 29 44 50 31 30 5 55 7 24 37 0 5
17 46 37 48 14 28 21 38 39 11 32 14 33 35 28 29 39 31 6 38 13 9 14 5 3 32 17 3 1 42 37 17 43 15 33 39 22 35 30 41 35 31 11 19 44 36 24 12 55 9 19 36 47 22 34 25 30 31 52 44 46 34 21 33 28 44 43 21 46 26 39 47 28 25 9 50 6 19 34 5 0
0         883      
257       409      
81        217      
310       462      
3         141      
185       334      
429       585      
34        172      
88        254      
461       585      
168       293      
0         84       
211       374      
101       250      
166       280      
43        169      
247       418      
20        143      
0         97       
237       395      
0         74       
0         87       
0         119      
468       619      
0         68       
426       563      
141       295      
543       673      
477       605      
80        198      
580       701      
138       286      
60        238      
15        131      
42        176      
85        231      
203       343      
639       771      
209       345      
44        190      
406       546      
32        177      
0         110      
511       647      
324       455      
108       236      
132       255      
451       609      
681       844      
0         107      
151       289      
215       352      
309       444      
401       547      
232       391      
1         149      
201       321      
101       259      
359       481      
383       525      
58        200      
38        178      
11        150      
94        255      
192       312      
271       390      
30        192      
3         158      
292       398      
24        147      
294       440      
65        203      
379       544      
191       338      
0         100      
295       448      
0         98       
128       286      
370       545      
480       642      
598       749      
