81
0 7 27 26 13 4 12 2 33 21 23 31 29 19 25 15 24 10 18 17 15 16 15 31 15 27 19 22 28 31 23 11 9 18 9 24 21 13 9 20 30 26 20 23 14 28 16 14 31 19 18 14 11 8 15 27 5 31 36 12 14 23 20 10 27 11 19 31 29 28 23 27 19 10 25 24 20 33 29 14 26
7 0 20 27 19 9 16 7 27 22 22 25 22 19 26 9 24 17 25 24 11 11 18 26 16 20 14 29 26 24 25 13 2 20 11 17 17 18 15 27 23 19 13 29 9 31 19 13 24 16 25 20 5 15 22 20 11 25 29 5 21 30 18 9 21 7 15 24 23 29 26 26 18 9 22 21 22 28 23 7 20
27 20 0 39 38 28 34 27 16 36 31 16 7 32 40 17 33 37 45 44 19 19 34 26 31 10 20 49 32 9 39 28 18 35 29 12 21 37 34 47 12 1 7 47 18 45 34 24 11 25 45 40 18 35 42 1 31 13 11 17 41 50 25 25 16 21 19 5 13 42 42 35 30 23 27 27 33 30 13 16 19
26 27 39 0 20 30 16 28 31 5 49 29 35 8 3 36 50 31 25 27 21 38 41 53 11 31 41 38 53 36 5 37 28 9 17 42 18 17 34 36 48 38 33 47 36 8 42 40 34 14 34 36 32 28 35 40 29 32 42 32 35 40 45 18 26 21 20 44 30 3 8 5 10 35 49 48 46 55 30 34 47
13 19 38 20 0 15 5 14 38 15 35 35 37 15 17 28 35 11 7 8 20 29 23 43 11 33 32 18 41 38 15 22 21 11 9 36 23 3 15 16 42 37 31 27 27 17 23 26 37 19 14 16 23 8 15 39 12 37 44 24 15 20 32 13 31 17 23 43 35 21 12 22 15 22 37 36 29 45 35 26 39
4 9 28 30 15 0 15 2 36 25 19 34 31 23 28 14 20 10 19 18 18 15 11 28 19 29 18 21 25 33 27 7 11 22 13 23 24 16 6 20 29 27 22 20 13 31 12 11 33 23 18 12 10 9 14 28 4 34 38 11 13 22 17 14 30 14 22 31 32 32 26 31 23 8 22 21 16 30 32 13 25
12 16 34 16 5 15 0 14 32 11 34 30 32 10 13 25 35 15 12 13 15 27 25 42 6 28 30 23 40 33 12 22 17 7 5 32 18 3 18 21 38 33 27 31 25 16 26 26 32 14 19 20 21 12 19 35 13 32 39 21 19 25 32 9 26 13 18 39 30 17 11 18 10 22 37 36 31 44 30 23 36
2 7 27 28 14 2 14 0 34 23 21 32 29 21 27 14 22 10 19 18 16 15 13 29 17 27 18 22 26 31 25 9 9 20 11 23 22 15 8 20 29 26 20 22 13 30 14 12 31 21 18 13 10 9 14 27 4 32 36 11 14 22 18 12 28 12 20 31 30 30 25 29 21 8 23 22 18 31 30 13 25
33 27 16 31 38 36 32 34 0 29 46 2 9 26 33 30 48 43 44 45 18 33 45 42 27 8 35 55 48 7 33 39 25 30 28 28 14 35 42 53 28 16 17 56 31 39 46 37 5 19 50 47 28 40 48 17 38 3 12 28 47 56 40 25 6 22 14 19 4 34 36 26 24 34 43 43 46 46 4 28 35
21 22 36 5 15 25 11 23 29 0 44 27 33 4 4 31 45 26 21 23 17 33 36 48 6 29 36 33 48 34 4 32 23 4 12 38 16 12 29 31 44 35 29 42 31 10 37 35 32 11 29 31 27 23 30 37 24 30 40 27 30 35 40 13 24 17 17 41 28 7 7 7 6 30 44 43 41 50 28 29 42
23 22 31 49 35 19 34 21 46 44 0 45 37 41 47 16 2 26 36 34 33 13 13 13 38 38 11 34 6 39 46 12 23 41 32 19 39 35 20 33 23 30 29 24 15 50 13 9 41 38 32 24 19 27 27 30 22 43 41 19 26 34 6 31 42 29 37 31 42 51 45 48 40 13 6 5 7 14 42 18 15
31 25 16 29 35 34 30 32 2 27 45 0 9 24 31 29 47 41 42 43 16 32 43 41 25 7 34 52 47 8 31 37 23 28 26 27 12 33 40 50 28 16 16 54 30 37 44 36 5 17 48 45 26 38 46 17 36 3 13 26 45 54 39 22 4 20 12 20 3 32 34 24 22 32 42 42 45 45 3 27 34
29 22 7 35 37 31 32 29 9 33 37 9 0 29 37 22 39 39 44 45 17 25 39 33 29 4 26 51 39 2 37 32 20 33 28 19 17 35 37 49 19 7 9 51 23 43 39 29 4 22 47 42 21 37 43 8 33 6 7 21 43 51 31 24 10 20 16 11 7 38 40 31 27 27 34 34 38 37 7 21 26
19 19 32 8 15 23 10 21 26 4 41 24 29 0 8 28 43 25 22 23 13 30 34 45 4 25 33 33 45 30 8 30 20 5 10 34 12 12 28 31 40 31 25 41 28 14 35 32 28 7 29 30 24 22 29 33 23 26 36 24 29 35 37 10 20 13 13 37 24 11 11 8 2 27 41 40 39 47 24 26 39
25 26 40 3 17 28 13 27 33 4 47 31 37 8 0 35 48 28 22 24 21 37 38 52 10 33 40 35 52 38 2 35 27 7 16 42 20 14 31 33 48 39 33 44 35 6 39 39 36 15 31 33 31 25 32 41 26 34 44 31 32 37 44 17 28 21 21 45 32 4 5 8 10 34 48 47 44 54 32 33 46
15 9 17 36 28 14 25 14 30 31 16 29 22 28 35 0 18 24 33 32 18 3 17 17 25 22 6 34 18 24 34 11 9 29 20 9 24 27 18 33 15 17 13 30 1 40 17 7 25 25 32 24 5 23 27 17 18 27 28 4 26 34 10 18 26 16 21 20 26 38 35 35 27 6 14 13 16 20 26 2 12
24 24 33 50 35 20 35 22 48 45 2 47 39 43 48 18 0 26 36 34 35 15 12 15 39 40 13 32 8 41 47 13 25 42 33 21 41 36 19 32 25 32 31 22 17 51 11 11 43 40 31 23 21 26 26 32 23 45 43 21 25 32 8 32 44 31 39 33 44 52 46 50 41 15 8 7 5 16 44 20 17
10 17 37 31 11 10 15 10 43 26 26 41 39 25 28 24 26 0 10 8 25 25 13 37 21 37 28 12 32 41 26 15 19 22 16 33 29 14 6 10 39 36 30 16 23 28 14 20 41 27 8 5 20 3 5 37 6 41 46 21 4 13 26 18 37 21 28 41 39 32 23 33 25 18 31 30 20 39 39 23 35
18 25 45 25 7 19 12 19 44 21 36 42 44 22 22 33 36 10 0 2 27 34 23 47 18 40 37 13 42 45 20 25 27 18 16 42 30 10 16 11 48 44 38 23 32 21 24 30 44 26 9 14 29 10 11 45 15 44 51 30 12 15 36 20 38 24 30 49 42 26 17 28 22 27 41 40 30 49 42 32 44
17 24 44 27 8 18 13 18 45 23 34 43 45 23 24 32 34 8 2 0 28 33 21 45 19 41 36 11 40 46 22 23 26 19 17 41 31 11 14 9 47 43 37 21 31 23 22 28 45 27 7 12 28 9 9 44 14 45 52 29 10 13 34 21 39 25 31 48 43 28 19 30 23 26 39 38 28 47 43 31 43
15 11 19 21 20 18 15 16 18 17 33 16 17 13 21 18 35 25 27 28 0 21 29 35 12 13 24 36 36 18 20 24 10 16 11 22 6 18 24 34 27 18 12 38 18 26 30 24 17 7 32 29 14 22 30 20 20 17 24 14 29 38 27 7 12 4 4 24 15 24 23 18 11 20 31 31 33 38 15 16 29
16 11 19 38 29 15 27 15 33 33 13 32 25 30 37 3 15 25 34 33 21 0 16 14 27 25 3 35 15 27 36 10 11 31 22 9 27 29 19 34 14 19 16 29 2 42 16 6 28 27 33 25 7 24 28 19 19 30 30 6 27 35 7 20 29 18 24 21 29 40 37 37 29 7 11 10 15 17 29 5 10
15 18 34 41 23 11 25 13 45 36 13 43 39 34 38 17 12 13 23 21 29 16 0 26 30 38 18 21 19 41 37 6 20 32 24 25 35 25 7 20 30 34 29 13 16 40 1 10 41 34 19 11 17 14 14 34 12 43 45 17 13 21 15 25 39 25 33 37 41 42 35 42 34 11 19 18 7 27 41 18 25
31 26 26 53 43 28 42 29 42 48 13 41 33 45 52 17 15 37 47 45 35 14 26 0 41 34 11 47 9 35 50 22 25 45 36 14 40 43 31 46 14 26 26 37 16 56 26 17 37 41 45 37 21 37 40 25 32 39 36 20 39 47 11 34 39 32 38 24 38 54 51 51 43 21 7 8 20 4 38 19 7
15 16 31 11 11 19 6 17 27 6 38 25 29 4 10 25 39 21 18 19 12 27 30 41 0 25 30 29 42 30 9 26 17 4 6 32 13 9 24 27 38 30 24 37 25 15 31 29 28 8 25 26 21 18 25 32 19 27 36 21 25 31 34 7 21 11 13 36 25 13 11 12 4 24 38 37 35 44 25 23 36
27 20 10 31 33 29 28 27 8 29 38 7 4 25 33 22 40 37 40 41 13 25 38 34 25 0 27 49 40 5 33 31 18 29 24 20 13 31 35 47 22 9 9 49 23 39 38 29 4 18 45 40 21 35 41 11 31 5 11 20 41 49 32 20 6 17 12 14 4 34 36 27 23 26 35 35 38 38 4 20 27
19 14 20 41 32 18 30 18 35 36 11 34 26 33 40 6 13 28 37 36 24 3 18 11 30 27 0 38 13 28 39 13 14 34 25 8 30 32 22 37 13 19 18 30 5 45 18 8 30 30 36 28 10 27 31 19 22 32 30 9 30 38 5 23 31 21 27 20 31 43 40 40 32 10 8 8 15 14 31 8 7
22 29 49 38 18 21 23 22 55 33 34 52 51 33 35 34 32 12 13 11 36 35 21 47 29 49 38 0 40 53 33 25 31 29 26 43 40 21 16 2 49 48 42 13 33 34 21 30 53 37 4 10 31 14 7 49 17 53 58 32 8 2 36 29 48 32 39 52 51 39 30 40 33 28 40 39 27 48 51 34 45
28 26 32 53 41 25 40 26 48 48 6 47 39 45 52 18 8 32 42 40 36 15 19 9 42 40 13 40 0 41 51 18 26 46 37 20 42 41 26 39 21 32 31 30 17 56 19 14 43 42 38 30 22 33 33 31 28 45 42 21 32 40 8 35 44 33 39 30 44 55 51 52 44 18 5 5 13 8 44 20 13
31 24 9 36 38 33 33 31 7 34 39 8 2 30 38 24 41 41 45 46 18 27 41 35 30 5 28 53 41 0 38 34 22 34 29 21 18 36 39 51 21 9 11 53 25 44 41 31 2 23 49 44 23 39 45 10 35 4 6 23 45 53 33 25 10 22 17 12 6 39 41 31 28 29 36 36 40 39 6 23 28
23 25 39 5 15 27 12 25 33 4 46 31 37 8 2 34 47 26 20 22 20 36 37 50 9 33 39 33 51 38 0 34 26 5 14 41 20 12 30 31 47 38 32 42 34 6 38 37 36 15 29 31 30 23 30 40 25 34 44 30 30 35 43 16 28 20 21 44 32 6 4 9 10 33 47 46 43 53 32 32 45
11 13 28 37 22 7 22 9 39 32 12 37 32 30 35 11 13 15 25 23 24 10 6 22 26 31 13 25 18 34 34 0 14 29 20 19 30 23 9 24 24 28 23 19 10 38 7 5 35 29 23 15 11 15 18 28 10 36 39 11 17 25 11 20 33 20 28 31 35 39 33 38 29 5 16 15 9 24 35 12 20
9 2 18 28 21 11 17 9 25 23 23 23 20 20 27 9 25 19 27 26 10 11 20 25 17 18 14 31 26 22 26 14 0 21 13 15 16 20 17 29 21 17 11 31 9 32 21 14 22 16 27 22 4 17 23 18 13 23 27 5 23 31 18 10 19 7 14 22 21 30 28 27 19 10 22 21 23 28 21 7 20
18 20 35 9 11 22 7 20 30 4 41 28 33 5 7 29 42 22 18 19 16 31 32 45 4 29 34 29 46 34 5 29 21 0 9 36 16 8 25 27 42 34 28 38 29 11 33 32 32 11 25 27 25 19 26 36 20 30 40 25 26 31 38 11 24 15 17 40 28 11 7 11 6 28 42 41 38 48 28 27 40
9 11 29 17 9 13 5 11 28 12 32 26 28 10 16 20 33 16 16 17 11 22 24 36 6 24 25 26 37 29 14 20 13 9 0 28 14 8 18 24 34 28 22 31 20 20 25 23 28 11 22 20 16 13 21 30 13 28 35 16 20 28 29 4 22 8 14 34 26 19 15 18 10 19 33 32 29 39 26 18 31
24 17 12 42 36 23 32 23 28 38 19 27 19 34 42 9 21 33 42 41 22 9 25 14 32 20 8 43 20 21 41 19 15 36 28 0 26 35 27 42 6 12 12 38 10 47 25 15 23 29 41 33 13 32 36 11 27 25 22 12 35 43 13 25 25 21 24 12 24 45 43 40 33 15 15 15 23 18 24 10 7
21 17 21 18 23 24 18 22 14 16 39 12 17 12 20 24 41 29 30 31 6 27 35 40 13 13 30 40 42 18 20 30 16 16 14 26 0 21 30 38 30 20 15 44 24 26 36 30 16 5 36 34 20 26 34 22 25 14 24 20 33 42 33 11 8 10 2 26 12 21 23 14 10 26 37 37 39 44 12 21 33
13 18 37 17 3 16 3 15 35 12 35 33 35 12 14 27 36 14 10 11 18 29 25 43 9 31 32 21 41 36 12 23 20 8 8 35 21 0 18 19 41 36 30 30 27 15 26 27 35 17 17 19 23 11 18 38 14 35 42 23 18 23 33 12 29 16 21 42 33 18 10 19 13 23 38 37 32 46 33 25 38
9 15 34 34 15 6 18 8 42 29 20 40 37 28 31 18 19 6 16 14 24 19 7 31 24 35 22 16 26 39 30 9 17 25 18 27 30 18 0 15 33 33 28 14 17 32 8 14 39 28 14 6 16 7 9 34 5 40 44 17 8 16 20 19 36 20 28 37 38 35 27 36 28 12 25 24 14 33 38 18 29
20 27 47 36 16 20 21 20 53 31 33 50 49 31 33 33 32 10 11 9 34 34 20 46 27 47 37 2 39 51 31 24 29 27 24 42 38 19 15 0 48 46 40 14 32 32 20 29 51 35 2 9 30 12 6 47 16 51 56 31 7 4 35 27 46 30 37 51 49 37 28 38 31 27 39 38 26 47 49 33 44
30 23 12 48 42 29 38 29 28 44 23 28 19 40 48 15 25 39 48 47 27 14 30 14 38 22 13 49 21 21 47 24 21 42 34 6 30 41 33 48 0 13 15 43 16 53 30 20 23 34 47 39 19 38 42 11 33 25 22 18 41 49 17 31 28 27 28 10 25 51 49 44 38 21 17 18 27 18 25 16 8
26 19 1 38 37 27 33 26 16 35 30 16 7 31 39 17 32 36 44 43 18 19 34 26 30 9 19 48 32 9 38 28 17 34 28 12 20 36 33 46 13 0 6 46 18 44 34 24 11 24 44 39 17 34 40 2 30 13 11 17 40 48 24 24 15 20 18 6 13 41 41 34 29 23 27 27 33 30 13 16 19
20 13 7 33 31 22 27 20 17 29 29 16 9 25 33 13 31 30 38 37 12 16 29 26 24 9 18 42 31 11 32 23 11 28 22 12 15 30 28 40 15 6 0 41 14 38 30 20 12 19 38 33 12 28 34 8 24 14 16 12 34 42 23 18 13 14 13 12 13 36 35 29 23 18 26 26 29 30 13 12 19
23 29 47 47 27 20 31 22 56 42 24 54 51 41 44 30 22 16 23 21 38 29 13 37 37 49 30 13 30 53 42 19 31 38 31 38 44 30 14 14 43 46 41 0 28 43 12 22 53 41 15 11 29 19 12 47 18 54 57 30 12 12 27 32 50 34 42 49 52 48 39 49 41 24 30 29 17 38 52 31 37
14 9 18 36 27 13 25 13 31 31 15 30 23 28 35 1 17 23 32 31 18 2 16 16 25 23 5 33 17 25 34 10 9 29 20 10 24 27 17 32 16 18 14 28 0 40 16 6 26 25 31 23 5 22 26 18 17 28 29 4 25 33 9 18 27 16 22 21 27 38 35 35 27 5 13 12 15 19 27 3 12
28 31 45 8 17 31 16 30 39 10 50 37 43 14 6 40 51 28 21 23 26 42 40 56 15 39 45 34 56 44 6 38 32 11 20 47 26 15 32 32 53 44 38 43 40 0 40 42 42 21 30 33 36 25 31 46 29 40 50 36 32 36 48 22 34 26 27 50 38 7 5 13 16 38 53 52 46 59 38 38 51
16 19 34 42 23 12 26 14 46 37 13 44 39 35 39 17 11 14 24 22 30 16 1 26 31 38 18 21 19 41 38 7 21 33 25 25 36 26 8 20 30 34 30 12 16 40 0 10 42 35 20 12 18 15 15 34 13 43 45 18 14 21 15 26 40 26 34 37 42 43 35 43 35 12 19 18 6 27 42 19 25
14 13 24 40 26 11 26 12 37 35 9 36 29 32 39 7 11 20 30 28 24 6 10 17 29 29 8 30 14 31 37 5 14 32 23 15 30 27 14 29 20 24 20 22 6 42 10 0 32 29 28 20 10 20 23 24 15 34 35 10 22 30 6 21 33 20 28 27 33 42 37 39 30 4 11 10 9 19 33 9 15
31 24 11 34 37 33 32 31 5 32 41 5 4 28 36 25 43 41 44 45 17 28 41 37 28 4 30 53 43 2 36 35 22 32 28 23 16 35 39 51 23 11 12 53 26 42 42 32 0 21 49 44 24 39 45 12 35 2 8 24 45 53 35 24 8 21 15 14 4 37 39 29 26 30 38 38 41 41 4 24 30
19 16 25 14 19 23 14 21 19 11 38 17 22 7 15 25 40 27 26 27 7 27 34 41 8 18 30 37 42 23 15 29 16 11 11 29 5 17 28 35 34 24 19 41 25 21 35 29 21 0 33 31 20 24 32 26 23 19 29 21 31 39 34 9 13 9 6 30 17 17 18 11 5 25 38 37 38 44 17 23 36
18 25 45 34 14 18 19 18 50 29 32 48 47 29 31 32 31 8 9 7 32 33 19 45 25 45 36 4 38 49 29 23 27 25 22 41 36 17 14 2 47 44 38 15 31 30 20 28 49 33 0 8 28 10 5 45 14 49 54 29 6 6 34 25 44 28 35 49 47 35 26 36 29 26 38 37 26 46 47 31 43
14 20 40 36 16 12 20 13 47 31 24 45 42 30 33 24 23 5 14 12 29 25 11 37 26 40 28 10 30 44 31 15 22 27 20 33 34 19 6 9 39 39 33 11 23 33 12 20 44 31 8 0 22 8 3 40 9 45 49 23 2 10 26 23 41 25 33 43 43 37 28 38 30 18 30 29 18 38 43 24 35
11 5 18 32 23 10 21 10 28 27 19 26 21 24 31 5 21 20 29 28 14 7 17 21 21 21 10 31 22 23 30 11 4 25 16 13 20 23 16 30 19 17 12 29 5 36 18 10 24 20 28 22 0 19 24 18 14 26 28 1 23 32 14 14 23 11 18 21 24 34 31 31 23 6 18 17 19 24 24 3 16
8 15 35 28 8 9 12 9 40 23 27 38 37 22 25 23 26 3 10 9 22 24 14 37 18 35 27 14 33 39 23 15 17 19 13 32 26 11 7 12 38 34 28 19 22 25 15 20 39 24 10 8 19 0 8 35 5 39 44 20 7 16 26 15 34 18 25 39 37 29 20 30 22 17 31 30 21 39 37 22 34
15 22 42 35 15 14 19 14 48 30 27 46 43 29 32 27 26 5 11 9 30 28 14 40 25 41 31 7 33 45 30 18 23 26 21 36 34 18 9 6 42 40 34 12 26 31 15 23 45 32 5 3 24 8 0 41 10 46 50 25 1 8 29 23 42 26 33 45 44 36 27 37 29 21 33 32 21 41 44 27 38
27 20 1 40 39 28 35 27 17 37 30 17 8 33 41 17 32 37 45 44 20 19 34 25 32 11 19 49 31 10 40 28 18 36 30 11 22 38 34 47 11 2 8 47 18 46 34 24 12 26 45 40 18 35 41 0 31 14 11 18 41 49 24 26 17 22 20 4 14 43 43 36 31 23 26 26 33 29 14 17 18
5 11 31 29 12 4 13 4 38 24 22 36 33 23 26 18 23 6 15 14 20 19 12 32 19 31 22 17 28 35 25 10 13 20 13 27 25 14 5 16 33 30 24 18 17 29 13 15 35 23 14 9 14 5 10 31 0 36 40 15 10 18 21 14 32 16 24 35 34 30 24 31 23 12 26 25 18 34 34 17 29
31 25 13 32 37 34 32 32 3 30 43 3 6 26 34 27 45 41 44 45 17 30 43 39 27 5 32 53 45 4 34 36 23 30 28 25 14 35 40 51 25 13 14 54 28 40 43 34 2 19 49 45 26 39 46 14 36 0 10 25 45 54 37 24 6 21 14 16 2 35 37 27 24 31 40 40 43 43 2 25 32
36 29 11 42 44 38 39 36 12 40 41 13 7 36 44 28 43 46 51 52 24 30 45 36 36 11 30 58 42 6 44 39 27 40 35 22 24 42 44 56 22 11 16 57 29 50 45 35 8 29 54 49 28 44 50 11 40 10 0 28 50 58 35 31 16 27 23 12 12 45 47 37 34 34 37 37 44 40 12 27 29
12 5 17 32 24 11 21 11 28 27 19 26 21 24 31 4 21 21 30 29 14 6 17 20 21 20 9 32 21 23 30 11 5 25 16 12 20 23 17 31 18 17 12 30 4 36 18 10 24 21 29 23 1 20 25 18 15 25 28 0 24 33 13 14 23 12 18 21 24 34 31 31 23 6 17 16 19 23 24 2 15
14 21 41 35 15 13 19 14 47 30 26 45 43 29 32 26 25 4 12 10 29 27 13 39 25 41 30 8 32 45 30 17 23 26 20 35 33 18 8 7 41 40 34 12 25 32 14 22 45 31 6 2 23 7 1 41 10 45 50 24 0 9 28 22 41 25 32 44 43 36 27 37 29 20 32 31 20 40 43 26 37
23 30 50 40 20 22 25 22 56 35 34 54 51 35 37 34 32 13 15 13 38 35 21 47 31 49 38 2 40 53 35 25 31 31 28 43 42 23 16 4 49 48 42 12 33 36 21 30 53 39 6 10 32 16 8 49 18 54 58 33 9 0 36 31 50 34 41 53 52 41 32 42 35 28 40 39 27 48 52 34 45
20 18 25 45 32 17 32 18 40 40 6 39 31 37 44 10 8 26 36 34 27 7 15 11 34 32 5 36 8 33 43 11 18 38 29 13 33 33 20 35 17 24 23 27 9 48 15 6 35 34 34 26 14 26 29 24 21 37 35 13 28 36 0 27 36 25 31 25 36 47 43 44 36 10 5 4 10 13 36 12 10
10 9 25 18 13 14 9 12 25 13 31 22 24 10 17 18 32 18 20 21 7 20 25 34 7 20 23 29 35 25 16 20 10 11 4 25 11 12 19 27 31 24 18 32 18 22 26 21 24 9 25 23 14 15 23 26 14 24 31 14 22 31 27 0 18 4 10 30 22 20 18 17 9 17 31 30 29 37 22 16 29
27 21 16 26 31 30 26 28 6 24 42 4 10 20 28 26 44 37 38 39 12 29 39 39 21 6 31 48 44 10 28 33 19 24 22 25 8 29 36 46 28 15 13 50 27 34 40 33 8 13 44 41 23 34 42 17 32 6 16 23 41 50 36 18 0 16 8 20 4 29 31 21 18 29 39 39 42 43 4 24 32
11 7 21 21 17 14 13 12 22 17 29 20 20 13 21 16 31 21 24 25 4 18 25 32 11 17 21 32 33 22 20 20 7 15 8 21 10 16 20 30 27 20 14 34 16 26 26 20 21 9 28 25 11 18 26 22 16 21 27 12 25 34 25 4 16 0 8 26 19 24 22 20 12 16 29 28 29 35 19 14 27
19 15 19 20 23 22 18 20 14 17 37 12 16 13 21 21 39 28 30 31 4 24 33 38 13 12 27 39 39 17 21 28 14 17 14 24 2 21 28 37 28 18 13 42 22 27 34 28 15 6 35 33 18 25 33 20 24 14 23 18 32 41 31 10 8 8 0 24 12 23 24 16 11 24 35 34 37 41 12 19 31
31 24 5 44 43 31 39 31 19 41 31 20 11 37 45 20 33 41 49 48 24 21 37 24 36 14 20 52 30 12 44 31 22 40 34 12 26 42 37 51 10 6 12 49 21 50 37 27 14 30 49 43 21 39 45 4 35 16 12 21 44 53 25 30 20 26 24 0 18 47 47 40 35 26 26 27 35 28 18 19 17
29 23 13 30 35 32 30 30 4 28 42 3 7 24 32 26 44 39 42 43 15 29 41 38 25 4 31 51 44 6 32 35 21 28 26 24 12 33 38 49 25 13 13 52 27 38 42 33 4 17 47 43 24 37 44 14 34 2 12 24 43 52 36 22 4 19 12 18 0 33 35 25 22 30 39 39 42 42 0 24 31
28 29 42 3 21 32 17 30 34 7 51 32 38 11 4 38 52 32 26 28 24 40 42 54 13 34 43 39 55 39 6 39 30 11 19 45 21 18 35 37 51 41 36 48 38 7 43 42 37 17 35 37 34 29 36 43 30 35 45 34 36 41 47 20 29 24 23 47 33 0 9 8 13 37 51 50 48 57 33 36 49
23 26 42 8 12 26 11 25 36 7 45 34 40 11 5 35 46 23 17 19 23 37 35 51 11 36 40 30 51 41 4 33 28 7 15 43 23 10 27 28 49 41 35 39 35 5 35 37 39 18 26 28 31 20 27 43 24 37 47 31 27 32 43 18 31 22 24 47 35 9 0 13 13 33 48 47 41 54 35 33 46
27 26 35 5 22 31 18 29 26 7 48 24 31 8 8 35 50 33 28 30 18 37 42 51 12 27 40 40 52 31 9 38 27 11 18 40 14 19 36 38 44 34 29 49 35 13 43 39 29 11 36 38 31 30 37 36 31 27 37 31 37 42 44 17 21 20 16 40 25 8 13 0 8 34 48 47 46 54 25 33 46
19 18 30 10 15 23 10 21 24 6 40 22 27 2 10 27 41 25 22 23 11 29 34 43 4 23 32 33 44 28 10 29 19 6 10 33 10 13 28 31 38 29 23 41 27 16 35 30 26 5 29 30 23 22 29 31 23 24 34 23 29 35 36 9 18 12 11 35 22 13 13 8 0 26 40 39 38 46 22 25 38
10 9 23 35 22 8 22 8 34 30 13 32 27 27 34 6 15 18 27 26 20 7 11 21 24 26 10 28 18 29 33 5 10 28 19 15 26 23 12 27 21 23 18 24 5 38 12 4 30 25 26 18 6 17 21 23 12 31 34 6 20 28 10 17 29 16 24 26 30 37 33 34 26 0 15 14 13 23 30 7 17
25 22 27 49 37 22 37 23 43 44 6 42 34 41 48 14 8 31 41 39 31 11 19 7 38 35 8 40 5 36 47 16 22 42 33 15 37 38 25 39 17 27 26 30 13 53 19 11 38 38 38 30 18 31 33 26 26 40 37 17 32 40 5 31 39 29 35 26 39 51 48 48 40 15 0 1 13 8 39 16 9
24 21 27 48 36 21 36 22 43 43 5 42 34 40 47 13 7 30 40 38 31 10 18 8 37 35 8 39 5 36 46 15 21 41 32 15 37 37 24 38 18 27 26 29 12 52 18 10 38 37 37 29 17 30 32 26 25 40 37 16 31 39 4 30 39 28 34 27 39 50 47 47 39 14 1 0 12 9 39 15 10
20 22 33 46 29 16 31 18 46 41 7 45 38 39 44 16 5 20 30 28 33 15 7 20 35 38 15 27 13 40 43 9 23 38 29 23 39 32 14 26 27 33 29 17 15 46 6 9 41 38 26 18 19 21 21 33 18 43 44 19 20 27 10 29 42 29 37 35 42 48 41 46 38 13 13 12 0 21 42 18 20
33 28 30 55 45 30 44 31 46 50 14 45 37 47 54 20 16 39 49 47 38 17 27 4 44 38 14 48 8 39 53 24 28 48 39 18 44 46 33 47 18 30 30 38 19 59 27 19 41 44 46 38 24 39 41 29 34 43 40 23 40 48 13 37 43 35 41 28 42 57 54 54 46 23 8 9 21 0 42 22 11
29 23 13 30 35 32 30 30 4 28 42 3 7 24 32 26 44 39 42 43 15 29 41 38 25 4 31 51 44 6 32 35 21 28 26 24 12 33 38 49 25 13 13 52 27 38 42 33 4 17 47 43 24 37 44 14 34 2 12 24 43 52 36 22 4 19 12 18 0 33 35 25 22 30 39 39 42 42 0 24 31
14 7 16 34 26 13 23 13 28 29 18 27 21 26 33 2 20 23 32 31 16 5 18 19 23 20 8 34 20 23 32 12 7 27 18 10 21 25 18 33 16 16 12 31 3 38 19 9 24 23 31 24 3 22 27 17 17 25 27 2 26 34 12 16 24 14 19 19 24 36 33 33 25 7 16 15 18 22 24 0 13
26 20 19 47 39 25 36 25 35 42 15 34 26 39 46 12 17 35 44 43 29 10 25 7 36 27 7 45 13 28 45 20 20 40 31 7 33 38 29 44 8 19 19 37 12 51 25 15 30 36 43 35 16 34 38 18 29 32 29 15 37 45 10 29 32 27 31 17 31 49 46 46 38 17 9 10 20 11 31 13 0
0         824      
255       380      
463       632      
40        199      
5         143      
0         62       
4         133      
266       389      
165       286      
53        164      
304       424      
600       746      
149       303      
43        183      
30        176      
218       375      
327       451      
0         109      
423       573      
13        124      
134       254      
203       356      
648       809      
522       653      
38        146      
154       295      
289       428      
0         122      
301       439      
139       305      
30        172      
353       490      
212       368      
43        160      
13        158      
199       348      
106       257      
399       555      
0         80       
397       510      
473       625      
209       344      
199       329      
357       518      
264       415      
52        212      
347       450      
282       419      
127       284      
110       262      
0         113      
0         86       
223       369      
0         141      
0         129      
194       346      
0         62       
118       270      
185       305      
236       374      
0         94       
0         103      
288       424      
422       562      
150       269      
466       586      
114       269      
535       663      
128       289      
43        221      
83        192      
105       236      
64        217      
272       404      
312       437      
284       436      
357       502      
563       703      
156       286      
213       345      
649       782      
